002572	216931.0
002475	171686.57
002035	165999.87
600056	161742.59
000651	151924.21
300136	144851.52
002415	140500.84
300197	140300.54
002310	139661.2
002217	136810.91
002508	132859.13
000333	115776.39
600519	114646.03
300145	106277.98
300296	103402.47
000963	99871.45
002127	91805.62
000568	89641.9
002236	86412.32
600887	84081.83
002271	79942.49
002450	76603.34
600522	75311.03
300355	73397.59
002043	71947.23
600340	71887.87
000858	66176.54
000423	66123.94
002456	64587.44
002311	61508.15
002640	56343.34
600867	53135.4
000418	51952.28
600196	50626.42
002511	50347.24
002138	48361.97
600660	43042.94
002120	36406.36
600068	35585.0
002008	35137.51
600309	32793.34
000967	32730.6
000538	29233.68
600622	29038.77
600674	27350.05
600585	26229.54
002502	25970.24
600019	25963.43
002664	25854.65
600426	25831.28
001979	25772.38
300049	25246.66
603818	25034.87
600566	24891.65
600557	24195.95
600584	24124.24
000400	22847.61
600884	22307.49
600104	21598.37
603111	21412.03
300285	21325.98
002192	20628.64
600029	20149.92
000089	19638.26
300070	19513.85
600201	19500.8
300144	19320.62
300408	19068.06
002614	19034.51
600007	18672.1
600009	18587.72
002303	18241.0
601111	18238.0
600109	18220.97
002050	17889.45
600993	17648.26
601988	17373.54
600741	16901.31
002032	16749.91
600036	16649.99
600690	16524.85
000049	15967.55
002241	15773.69
601009	15618.79
002466	15003.05
601328	14952.0
603899	14932.7
603778	14915.62
600258	14627.15
600900	14054.39
000910	14039.8
300115	13712.43
601186	12859.98
002179	12412.59
603366	12368.04
601933	12339.59
002643	12317.42
002595	11251.36
300406	11232.49
603328	11123.24
600240	11091.6
002007	10611.62
000811	10493.14
600298	10376.69
601012	10183.07
002358	9852.78
600521	9672.68
002568	9625.34
600038	9622.5
600779	9621.22
600166	9502.24
601398	9219.04
002616	8954.4
000921	8693.06
002285	8550.02
601689	8503.59
002019	8406.11
600739	8026.31
603556	7918.54
603808	7882.1
000915	7790.0
300203	7673.15
601169	7671.99
002460	7643.67
600146	7536.73
603008	7473.3
600297	7131.63
000661	7074.33
002581	7008.54
300064	6878.37
002675	6836.03
002727	6813.51
600116	6555.34
002273	6336.85
601318	6092.59
601601	6032.04
002509	5994.36
600183	5949.2
300273	5932.53
600804	5919.0
601901	5876.58
000776	5868.75
002051	5761.39
600664	5699.54
000928	5614.05
600885	5589.51
000063	5529.56
600197	5498.02
300106	5419.63
600691	5359.19
002304	5356.83
002431	5335.42
603589	5299.99
603579	4989.24
600325	4900.27
300156	4754.75
600114	4680.0
002117	4591.61
600990	4587.63
600703	4544.81
300433	4428.9
000829	4411.8
002694	4398.14
000596	4181.5
603703	4128.94
002480	3989.28
000403	3958.5
600477	3924.89
600305	3892.67
002583	3883.26
600985	3877.57
000919	3872.63
002449	3850.2
601377	3809.43
600285	3774.46
000018	3744.69
601288	3615.75
002372	3500.07
300097	3456.68
002245	3272.5
600066	3257.23
601997	3235.48
601766	3223.29
002589	3140.18
002195	3121.36
300229	3066.0
600406	2810.4
300308	2777.69
601818	2775.65
002383	2736.18
000778	2697.58
000887	2641.37
002562	2617.75
300275	2592.84
000923	2575.0
300450	2565.0
601669	2534.35
601899	2499.54
002833	2499.22
002554	2457.57
300263	2419.2
600872	2411.42
002497	2400.04
000001	2397.96
000820	2382.34
002003	2376.64
600089	2359.52
600967	2356.5
601166	2343.71
000630	2238.31
300161	2105.14
600048	2094.61
300129	2057.63
000822	2054.4
300324	2038.84
601058	2036.7
000807	2005.31
601668	1959.42
002024	1914.41
000980	1898.32
000039	1894.64
600809	1874.56
600487	1767.94
002709	1754.78
300545	1740.0
000065	1714.33
000799	1697.93
002683	1693.44
603377	1682.29
000925	1628.39
600000	1601.0
600015	1580.6
002142	1567.47
600518	1532.22
601939	1475.85
601607	1420.12
002353	1409.64
600535	1354.06
300310	1285.66
300065	1274.73
601117	1268.75
000028	1264.7
002202	1240.49
300078	1189.56
002705	1169.46
300306	1160.54
600879	1133.44
002279	1025.94
300072	970.15
002045	948.0
600276	923.61
002244	842.4
300038	817.2
600373	803.16
300271	802.41
000625	755.23
000729	744.75
600823	727.91
600028	727.83
000543	727.53
000539	726.49
000888	715.14
03888	708.65
600031	694.88
601225	692.3
00285	683.15
603288	681.98
603108	665.21
601888	650.6
603611	635.19
300007	604.8
002094	595.31
01398	584.04
601800	573.12
600643	564.55
300054	545.85
00934	536.5
603979	535.87
00939	528.79
00257	516.32
002235	508.2
02318	494.32
03311	476.33
600055	474.41
00392	458.61
002250	420.24
00914	410.16
600419	402.26
300147	343.2
002223	325.29
300224	324.49
600837	308.5
600054	294.1
002400	286.06
600637	270.48
601618	254.0
601336	253.14
601628	253.0
000669	248.55
601390	246.68
600489	246.12
601998	212.02
300456	132.56
601098	125.79
000513	103.46
300003	103.29
603018	102.43
600498	99.38
600332	92.53
002299	87.93
300011	82.56
603833	76.5
600273	51.76
002391	51.13
002242	47.26
002422	41.34
600633	39.8
601088	34.85
600271	32.55
000697	30.9
600176	29.57
601366	14.82
601228	13.13
603768	10.43
603388	7.5
603178	3.72