600887	204436.33
000333	190770.84
601318	136387.55
00175	132863.42
002415	127349.02
000651	92350.87
600660	71351.92
300408	66034.03
002311	65350.71
600196	61921.21
02020	50279.75
000858	49248.13
000568	43905.09
600066	39238.99
002466	38226.63
000921	36371.21
600519	35574.28
600885	34677.63
000963	34121.04
601601	30674.39
002236	30593.97
300616	30246.27
600110	28906.13
002475	26913.32
000823	24514.0
600426	24074.18
600335	22529.05
002508	19420.33
603883	18514.49
600703	18080.23
002384	18003.54
002050	16320.0
002572	14521.43
600998	14477.65
002271	14171.86
002202	13501.29
000050	13392.62
600661	13311.21
600104	12171.13
002217	11936.85
002035	10827.97
600867	10597.17
002773	10216.29
300122	10018.45
600643	9989.63
002400	9811.91
300009	9746.16
600458	9418.3
000400	8911.04
300166	8751.33
002027	8674.2
002041	8610.89
600297	8577.94
600884	8431.26
300142	8043.97
002470	7843.04
002192	7787.51
300335	7639.54
000967	7626.7
603788	7396.81
002008	7375.26
600566	6955.17
603993	6582.67
002714	6351.64
002239	6335.9
600486	6302.8
600079	5973.82
601111	5674.5
600036	5588.72
600029	5220.8
300324	5106.91
000065	5039.41
002410	5008.21
002188	4889.64
002450	4874.77
01336	4814.6
600622	4802.64
02869	4424.2
600197	4293.48
000063	4272.54
300433	4157.14
002456	3832.14
600383	3829.03
002127	3555.47
000418	3507.67
002581	3271.83
002583	3235.51
002727	3145.0
300308	3095.05
002833	2983.42
600298	2933.32
300450	2847.35
300097	2094.82
000028	1915.71
002045	1883.71
002241	1845.51
601799	1828.05
000069	1811.5
603816	1704.62
603556	1658.16
000661	1635.82
600258	1634.37
600276	1594.63
300316	1561.12
601901	1551.46
600176	1515.24
002460	1420.03
000089	1376.95
002372	1363.87
601288	1333.31
000423	1324.8
300347	1306.42
300083	1209.61
300463	1129.33
600004	1126.24
601607	1126.22
300115	1125.68
000895	1113.92
000002	896.17
600690	872.9
600741	816.16
600019	802.85
002195	793.68
600688	757.64
000415	678.11
600816	676.18
002831	654.45
600062	636.1
002385	610.59
000999	501.59
000429	374.21
600377	300.76
002624	255.82
600585	198.66
600373	196.92
002739	186.46
002343	173.02
002185	167.84
600667	164.56
300088	152.2
300219	133.0
000709	116.27
001979	109.58
300136	108.85
600050	101.74
002304	95.49
600584	92.61
601989	88.62
600068	75.53
002081	73.68
601088	69.77
002635	65.24
600795	55.91
601919	27.12
002859	26.48
002860	20.85
601878	18.79
600100	7.2
603801	4.75