300136	165918.31
002475	124573.39
002572	112084.97
002456	84928.36
002035	63368.43
002508	62519.45
002043	62378.16
002450	58128.79
002640	56343.34
002271	55512.27
600867	53135.4
002511	46169.68
002466	44043.81
002127	41333.13
002217	36604.58
600056	35014.67
000568	34229.3
600110	34127.98
000820	33682.38
002008	33251.34
300156	33234.88
002120	32017.77
300115	31789.87
300197	27359.27
600885	26676.9
002310	26198.13
002502	25970.24
300049	25246.66
600584	24124.24
600335	23867.11
000333	23276.84
000423	22666.64
002236	21707.3
002108	20606.16
600009	18947.89
600007	18672.1
300145	18654.61
000089	18433.8
300476	18411.04
600519	17467.53
600183	17407.55
000858	16958.73
300355	16440.39
300296	16179.36
002530	14886.23
002032	14610.95
600522	14486.1
000651	14324.35
600338	13977.35
002241	13809.23
000823	13758.76
603883	12318.09
600426	12254.64
002415	11986.27
002838	11928.75
000963	11600.27
002343	11166.81
600036	10761.79
002460	10746.66
601888	10360.32
600739	9922.83
002045	9567.65
600887	9459.26
601689	9227.92
600201	9126.9
002142	8974.22
002411	8843.37
002322	8813.5
600691	8046.65
600535	8001.99
600146	7536.73
002311	7057.98
600566	6918.24
600864	6816.97
002384	6514.04
600703	6429.28
300340	6070.03
300408	5920.64
000776	5868.75
002509	5818.38
600196	5732.64
002583	5631.68
300274	5518.58
600660	5491.2
600486	5463.62
002589	5416.48
300450	5239.43
002635	4805.84
600267	4653.97
002636	4497.12
600068	4236.61
000065	4007.13
000403	3958.5
600276	3953.2
601318	3897.33
000919	3872.63
002449	3850.2
300097	3456.68
002568	3382.4
002245	3272.5
002223	3213.31
002195	3121.36
300229	3066.0
600487	2882.57
300308	2777.69
002562	2617.75
000970	2580.28
002833	2499.22
600109	2465.97
002554	2457.57
300263	2419.2
600392	2413.77
600967	2356.5
000049	2347.67
600072	2315.49
002185	2302.05
002541	2266.49
300317	2193.65
600834	2105.22
300161	2105.14
600240	2084.98
002479	2076.58
300129	2057.63
300088	2041.83
002273	1993.06
603808	1957.74
600028	1943.81
600768	1932.76
000039	1921.26
002609	1903.14
601633	1858.7
600884	1797.39
300031	1789.02
002709	1754.78
300545	1740.0
600258	1665.26
600751	1664.61
601398	1636.65
600779	1549.28
601211	1537.2
600990	1430.53
002353	1409.64
600061	1331.34
000799	1319.46
600104	1265.28
002304	1257.49
002202	1240.49
600312	1215.39
601012	1205.17
000967	1198.75
300065	1069.76
300072	970.15
601668	899.48
603589	628.56
600511	616.13
601800	573.12
601607	571.8
002179	466.05
300100	446.66
600029	371.57
600518	354.38
600138	314.35
300433	308.52
002230	275.32
600089	211.16
600309	182.99
600271	163.59
002250	105.71
000513	103.46
300003	103.29
603018	102.43
600498	99.38
600273	51.76
002391	51.13