000651	10
600519	9
601398	8
600048	8
601997	8
001979	7
0	6
601318	6
600036	6
600104	6
601328	6
000568	6
300197	6
600068	6
601668	5
300351	5
000538	4
000921	4
002458	4
300078	4
601186	4
600030	4
002415	4
000858	4
600820	4
000001	4
600138	4
600309	4
002572	3
601717	3
601633	3
002050	3
000998	3
300070	3
002236	3
000063	3
601211	3
002142	3
1	3
600325	3
000960	3
002202	3
000630	3
601390	3
600867	3
002299	3
601857	3
002583	3
601800	3
002739	3
601688	3
601818	3
600529	3
600528	3
601336	3
600967	3
300017	3
300408	3
002138	3
600686	3
002509	3
600335	3
002310	3
002311	3
601985	3
600887	3
600998	3
000333	3
002120	3
000059	3
300210	3
603899	3
600338	3
002716	3
000718	3
002570	2
002059	2
600268	2
002281	2
002456	2
02357	2
000910	2
600477	2
600476	2
000661	2
000748	2
03888	2
300106	2
603799	2
601699	2
300450	2
600038	2
300203	2
000401	2
000963	2
000967	2
600409	2
601988	2
601789	2
002250	2
300241	2
002103	2
000915	2
600566	2
600565	2
002322	2
600731	2
000778	2
601669	2
002550	2
600742	2
002781	2
601333	2
601339	2
000821	2
002672	2
600961	2
000550	2
000551	2
002450	2
000554	2
000739	2
002217	2
002216	2
000606	2
600438	2
601155	2
600498	2
002821	2
600689	2
02238	2
002007	2
002726	2
002643	2
600426	2
601899	2
000887	2
300124	2
300129	2
600736	2
600883	2
600888	2
603085	2
300285	2
600125	2
000018	2
000422	2
002683	2
300316	2
000877	2
600016	2
000725	2
002343	2
000895	2
601166	2
002126	2
600761	2
002016	2
002408	2
600509	2
600500	2
000820	2
00700	2
002273	1
000625	1
000623	1
002372	1
600893	1
600896	1
600894	1
600729	1
300365	1
000418	1
002053	1
600611	1
002051	1
002057	1
002056	1
002058	1
300253	1
300258	1
002117	1
002673	1
300496	1
600151	1
600155	1
002286	1
600704	1
600619	1
000157	1
01093	1
002640	1
000928	1
000925	1
002026	1
002024	1
002023	1
300080	1
002690	1
300088	1
002594	1
600382	1
600389	1
002599	1
600572	1
600576	1
600362	1
600202	1
600295	1
601009	1
002624	1
002627	1
601006	1
300071	1
300075	1
002234	1
600856	1
601678	1
601677	1
300108	1
002480	1
000065	1
600585	1
600584	1
002245	1
000069	1
300458	1
01299	1
600612	1
600616	1
300455	1
000100	1
600750	1
600031	1
600035	1
002068	1
002067	1
002094	1
002092	1
000400	1
000815	1
002665	1
600976	1
600970	1
002466	1
02382	1
002462	1
02388	1
002468	1
300332	1
300337	1
600699	1
600816	1
000796	1
002206	1
002205	1
601989	1
300416	1
600718	1
600861	1
000402	1
002108	1
002519	1
300261	1
002106	1
603218	1
600787	1
600661	1
600667	1
000521	1
600792	1
000528	1
000913	1
002035	1
002032	1
002733	1
600444	1
002422	1
002420	1
600448	1
002425	1
601566	1
600562	1
600561	1
600211	1
600213	1
300183	1
000596	1
000590	1
603609	1
000983	1
300189	1
300342	1
300340	1
600079	1
000852	1
300345	1
300061	1
600284	1
300067	1
601198	1
002323	1
600376	1
000678	1
300087	1
002813	1
601233	1
002756	1
300115	1
601689	1
002394	1
000070	1
002391	1
002399	1
600741	1
00570	1
600622	1
002078	1
00939	1
002071	1
002179	1
300238	1
600489	1
600521	1
600520	1
000002	1
601965	1
600525	1
300230	1
300236	1
300237	1
600875	1
600132	1
000411	1
600258	1
600318	1
000823	1
000826	1
600963	1
600969	1
002475	1
300302	1
002013	1
002777	1
600557	1
600006	1
600007	1
00392	1
000732	1
603026	1
600919	1
300011	1
000783	1
300014	1
002213	1
002214	1
300409	1
603298	1
002357	1
600703	1
600872	1
603686	1
601098	1
600688	1
600682	1
600687	1
002508	1
002507	1
601628	1
300271	1
600122	1
600674	1
02018	1
300548	1
300478	1
600172	1
002180	1
002185	1
600775	1
601377	1
000513	1
002008	1
002433	1
002500	1
000529	1
000800	1
600178	1
300447	1
300050	1
300059	1
600350	1
300291	1
300357	1
600297	1
000860	1
002313	1
600835	1
000881	1
000889	1
600060	1
601117	1
002398	1
600271	1
300521	1
300122	1
002544	1
002548	1
601801	1
300431	1
300436	1
000930	1
002262	1
600885	1
601231	1
601607	1
002045	1
002047	1
002041	1
002048	1
600621	1
300223	1
600491	1
300228	1
600123	1
600089	1
600121	1
000019	1
600128	1
601100	1
600642	1
600643	1
600641	1
600066	1
000937	1
000426	1
000423	1
600997	1
600990	1
600719	1
300093	1
300097	1
600399	1
600547	1
600015	1
600019	1
00388	1
000683	1
000685	1
300166	1
002616	1
002611	1
300161	1
300168	1
000949	1
600267	1
600261	1
300006	1
300003	1
002341	1
002223	1
603160	1
000752	1
603167	1
600848	1
601168	1
601169	1
601088	1
002123	1
002089	1
600690	1
002085	1
600697	1
601933	1
600593	1
002530	1
601939	1
600600	1
603766	1
600166	1
300463	1
600760	1
600763	1
600028	1
603868	1
600026	1
002019	1
300219	1
603308	1
603883	1
603306	1
600110	1
600337	1
300246	1
600233	1
000803	1
600486	1
002659	1
300040	1
603416	1
300284	1
300287	1
000977	1
600439	1
300327	1
603001	1
600146	1
00005	1
300033	1
300138	1