0	28.0
6	5.0
300073	0.6068
600489	0.4547
300207	0.4366
002371	0.4281
002179	0.428
600547	0.4257
002635	0.3873
300296	0.3813
300145	0.362
000568	0.3497
600885	0.3375
002460	0.318
002466	0.312
600990	0.3054
600519	0.3047
002594	0.2961
300389	0.2929
600988	0.2878
002418	0.2794
601799	0.2653
300008	0.2568
002155	0.2545
300304	0.2474
300219	0.2367
002138	0.2295
300136	0.2256
300456	0.2233
002368	0.2224
600559	0.2203
300101	0.2179
002049	0.2175
000910	0.2168
601899	0.2127
300017	0.2108
002007	0.2088
601069	0.2061
002709	0.2047
600338	0.2037
300210	0.2007
600887	0.2004
002445	0.199
002716	0.1955
600855	0.1938
002338	0.1897
002010	0.189
600779	0.1873
300279	0.1853
300252	0.1826
002108	0.1812
600667	0.1756
002273	0.173
000070	0.173
300342	0.1729
300367	0.1724
000901	0.1713
300458	0.1706
600110	0.1698
002511	0.1692
000002	0.1689
300365	0.1675
300065	0.1667
002458	0.1667
002522	0.1654
002340	0.1649
300161	0.1648
603158	0.164
300114	0.163
603799	0.1598
600335	0.1575
603883	0.1573
002394	0.1567
000821	0.1534
002450	0.1521
300336	0.1507
600382	0.1493
002456	0.1479
002339	0.1474
002583	0.145
600459	0.1447
300300	0.1444
600593	0.1443
300284	0.1443
002048	0.1421
300278	0.1412
300310	0.1387
300302	0.1384
600203	0.1297
000975	0.1273
600066	0.127
300373	0.1262
300340	0.1258
600316	0.1253
600419	0.1253
600199	0.1253
600521	0.1244
002297	0.1241
002322	0.124
000983	0.122
600702	0.1207
300159	0.1206
002247	0.12
300195	0.1196
300322	0.1195
600391	0.117
300012	0.1165
603898	0.1165
300223	0.1165
300007	0.1161
002508	0.1156
300379	0.115
000423	0.112
002662	0.1117
300256	0.1115
300128	0.1115
002773	0.1105
300258	0.1104
600303	0.1098
300261	0.1097
002400	0.1094
300011	0.1081
600289	0.1075
000021	0.1068
600360	0.1055
000661	0.1051
002236	0.1016
300047	0.0998
600337	0.0998
300160	0.0997
002151	0.0987
603368	0.098
002013	0.0978
603009	0.0968
002415	0.0967
002398	0.0967
002117	0.0962
600666	0.0954
002659	0.095
300245	0.0944
300115	0.0942
300213	0.0941
000858	0.0931
002299	0.0929
002245	0.0922
601566	0.0921
002675	0.0918
002611	0.0905
300467	0.0902
300410	0.09
002547	0.0896
002230	0.0896
300267	0.089
002643	0.0886
000971	0.0884
300080	0.0883
300098	0.0869
600479	0.0868
002343	0.0859
002472	0.0856
002215	0.0853
002325	0.0853
603012	0.0851
000748	0.0842
600845	0.0836
000078	0.0833
600362	0.0824
002549	0.0824
000333	0.0824
000089	0.0823
000687	0.0818
002402	0.0811
002380	0.0808
600604	0.0806
300033	0.0805
002745	0.0802
600528	0.0799
601933	0.0799
300356	0.079
002533	0.0786
000418	0.0785
002301	0.0773
300503	0.0769
002781	0.0768
603703	0.0767
001979	0.0762
000650	0.0762
300507	0.076
002077	0.0757
300316	0.0756
300058	0.0751
000060	0.0751
300112	0.075
300287	0.0735
002098	0.0733
002609	0.0726
600298	0.0723
600520	0.0721
002303	0.0721
000810	0.0711
000718	0.0711
002727	0.0706
000887	0.0704
002281	0.07
600699	0.0697
002673	0.0694
300325	0.0692
002605	0.069
002001	0.0683
601800	0.0683
600485	0.0682
300299	0.0681
600150	0.0679
002534	0.0677
300508	0.0675
600271	0.0669
600309	0.0669
603601	0.0669
601208	0.0659
002103	0.0656
002350	0.0653
002304	0.0653
002056	0.0649
600570	0.0648
000550	0.0646
600029	0.0643
300370	0.0639
002462	0.0638
300138	0.0636
002513	0.0634
600325	0.0633
600439	0.0631
600677	0.0629
300226	0.0627
002367	0.0624
002627	0.0623
600219	0.0623
002733	0.0623
601111	0.0621
002078	0.0619
002243	0.0618
603111	0.0618
600093	0.0617
300499	0.0616
000829	0.0613
300247	0.061
002617	0.061
300491	0.0607
603701	0.0606
002780	0.0606
300359	0.0606
000651	0.0606
603609	0.06
000561	0.0588
002240	0.0586
002706	0.0585
000606	0.0584
300091	0.0581
600589	0.058
002656	0.0578
002443	0.0575
002035	0.0575
002714	0.0572
002072	0.057
600122	0.057
300326	0.057
600240	0.0564
600115	0.0562
300075	0.056
002094	0.056
000799	0.0557
002672	0.0557
002065	0.0556
600109	0.0556
300468	0.0556
002421	0.0554
300097	0.0553
601225	0.055
300250	0.0548
002600	0.0543
300244	0.054
300197	0.054
600612	0.0539
300005	0.0539
600557	0.0532
002475	0.0531
300156	0.0531
002548	0.053
600200	0.0529
002133	0.0529
000402	0.0524
000593	0.0523
002324	0.0523
600576	0.0522
600984	0.052
000903	0.0517
300233	0.0516
002572	0.0513
002180	0.0512
300144	0.051
000685	0.051
603718	0.0505
300196	0.0505
300420	0.0502
002152	0.0499
600000	0.0497
601699	0.0497
002639	0.0497
002718	0.0497
000028	0.0496
600497	0.0494
300072	0.0493
300022	0.0493
002543	0.0493
600619	0.049
000638	0.049
300178	0.0487
002427	0.0482
603866	0.0482
300236	0.0481
300224	0.0479
002224	0.0479
300100	0.0473
600386	0.0472
300212	0.0469
300076	0.0468
002227	0.0468
000978	0.0468
002076	0.0467
000059	0.0466
300016	0.0465
300329	0.0464
002366	0.0463
002183	0.0463
600198	0.0463
002241	0.0458
002019	0.0457
300183	0.0456
600054	0.0455
000783	0.0454
002425	0.0451
000951	0.0449
002665	0.0448
300353	0.0447
600967	0.0445
300049	0.0441
002565	0.044
600498	0.044
300395	0.0439
600682	0.0439
000997	0.0432
002384	0.0431
000043	0.043
600330	0.043
000601	0.0427
002694	0.0427
300409	0.0426
600713	0.0424
002409	0.0424
300271	0.0423
600478	0.0419
300056	0.0416
300297	0.0415
603686	0.0412
002124	0.0412
300335	0.0408
300266	0.0408
002006	0.0408
300351	0.0407
300068	0.0406
600136	0.0406
603939	0.0405
600188	0.0405
300133	0.0405
002695	0.0401
300369	0.0401
002535	0.0401
300041	0.0398
002041	0.0396
000895	0.0391
300377	0.039
603010	0.039
000889	0.0389
002341	0.0389
600721	0.0388
300493	0.0388
002111	0.0386
002123	0.0385
002361	0.0381
002191	0.038
603308	0.0373
600821	0.0372
000802	0.0369
300202	0.0365
300182	0.0361
300232	0.0361
002279	0.0358
300084	0.0358
600305	0.0357
300408	0.0356
002555	0.0352
300263	0.0351
601688	0.035
300382	0.0349
300054	0.0346
300238	0.0345
002452	0.0341
600038	0.0341
600584	0.034
600756	0.0337
601318	0.0336
002074	0.0335
600745	0.0332
300025	0.0331
603456	0.0328
600826	0.0328
300471	0.0327
000050	0.0325
000596	0.032
002439	0.0318
000848	0.0317
300380	0.0316
300274	0.0315
600651	0.0314
300078	0.0313
601009	0.0312
600715	0.0312
002428	0.0309
002546	0.0308
300031	0.0306
600184	0.0304
601198	0.0302
600580	0.03
002413	0.03
000835	0.0297
300444	0.0296
002126	0.0295
603788	0.0295
002532	0.0294
603002	0.0293
300089	0.029
300260	0.0289
300449	0.0288
601788	0.0285
000727	0.0285
000581	0.0283
600452	0.0281
600268	0.0281
300137	0.0281
300143	0.0271
601668	0.027
002614	0.0269
002206	0.0268
002599	0.0267
600850	0.0255
002260	0.0254
300095	0.0241
000426	0.0235
600056	0.0223
002743	0.0207
000413	0.0205
600987	0.02
600816	0.0197
600741	0.0196
000540	0.0196
000967	0.0192
601998	0.0191
000513	0.0191
002239	0.0179
000957	0.0177
002688	0.0176
600595	0.0176
600537	0.017
600276	0.0154
300003	0.0145
601137	0.0136
601311	0.0127
300191	0.0111
600703	0.0099
002521	0.0094
300198	0.0092
300303	0.0091
002351	0.009
300102	0.0089
000532	0.0087
002218	0.0087
002593	0.0083
300118	0.0083
300285	0.0083
002079	0.0082
002083	0.0082
002383	0.0074
002292	0.0054
002664	0.0044
002657	0.0043
300131	0.0043
002527	0.004
300457	0.0031
300512	0.0016
7	0.0
3	0.0