601318	235070.96
000333	162676.89
600887	150879.24
00175	127661.4
002456	120064.04
002008	118980.19
002415	117261.58
002475	114717.26
000651	97791.51
600036	95484.08
300136	92340.81
002310	86704.55
002450	84071.11
600196	81472.9
600867	76359.75
002466	68663.51
002271	65898.33
300367	62007.14
002236	59431.64
600660	57127.73
002027	56809.21
300408	55409.95
002311	52567.29
02020	50279.75
300267	48129.61
300324	47604.18
600309	47180.45
000063	47057.45
000568	46462.63
300418	46402.53
300104	43934.61
002460	43786.57
000858	42416.34
002241	38613.13
601888	38141.8
600519	36994.55
601933	36089.6
300271	35748.77
600110	35561.51
002617	34459.96
600703	33514.19
600477	32239.42
300456	31151.89
600409	30210.0
000513	29048.76
002019	28820.96
300364	28232.36
600030	28163.1
600027	28014.0
300332	27909.47
002624	27440.0
601607	27373.05
002340	26875.79
600340	26068.37
300033	25281.36
600031	24774.21
600176	24155.88
603799	23956.75
300115	23616.35
002570	23539.74
600622	23165.21
601668	22665.79
300203	22493.9
001979	22355.63
002714	21835.55
000895	21707.64
300287	21264.67
300049	20881.72
600827	20637.47
600056	20536.05
02318	20532.03
01398	20391.07
03988	20249.29
000661	20115.13
002343	20103.84
002766	20016.83
00939	19108.63
601336	19034.92
601601	19004.12
600104	18964.06
601939	18344.07
002050	18170.57
600406	18081.58
600068	17990.0
600491	17856.44
603158	17596.99
600547	17358.0
300274	17242.41
600742	17204.08
300101	17029.77
603626	16921.3
601398	16909.95
600466	16798.63
002411	16453.46
002146	16261.35
000639	16079.04
600884	15731.99
600085	15649.28
000050	15268.81
300012	15186.4
002572	15010.78
601997	14826.79
300197	14815.22
600270	14764.84
601628	14504.04
300467	14289.0
002142	13965.21
300003	13916.36
002035	13855.87
600998	13084.39
002400	12807.54
600529	12760.84
02628	12595.88
002635	11574.7
600643	11514.11
300070	11189.95
600585	11064.89
00386	10923.29
600885	10914.26
603355	10873.9
002202	10805.45
600549	10766.49
600066	10705.73
600362	10537.35
600048	10348.57
300616	10334.61
300316	10241.8
002773	10216.29
000811	10207.89
300122	10018.45
000830	10005.0
03968	9935.64
300009	9746.16
601088	9676.19
603833	9607.33
01336	9466.7
300403	9453.6
000423	9442.58
600458	9418.3
000786	9393.02
000983	8976.62
601717	8947.24
000400	8911.04
002353	8809.36
603816	8536.75
601699	8524.52
000963	8487.43
600089	8480.35
603556	8251.23
600516	8047.53
600153	8012.97
002640	7912.05
300335	7909.45
002192	7787.51
600498	7742.12
600348	7718.28
601012	7695.07
000065	7654.76
000967	7626.7
002507	7544.81
002449	7447.5
603993	7444.24
603788	7396.81
600116	7374.96
002430	7263.89
600985	7254.75
00857	7177.18
600566	6772.55
600741	6646.25
600856	6643.39
600054	6622.93
600146	6622.15
601801	6537.09
600019	6530.27
002372	6432.2
000403	6395.4
002239	6335.9
002051	6156.72
600997	6099.94
300124	6059.05
600028	5930.0
300571	5887.9
000820	5886.9
600864	5816.12
000878	5803.59
600809	5798.81
002074	5767.57
000069	5663.78
03328	5620.57
002690	5620.19
600029	5604.58
300340	5553.8
02601	5530.68
000718	5392.53
002304	5362.67
603899	5220.0
600390	5119.38
000002	5068.02
600122	5058.27
601288	5056.24
000402	5034.83
002244	4989.02
002126	4929.4
002555	4653.88
002016	4623.25
600426	4566.54
002508	4498.34
002041	4480.92
000776	4429.97
02869	4424.2
000997	4390.19
300285	4248.21
300433	4244.35
600267	4184.64
600062	4130.09
000636	4071.62
000968	4028.7
300145	4020.23
002589	3895.98
600738	3878.48
600579	3867.84
000418	3812.39
600416	3789.07
002532	3781.6
600686	3778.68
002007	3754.12
002223	3593.73
002110	3589.52
002366	3582.05
600706	3578.01
603020	3572.62
002217	3399.87
002078	3257.29
002368	3161.42
600507	3156.02
603118	3148.45
002250	3060.0
000998	3017.86
00700	3014.47
600999	2978.25
600298	2933.32
002583	2907.63
600826	2801.14
600079	2791.54
002174	2789.6
002568	2659.2
600310	2654.13
002594	2610.63
000488	2538.46
600388	2526.27
000018	2498.1
600693	2373.83
000949	2331.01
600072	2258.19
002541	2247.83
002563	2244.43
000860	2241.49
600681	2213.15
002298	2206.36
002131	2172.09
002503	2146.03
600276	2107.2
300357	2092.96
601111	1987.64
300058	1985.39
601600	1978.81
300365	1975.57
600271	1956.31
300166	1943.34
600282	1936.6
002531	1924.03
000028	1915.71
002385	1883.87
601328	1838.14
600873	1831.41
601799	1828.05
300323	1813.38
000739	1761.6
002444	1760.56
300308	1750.73
600180	1728.07
601899	1721.04
603898	1712.24
000725	1664.0
300294	1649.6
300450	1581.05
603180	1575.82
300225	1554.04
300073	1468.73
000807	1383.64
601169	1369.03
600297	1329.11
600760	1324.8
600328	1301.64
000089	1276.81
600879	1248.18
600990	1239.8
000630	1235.4
000603	1229.26
000920	1209.79
600015	1205.79
600004	1126.24
02382	1057.05
600200	1037.74
000700	1034.72
601225	1023.77
600183	1012.5
002036	1008.13
603160	1003.0
600750	973.0
02018	969.93
002108	944.34
002636	926.09
000779	923.33
600702	914.05
300144	913.23
002494	901.11
600511	901.05
600690	872.9
000625	865.38
300182	864.97
600016	863.92
300410	861.21
600581	853.63
01299	843.65
000411	827.78
000685	816.43
601166	809.95
000709	790.86
00388	753.15
600969	701.2
002517	682.27
600565	675.86
002831	654.45
000401	646.38
02388	641.85
01293	641.18
002345	636.98
600963	630.99
000524	623.57
600754	614.61
000587	596.14
600258	587.0
600188	584.95
601009	582.05
000059	579.49
601007	577.26
000026	575.41
600266	573.17
00027	571.85
600894	568.32
600373	564.24
00762	563.8
600570	560.45
603728	559.96
300017	543.17
600074	529.18
002539	522.61
601231	516.23
000999	501.59
002092	496.82
600808	490.5
000426	489.02
600138	489.01
01186	487.97
000338	486.16
002501	475.49
000030	472.75
601636	472.69
002573	470.4
000404	469.45
600739	468.78
00066	453.99
000620	448.59
300577	431.14
002426	422.4
600850	416.72
000066	414.39
300146	412.2
600835	399.3
300026	376.8
002596	375.45
000429	374.21
002384	372.97
300440	351.16
300497	342.69
000863	329.34
300269	323.68
000910	322.8
601155	315.18
300088	302.0
600377	300.76
002138	297.28
000596	292.45
600487	280.5
002182	275.7
300257	274.04
600893	259.35
600775	245.28
300188	242.01
603108	238.95
600804	230.67
002230	219.45
002214	217.3
002292	202.8
600839	194.47
600688	191.36
600691	184.99
600801	183.45
600708	181.88
600875	179.34
600537	176.16
002185	167.84
603806	167.3
601908	163.95
000792	158.32
300027	153.71
300347	145.2
000882	144.4
300251	139.23
300106	139.23
600050	101.74
600584	92.61
601989	88.62
600000	79.59
000671	79.27
600061	78.4
601788	75.4
002081	73.68
600795	55.91
601919	27.12
002859	26.48
002860	20.85
601878	18.79
603043	18.28
0	16.0
603801	14.25
600100	7.2
603679	4.28
603286	2.7