0	27.0
600547	1.0285
600489	0.8173
600519	0.5965
002155	0.467
000568	0.429
601899	0.426
600068	0.422
600988	0.4204
000858	0.4078
001979	0.3433
600115	0.3313
600029	0.3182
600066	0.3121
600305	0.3071
601800	0.3063
600887	0.2999
000333	0.2987
002716	0.2974
600318	0.2839
600990	0.2786
600491	0.2745
600521	0.2641
002572	0.2538
601069	0.2451
601111	0.2357
002522	0.2302
002400	0.2246
002675	0.2221
002013	0.2177
300252	0.2147
002047	0.2094
600497	0.2084
600867	0.2067
002299	0.1928
600325	0.1888
002673	0.183
300207	0.1829
002343	0.1795
002007	0.1788
002262	0.1779
002460	0.1748
000983	0.1738
002308	0.1723
600221	0.1712
002508	0.1699
000963	0.169
600528	0.168
000960	0.1673
002466	0.167
600266	0.1669
000933	0.1631
002458	0.1617
000060	0.1605
600259	0.1526
600549	0.1508
000001	0.1505
000603	0.1434
000070	0.1415
000078	0.1402
601225	0.1352
600715	0.1352
000807	0.1336
600348	0.1334
300165	0.1322
002304	0.1317
000970	0.1314
002662	0.1307
000975	0.1274
002179	0.1259
600076	0.1256
000657	0.1246
601669	0.124
000895	0.1234
600276	0.1231
600667	0.1216
600048	0.1211
000887	0.1208
300011	0.1181
000423	0.1178
300058	0.117
002512	0.1163
600038	0.1153
600188	0.1148
300224	0.1134
002773	0.1116
000768	0.1112
002127	0.1105
300342	0.1105
000937	0.1105
601198	0.1097
002138	0.1082
600150	0.1075
600622	0.1064
601633	0.1056
002462	0.1055
002727	0.1034
300017	0.1014
300008	0.1013
600559	0.1009
002511	0.1004
002635	0.0994
000910	0.0983
002329	0.0978
300367	0.0969
002415	0.0967
002398	0.0967
600271	0.0963
002394	0.0961
002625	0.0956
600382	0.0955
000028	0.0952
002659	0.095
600888	0.0942
300197	0.0933
000059	0.0931
002553	0.0925
601566	0.0921
002239	0.0918
002215	0.0913
002611	0.0905
300267	0.089
002589	0.0886
002191	0.0875
600498	0.0851
002640	0.0836
300145	0.0831
300059	0.0831
300296	0.083
000418	0.0827
002236	0.0826
000002	0.0824
000089	0.0823
300033	0.0823
300322	0.0815
300009	0.0813
300136	0.081
002745	0.0802
000911	0.08
600594	0.0797
002699	0.0795
600566	0.0786
000795	0.0784
600987	0.0783
300109	0.0769
600629	0.0768
002175	0.0757
300316	0.0756
300219	0.0756
600562	0.0747
603799	0.0742
002123	0.074
601028	0.0733
002131	0.0731
002383	0.0728
002450	0.0727
600298	0.0723
600855	0.0719
000860	0.0718
000906	0.0709
600612	0.0708
603766	0.0705
601601	0.0702
300159	0.069
600731	0.0687
600373	0.0684
002230	0.0673
300203	0.0667
000796	0.0666
300304	0.0658
300373	0.0653
002281	0.065
600651	0.0646
000550	0.0646
002680	0.0646
600015	0.0643
002076	0.0637
300072	0.0636
002513	0.0634
002425	0.0634
300357	0.0633
000999	0.063
600784	0.063
002549	0.063
300356	0.0628
600146	0.0627
000801	0.0624
600687	0.0622
600372	0.0621
002078	0.0619
601688	0.0618
600093	0.0617
300383	0.061
600690	0.0607
300149	0.0606
002050	0.0605
600138	0.0603
002245	0.0595
601318	0.059
600479	0.0589
002714	0.0585
600197	0.0584
601699	0.0581
300302	0.0581
600900	0.058
600395	0.058
002157	0.0574
300429	0.0567
000869	0.0566
300213	0.0565
002065	0.0556
300285	0.0554
002626	0.0553
002464	0.0553
600482	0.0553
600179	0.0549
300250	0.0548
002025	0.0548
601166	0.0546
600509	0.0538
600571	0.0535
300336	0.0534
600557	0.0532
002475	0.0531
603678	0.053
300284	0.0529
601668	0.0528
002023	0.0528
000670	0.0527
000402	0.0524
000758	0.0524
300266	0.0523
300065	0.0522
601088	0.0518
600511	0.0517
300233	0.0516
600570	0.0513
002074	0.0513
300236	0.0513
600085	0.0512
002124	0.0512
002426	0.0506
002311	0.0506
300339	0.0504
300142	0.0499
300061	0.0499
002152	0.0499
601799	0.0498
300068	0.0496
600552	0.0495
000038	0.0494
002542	0.0493
600882	0.0492
002588	0.0491
600641	0.049
002100	0.0489
300178	0.0487
002617	0.0486
002108	0.0485
000606	0.0485
002546	0.0484
002171	0.048
000799	0.0475
300398	0.0474
002445	0.0474
002743	0.0473
000876	0.0473
002530	0.0469
603456	0.0468
600136	0.0468
300076	0.0468
000978	0.0468
002586	0.0466
002338	0.0463
000055	0.0462
600419	0.046
601015	0.046
002019	0.0457
002544	0.0453
300353	0.0447
300114	0.0445
002221	0.0443
300049	0.0441
002565	0.044
600682	0.0439
000783	0.0436
600805	0.0435
002385	0.0432
300409	0.0426
300196	0.0424
000601	0.0422
000915	0.0421
300420	0.042
002500	0.042
300426	0.0419
600478	0.0419
000421	0.0417
601898	0.0416
601328	0.0412
603686	0.0412
600702	0.0408
603328	0.0407
002609	0.0407
600104	0.0405
000810	0.0403
002533	0.0403
002695	0.0401
000065	0.04
002312	0.04
000572	0.04
300456	0.0399
300098	0.0398
300182	0.0396
600741	0.0396
002041	0.0396
600369	0.0395
002583	0.0395
300018	0.0394
300016	0.0393
000625	0.0391
002121	0.0391
002081	0.0391
002153	0.0388
000413	0.0387
002111	0.0386
000971	0.0386
300073	0.0385
600820	0.0384
300350	0.0383
002428	0.0382
002361	0.0381
300026	0.0379
002649	0.0379
300326	0.0378
300379	0.0377
000750	0.0377
600328	0.0376
002631	0.0374
600007	0.0374
002371	0.0373
603308	0.0373
300047	0.0372
000540	0.0372
002366	0.0371
002169	0.0371
300389	0.0369
300012	0.0367
002368	0.0361
600885	0.0359
300170	0.0358
601689	0.0357
600422	0.0352
002048	0.0349
300101	0.0348
600246	0.0348
002519	0.0346
002035	0.0346
601998	0.0341
300340	0.034
002568	0.0337
002688	0.0337
300237	0.0336
000650	0.0336
300503	0.0335
600595	0.0334
002094	0.0333
002042	0.0333
002340	0.0332
600965	0.0331
600826	0.0328
300031	0.0328
600338	0.0326
002103	0.0325
300468	0.0325
600238	0.0325
002439	0.0318
300133	0.0315
600184	0.0314
601933	0.0313
600108	0.031
000547	0.031
000498	0.0309
002590	0.0308
300113	0.0308
600883	0.0306
000661	0.0305
600869	0.0305
000633	0.0304
002381	0.0304
000069	0.03
603300	0.0296
300007	0.0294
002643	0.0288
002414	0.0286
600123	0.0286
600418	0.0284
300498	0.0283
300005	0.0283
002367	0.0282
603866	0.0276
600143	0.0274
600309	0.0273
000967	0.027
000726	0.027
002614	0.0269
600576	0.0268
002097	0.0254
600270	0.0248
601818	0.0244
601607	0.024
300078	0.0234
600584	0.0231
300081	0.0227
002271	0.0226
600160	0.0226
600406	0.0216
002707	0.0213
000703	0.021
300310	0.0204
300488	0.0196
002325	0.0191
002315	0.0191
002092	0.0178
000957	0.0177
002218	0.0174
600537	0.017
002247	0.0167
002322	0.0167
002593	0.0166
601985	0.0141
600699	0.0137
601137	0.0136
000538	0.0133
300191	0.0111
002470	0.0108
600459	0.0104
600398	0.0095
002521	0.0094
603111	0.0094
300210	0.0093
600203	0.0091
300303	0.0091
002351	0.009
300102	0.0089
000532	0.0087
300341	0.0084
300118	0.0083
002079	0.0082
002083	0.0082
300393	0.0081
002141	0.0081
002165	0.0081
300042	0.0081
300161	0.0078
002249	0.0077
600315	0.006
000932	0.0042
300088	0.0041
300100	0.0037
603939	0.0034
002399	0.0033
601169	0.0032
002661	0.0031
002294	0.0028
002657	0.0026
600750	0.0023
300037	0.0022
002055	0.002
002292	0.0019
002405	0.0019
600970	0.0017
600313	0.0016
002327	0.0006
000888	0.0006
601611	0.0004
000848	0.0002
7	0.0
4	0.0