300296	11
300207	9
000568	8
002138	8
002371	7
002418	7
300336	7
002179	7
300389	7
600547	7
300073	6
300145	6
002108	6
002635	6
601799	6
600519	6
600885	6
300342	5
600489	5
000821	5
300304	5
002007	5
002400	5
300219	5
0	4
300258	4
600988	4
300458	4
300065	4
601069	4
600521	4
300011	4
300017	4
600779	4
600459	4
601899	4
603883	4
000975	4
600303	4
300310	4
002155	4
603898	4
600335	4
002716	4
002572	3
000028	3
002594	3
002456	3
600570	3
600203	3
300072	3
300379	3
000661	3
002247	3
300456	3
002466	3
300359	3
002299	3
002297	3
002582	3
300340	3
002460	3
000002	3
000829	3
002672	3
300300	3
600702	3
002508	3
300279	3
600054	3
300056	3
002643	3
603158	3
300128	3
600887	3
000333	3
300367	3
300365	3
300008	3
300007	3
002340	3
300261	3
300213	3
300210	3
600110	3
600338	3
300287	3
300033	3
002273	2
300420	2
002056	2
300252	2
002117	2
000021	2
300499	2
000538	2
002475	2
601009	2
600276	2
300075	2
002338	2
002230	2
600855	2
300100	2
6	2
603799	2
002414	2
002462	2
000967	2
002206	2
600713	2
300245	2
300508	2
002511	2
600666	2
600667	2
600362	2
002035	2
002425	2
300347	2
000858	2
002322	2
002325	2
300114	2
300112	2
300446	2
300449	2
002781	2
002077	2
300232	2
300236	2
600316	2
002673	2
300302	2
002472	2
600006	2
600000	2
600559	2
002609	2
300159	2
002133	2
600198	2
002001	2
300195	2
000901	2
603012	2
000889	2
002547	2
002714	2
002048	2
300223	2
002339	2
600199	2
600990	2
002445	2
300161	2
002343	2
002224	2
300263	2
000503	2
300101	2
002010	2
600337	2
300046	2
000650	2
002303	2
002301	2
300031	2
603009	2
300136	2
000625	1
300429	1
000835	1
002243	1
002727	1
300256	1
002279	1
002111	1
300395	1
600150	1
300491	1
300003	1
600158	1
002281	1
300498	1
601318	1
601311	1
000532	1
600076	1
000920	1
300084	1
300080	1
002695	1
002694	1
300089	1
002590	1
002458	1
002452	1
002599	1
600478	1
000911	1
300292	1
600200	1
300326	1
002624	1
300353	1
300178	1
300377	1
300373	1
000848	1
002239	1
002335	1
002236	1
300102	1
300109	1
002527	1
002521	1
601699	1
300512	1
600584	1
002245	1
000069	1
002240	1
600612	1
600614	1
600619	1
300457	1
300303	1
600756	1
600038	1
600037	1
002413	1
002068	1
002415	1
002791	1
002792	1
300202	1
600109	1
603703	1
603701	1
000402	1
600240	1
000810	1
002665	1
002662	1
002464	1
002709	1
002706	1
300332	1
002123	1
000700	1
600816	1
601137	1
300025	1
300022	1
601599	1
300140	1
000799	1
300146	1
300144	1
601985	1
002288	1
002367	1
002366	1
002361	1
000638	1
600869	1
600715	1
600325	1
300247	1
002519	1
002533	1
600149	1
300488	1
300266	1
002191	1
603589	1
000910	1
600360	1
002746	1
002032	1
002428	1
600604	1
002427	1
603368	1
600563	1
000596	1
000983	1
002733	1
002639	1
300183	1
002631	1
300061	1
601199	1
600821	1
600826	1
601668	1
001979	1
601689	1
601688	1
002394	1
300444	1
600984	1
000078	1
600745	1
600741	1
601208	1
002780	1
002078	1
002072	1
000001	1
300231	1
600528	1
600485	1
600138	1
603718	1
603939	1
600967	1
002675	1
002450	1
600479	1
600557	1
600007	1
600419	1
000957	1
000951	1
600009	1
002600	1
300014	1
300156	1
002216	1
601998	1
000601	1
000603	1
000606	1
002350	1
002351	1
600703	1
3	1
600688	1
002130	1
002131	1
600682	1
600681	1
600687	1
002530	1
300271	1
000043	1
600172	1
300471	1
002180	1
002183	1
600197	1
600056	1
000513	1
002006	1
002439	1
600452	1
600511	1
000581	1
300054	1
300198	1
300197	1
300196	1
300059	1
300297	1
000070	1
000903	1
600298	1
300356	1
002539	1
300299	1
000558	1
603010	1
603019	1
601111	1
601117	1
300370	1
002543	1
002546	1
002548	1
002712	1
601800	1
002384	1
002260	1
002262	1
600730	1
601238	1
002043	1
002049	1
600497	1
300226	1
300380	1
300382	1
600122	1
600129	1
600066	1
603901	1
600309	1
600305	1
600068	1
000423	1
002684	1
300316	1
002443	1
300091	1
300095	1
300097	1
600391	1
000727	1
002532	1
000685	1
601888	1
002614	1
002617	1
300160	1
300364	1
600268	1
300369	1
002341	1
002227	1
000750	1
000612	1
600845	1
600699	1
002127	1
002126	1
002124	1
300503	1
300507	1
300260	1
300267	1
002535	1
002537	1
000059	1
600603	1
300468	1
603601	1
300467	1
603609	1
600184	1
600029	1
603866	1
603788	1
002153	1
002409	1
600115	1
600330	1
000802	1
002659	1
300041	1
300040	1
300047	1
002718	1
002656	1
300285	1
300284	1
300282	1
300322	1
600439	1
000651	1
300166	1
002304	1
000895	1
603002	1
600900	1
300036	1
300138	1
300137	1