600028	0.3282
002415	0.3012
600887	0.251
600104	0.2351
000651	0.2266
600519	0.2244
000786	0.1926
600066	0.1604
600015	0.1264
600138	0.1148
601318	0.1127
002311	0.1054
601398	0.1
601328	0.0998
002310	0.0995
601939	0.0962
600035	0.0962
300088	0.0953
601098	0.0948
600585	0.0945
000910	0.094
600856	0.0927
600309	0.0926
000333	0.0904
002085	0.0888
600062	0.0882
600382	0.0882
300285	0.0873
00939	0.0862
000018	0.0859
600036	0.0827
000422	0.0824
002611	0.0816
01398	0.0815
601169	0.0812
600276	0.081
03988	0.0808
601688	0.0796
600547	0.0789
02318	0.0777
600019	0.0771
000881	0.0761
000748	0.0754
600976	0.0748
601006	0.0747
601566	0.0733
002398	0.0721
000568	0.0703
002394	0.069
600687	0.0656
603001	0.0634
300357	0.0633
603766	0.0629
300168	0.0618
601988	0.0606
600109	0.0604
600674	0.0601
300230	0.0579
02628	0.0577
00902	0.0576
002299	0.0551
002234	0.0544
00386	0.0538
600565	0.0521
002583	0.0516
300121	0.0516
002450	0.0513
002475	0.0511
01359	0.0501
002391	0.0467
00857	0.0467
002273	0.0448
600660	0.0437
601233	0.0431
600750	0.0424
300070	0.0422
002126	0.0419
600267	0.0418
002458	0.0415
300183	0.0415
002672	0.0404
002185	0.0403
600557	0.0398
600703	0.0398
601857	0.0391
600337	0.039
601997	0.0388
300253	0.0387
000538	0.0386
601333	0.0373
600820	0.036
300059	0.0356
300431	0.0342
002464	0.0331
01618	0.0329
00175	0.031
600486	0.0304
300287	0.0301
002053	0.0296
000887	0.0295
600426	0.0294
300017	0.0292
600742	0.0284
600693	0.0284
300075	0.0281
002366	0.0277
002245	0.0272
601668	0.0268
002323	0.0262
600900	0.0252
600688	0.0251
601818	0.0251
002051	0.025
600409	0.0248
600048	0.0231
000858	0.0229
000550	0.0219
600803	0.0219
300164	0.0217
600143	0.0214
601211	0.0211
600816	0.0188
601633	0.0183
00700	0.018
600060	0.0179
002142	0.0167
600016	0.0151
000001	0.0109
300450	0.0103
000967	0.01
002466	0.0087
601088	0.0079
000063	0.0075
600089	0.0074
600961	0.0071
600736	0.0071
000551	0.007
002726	0.007
300040	0.007
601339	0.007
000100	0.0065
000625	0.0043
300258	0.004
600690	0.0038
600967	0.0037
601166	0.0037
600741	0.0037
600000	0.0036
002056	0.0034
000686	0.0034
002092	0.0031
000059	0.0026
600893	0.0025
000401	0.0024
601336	0.0024
600399	0.0023
600562	0.0023
002673	0.0022
000529	0.0022
002408	0.0022
600128	0.0021
002058	0.0021
600318	0.002
300327	0.002
603085	0.002
603298	0.0006
603218	0.0005
603416	0.0004
1	0.0