002572	127707.15
300136	104340.11
300017	96032.66
300456	90281.92
002640	82611.5
002699	81399.6
600521	78100.07
000333	76384.68
600110	70061.5
002508	62660.13
002511	58426.52
002043	57287.71
600885	55987.15
002475	53884.26
002032	51942.12
002530	50832.01
002120	46975.69
000711	46155.44
000568	45651.34
300061	44323.53
300408	43564.65
300356	42757.1
600136	41548.29
002456	41349.56
000687	40589.15
002310	40464.65
600233	39911.61
002405	39512.71
002180	39386.06
002617	39272.78
600056	38565.53
002138	37349.45
600487	37182.43
300266	37136.04
600500	37100.93
600708	36847.64
002694	36674.85
600547	36600.22
601908	35583.76
300159	35548.68
300102	34818.44
600335	34552.56
000070	34028.37
000802	33817.5
002445	33357.46
002373	32333.16
002052	32186.88
603108	32010.79
600593	31288.15
300196	31263.92
300285	31160.79
300113	30908.54
000952	30645.76
300197	30535.98
600867	30237.71
002103	29814.18
300156	29548.57
002085	29426.1
002482	29339.04
002045	29100.89
000035	29085.48
002588	28991.6
300115	28769.52
600614	27516.02
300458	27381.65
300332	27125.24
002236	27085.75
600389	27018.44
000662	26929.7
300256	26760.0
300010	26635.68
002250	26377.19
300202	26361.07
300100	26353.09
002407	26250.0
300278	26163.2
300396	26036.51
300310	26032.96
002562	25967.84
600967	25742.24
600338	25533.52
300015	25067.41
002242	24972.84
300232	24467.71
002007	24372.27
002415	24015.08
300073	23691.47
002427	23438.43
002081	23236.72
600016	23149.88
300207	23147.36
300149	22977.96
002340	22568.42
000403	22054.85
300341	21993.64
300365	21576.47
600713	21468.65
600693	21335.05
000157	21297.99
002108	21236.77
002665	21165.11
600276	21112.23
300334	21075.78
300303	21003.28
000858	20939.13
600522	20812.39
002411	20736.5
300340	20661.86
000911	20656.87
002127	20610.17
000826	20340.93
002409	20267.77
300302	20079.02
000821	20001.79
002078	19887.76
600309	19768.02
600697	19720.47
000590	19678.01
002582	18787.72
300142	18676.39
300090	18532.5
000983	18354.71
002053	18034.61
300072	18029.66
002376	17743.63
601166	17587.45
603808	17488.95
300008	17387.97
300137	17357.27
300145	17220.58
000404	17148.9
001696	17147.7
600585	17071.35
300463	16953.05
002762	16881.89
002036	16875.09
002464	16867.5
601717	16604.0
002368	16160.33
600566	16017.06
600997	15824.09
300364	15717.39
600409	15655.02
300121	15624.9
600030	15623.98
002311	15525.23
600489	15491.08
002570	15329.12
000597	15197.94
600188	15030.63
300452	15024.22
600661	14782.04
300104	14746.72
002185	14713.15
600976	14374.22
002175	14361.94
600267	14179.04
600750	14138.76
002391	13825.9
002247	13713.54
600603	13535.41
300263	13167.46
002333	13058.11
300373	12999.65
002626	12926.5
600050	12669.59
300056	12660.09
300420	12413.26
300378	12285.0
600584	12157.77
002662	12148.22
002308	12081.47
300219	12072.03
300430	11944.42
300144	11710.84
300087	11644.87
002035	11590.18
002354	11560.25
600068	11486.58
002301	11260.64
601789	11221.91
300429	11204.34
300231	11186.0
002387	10951.03
002094	10940.54
000971	10897.48
300287	10838.81
000786	10821.28
600900	10765.34
300301	10680.8
600674	10443.54
000703	10435.95
601898	10410.73
002044	10395.45
002343	10354.62
002384	10352.27
000558	10319.9
600093	10281.6
300403	10193.37
300183	10115.64
002466	9930.39
601225	9865.94
300031	9829.09
600028	9827.19
600419	9815.51
300342	9774.04
002435	9610.89
600104	9599.73
600261	9563.38
600760	9531.17
300059	9522.68
002450	9486.52
000835	9472.43
300068	9396.24
002583	9322.81
300033	9307.0
002541	9059.46
000968	8993.23
000975	8968.57
000651	8951.72
000060	8922.36
002733	8837.76
300520	8799.29
603703	8797.23
000967	8780.81
600328	8723.12
002709	8704.0
600520	8684.54
300279	8674.44
002292	8673.8
002414	8582.19
300210	8532.26
300237	8443.85
600715	8431.92
600491	8426.76
600681	8307.41
300243	8303.04
601139	8147.35
002517	8140.81
000820	8139.14
002214	8108.64
300347	8107.02
300241	8021.36
300187	7965.0
300339	7914.35
300228	7907.98
002436	7858.76
002761	7831.95
300471	7820.02
300345	7774.44
300215	7728.19
000718	7713.91
300013	7697.06
600803	7686.23
601800	7616.84
600297	7581.87
002023	7566.98
002550	7504.68
300418	7495.58
603377	7472.72
300404	7430.35
002383	7343.95
600682	7248.8
000818	7211.35
002701	7173.44
600958	7141.18
001979	7112.18
600995	7095.34
002303	7068.35
300012	6864.75
601555	6807.24
601012	6764.85
600377	6635.9
600337	6564.8
600325	6544.35
002635	6441.68
600363	6382.71
000953	6374.7
300369	6371.6
000063	6321.35
002170	6245.78
002766	6210.87
603883	6208.26
600746	6188.21
300455	6139.1
600622	6129.7
000034	6076.56
300007	6068.24
601818	6063.62
002281	6054.12
000625	5957.43
600273	5953.19
600979	5928.02
600529	5913.28
002693	5910.8
300132	5909.56
002460	5879.6
300221	5859.16
002240	5858.99
002352	5850.22
600833	5837.7
300025	5828.6
600497	5800.89
601933	5798.0
002719	5796.92
600847	5792.83
300214	5729.25
600048	5720.11
600519	5702.94
600398	5680.76
002624	5600.91
002355	5520.27
300282	5517.02
002370	5502.54
002280	5488.0
601997	5462.17
300054	5426.85
300058	5389.96
002434	5337.34
002494	5280.67
000965	5262.38
002683	5252.45
000960	5241.49
603899	5215.26
300409	5193.35
600763	5188.65
002325	5134.46
000418	5120.57
600266	5076.81
002410	5075.13
600961	5059.99
300346	5059.5
000709	5010.27
601333	4912.81
300284	4904.04
002179	4879.16
000977	4873.98
600549	4825.72
600782	4824.76
300351	4818.37
600114	4781.83
000910	4772.46
600083	4762.52
002173	4737.78
600268	4728.17
000807	4724.54
600180	4723.23
603011	4702.86
600477	4689.55
603085	4689.2
000970	4685.73
600079	4661.64
002468	4616.94
002548	4613.74
002773	4608.04
600270	4553.8
600240	4511.39
002400	4508.52
000423	4403.0
600894	4399.94
300474	4399.32
002188	4386.17
603006	4249.39
600098	4191.63
600888	4157.68
603021	4147.24
600289	4139.07
000998	4075.4
000948	4034.28
300065	4019.45
002155	3991.72
300304	3922.41
300327	3893.45
000429	3872.84
300359	3817.46
600998	3792.31
600731	3785.2
601699	3777.88
300106	3749.69
000848	3656.0
300037	3635.91
300003	3625.87
601111	3619.95
300223	3618.65
000678	3596.32
002149	3586.88
002394	3583.31
300492	3578.8
002529	3506.93
600416	3505.67
300203	3494.43
600579	3451.68
002050	3426.66
600315	3368.34
002594	3335.4
603308	3321.77
603601	3314.48
300370	3310.57
002631	3286.16
600881	3269.5
002680	3255.06
300130	3250.83
002422	3249.86
603368	3236.62
000028	3231.28
002322	3227.61
601669	3212.88
601628	3211.5
002706	3195.83
600486	3139.07
600439	3135.86
300080	3074.77
603658	3033.67
002425	3015.56
002350	2973.54
600383	2973.52
300274	2972.07
300138	2941.87
002243	2940.16
600198	2935.55
002047	2933.25
000001	2848.03
600475	2829.5
600257	2826.95
000608	2797.63
002313	2796.07
002659	2756.8
002713	2745.17
000426	2740.03
002609	2727.51
601021	2710.2
002742	2668.73
600965	2663.52
002519	2567.62
603555	2565.99
300047	2543.24
600816	2512.23
002117	2509.39
600883	2467.9
000560	2422.42
300041	2401.45
002002	2389.1
600387	2385.67
600183	2368.4
002084	2355.72
300084	2331.8
300300	2329.36
002096	2307.23
600559	2306.22
600538	2273.68
000554	2272.84
002627	2246.27
002319	2235.28
002273	2219.59
300271	2204.55
000422	2200.9
300078	2190.5
601199	2184.45
000065	2174.2
300088	2161.91
300252	2157.9
002001	2150.58
002193	2148.67
000963	2129.7
000731	2121.0
600988	2118.83
600784	2118.44
002581	2095.8
300128	2070.94
000030	2067.91
600511	2060.37
600336	2021.67
600509	1975.0
300326	1957.38
600060	1950.71
603020	1944.3
002636	1904.39
600513	1900.8
600562	1872.02
300212	1868.35
002339	1866.12
600373	1855.37
300400	1852.57
002024	1843.84
002476	1840.89
002239	1836.88
002712	1823.65
600689	1819.84
600887	1808.51
600195	1807.05
601888	1804.63
600108	1804.43
002740	1767.69
000561	1759.5
600643	1694.95
300036	1633.12
600884	1626.37
601186	1621.8
600683	1613.25
300401	1602.14
600701	1583.7
300296	1579.76
002775	1577.83
000937	1560.0
000010	1545.76
300098	1531.13
002509	1494.41
002371	1483.85
300383	1478.51
600348	1473.56
002262	1457.87
000933	1443.0
002717	1440.89
002611	1440.56
600015	1436.75
600702	1431.32
002664	1415.37
000915	1408.6
600330	1362.37
600418	1332.67
600699	1332.11
600963	1317.2
600687	1316.98
601689	1311.86
600807	1309.8
603010	1285.5
600990	1266.43
300379	1262.26
600259	1261.24
600476	1255.45
000783	1249.34
000796	1248.22
601318	1235.09
002059	1231.1
000606	1224.94
002241	1209.2
000603	1208.99
300253	1174.7
002605	1155.4
601088	1140.0
300262	1134.91
601198	1106.36
600749	1094.61
000739	1092.8
600826	1081.69
002465	1072.07
300069	1062.93
600859	1052.82
300265	1049.94
600074	1046.79
300251	1022.01
000928	1005.42
600751	1004.96
600000	1004.87
300182	1001.36
300226	995.18
300011	991.22
300336	990.85
002055	985.97
000825	983.11
002462	973.71
000501	961.5
000752	961.31
002026	932.83
300431	923.59
300016	922.21
002316	906.92
300168	904.88
600376	904.57
600821	891.58
601238	885.64
300199	881.6
600970	879.12
300250	867.39
601336	867.06
002563	854.8
300213	843.2
600600	827.06
000630	825.6
002503	823.99
000530	823.2
600123	820.76
002112	813.16
300292	791.87
002312	790.73
600395	788.64
300109	786.57
300071	783.09
600771	781.13
000547	774.12
603199	772.73
000697	772.2
002126	745.16
300494	739.6
600479	728.57
600066	727.98
600528	719.92
000100	715.86
002625	712.47
000925	710.04
002304	702.41
300444	685.62
300244	682.28
000021	678.29
000978	669.6
300366	667.35
601857	666.26
002299	660.8
000708	658.61
002565	650.34
601618	647.17
600809	642.08
600282	635.0
300096	622.5
603009	622.05
601009	621.14
002221	618.04
300367	606.75
300103	603.9
601678	593.0
000058	591.56
600754	590.23
300291	586.06
000922	584.88
601328	579.77
300166	579.69
002293	575.63
002406	568.66
002049	566.68
300344	564.4
000938	564.3
000002	563.18
002458	549.92
000538	540.1
601688	538.5
601211	535.22
002638	525.81
000810	521.7
601155	517.12
601668	515.46
601998	514.59
000402	511.45
000790	503.97
002358	500.27
002087	495.3
600055	487.82
300101	487.52
002265	477.85
002688	476.0
300465	474.01
600064	471.54
002439	467.61
600703	462.65
600248	442.33
000623	434.69
002395	429.94
600548	420.92
002133	417.57
002544	416.54
002630	409.03
601169	407.79
601398	407.65
000980	402.31
002756	394.32
600845	392.52
600984	391.05
600327	391.05
600721	389.28
002726	389.07
002230	387.22
600508	386.03
603167	384.81
000698	384.65
000997	383.94
600740	383.36
300416	377.61
002567	372.85
600369	360.5
000338	359.19
600132	354.6
002364	349.59
600572	346.0
002500	325.97
600323	325.6
600448	322.26
300377	321.78
300224	319.19
002426	318.82
600561	312.36
600605	310.04
300422	309.71
600985	306.99
600727	304.11
600054	302.76
600340	301.78
300005	297.62
600719	297.04
002279	294.72
002057	293.48
600099	285.93
002077	282.59
300294	268.32
300316	267.39
002533	258.48
600576	255.85
600285	254.37
002071	248.63
000158	241.92
300119	238.2
002739	228.75
300322	218.52
601601	215.63
601028	207.43
600557	204.43
000523	204.3
601006	202.88
002674	199.8
601633	199.05
000800	198.93
000927	191.88
300124	189.1
601600	187.0
600978	172.05
002602	167.86
000695	167.4
600662	164.5
000014	160.8
603686	156.15
002245	155.2
002619	153.15
600671	152.1
300358	151.48
002332	149.16
603669	147.91
002183	147.55
600775	144.1
002249	135.27
600781	134.03
300289	133.58
600613	133.22
002412	132.85
603123	131.43
600071	129.39
002121	126.59
002433	113.1
603989	111.74
600452	107.07
000823	101.04
300312	99.39
002612	96.44
600281	91.39
002564	89.38
600169	88.08
002146	87.58
002105	86.26
002272	86.17
002687	85.68
000004	83.16
000782	82.78
300450	82.65
300029	82.38
300410	81.23
000609	79.85
000613	78.44
002718	77.69
002493	77.18
603158	77.09
300018	76.82
002771	76.7
600393	76.64
600898	75.81
0	57.0
000690	48.0
603986	18.83
600893	16.81
002673	16.6
002092	16.58
002302	15.68
002657	14.81
600399	14.7
600977	13.74
601811	10.87
603008	10.65
600908	9.23
600688	8.66
603118	8.16
002510	8.1
7	8.0
300541	6.67
300534	5.58
9	5.0
002815	3.66
300546	3.56
300536	3.51
002813	0.89
300548	0.89
3	0.0
5	0.0