600519	1.5977
000651	1.3627
002415	1.0634
002572	0.994
002035	0.9782
000568	0.8638
000858	0.8302
600056	0.8221
002508	0.7763
000333	0.6652
000963	0.6372
002310	0.5958
002475	0.5912
300136	0.5854
300197	0.5776
002217	0.5736
300145	0.5298
600104	0.525
600887	0.5206
600340	0.5196
002043	0.4825
600068	0.478
000423	0.4568
002311	0.4379
600036	0.4238
601398	0.419
002236	0.4136
300296	0.4015
600622	0.3666
600522	0.3557
002241	0.3242
000418	0.2955
002372	0.2944
300355	0.2909
001979	0.287
600660	0.2768
600309	0.262
601933	0.26
002127	0.2588
002450	0.2444
300156	0.2436
601318	0.2411
600196	0.2396
600566	0.2342
000538	0.227
300408	0.2229
000967	0.2229
600779	0.2218
002304	0.2129
600116	0.2083
002138	0.204
601601	0.2022
601288	0.2009
600166	0.1986
002456	0.1932
603377	0.1898
002050	0.1846
000925	0.1836
002271	0.1816
000829	0.1798
002273	0.1794
002664	0.1776
002511	0.1776
000001	0.1754
002003	0.1738
600585	0.1728
600406	0.1677
600201	0.1659
000400	0.1644
601166	0.1631
600029	0.163
600674	0.161
600884	0.1602
000910	0.1553
000063	0.1534
002192	0.1485
601111	0.1476
000661	0.144
600741	0.1421
000049	0.1405
600298	0.1389
000820	0.1388
000039	0.1386
002466	0.1374
601607	0.1346
300285	0.1333
300115	0.1301
002583	0.1259
600535	0.1254
600690	0.125
601012	0.123
002019	0.1213
300144	0.1207
002120	0.1205
601901	0.1196
600703	0.1149
603808	0.1147
600000	0.114
600146	0.1126
600015	0.1124
601668	0.1092
603818	0.1079
603778	0.1074
600197	0.1068
603899	0.1067
002675	0.1061
300203	0.1037
600258	0.1014
002007	0.1011
002032	0.0987
002694	0.0986
601009	0.0971
603579	0.097
600990	0.0963
002509	0.096
300097	0.0943
000888	0.0942
600109	0.094
000089	0.0934
300406	0.0911
600867	0.0907
600426	0.0903
600240	0.0899
600872	0.0895
002640	0.0892
603366	0.0891
002358	0.0888
601766	0.0887
000799	0.0881
601186	0.0875
002250	0.0861
601988	0.0857
002117	0.085
601689	0.0848
600557	0.0843
601377	0.0839
002051	0.0838
002195	0.0836
002244	0.0832
002589	0.0831
002285	0.0823
603111	0.0819
600048	0.0812
000065	0.0802
600739	0.08
603108	0.0795
600066	0.0786
002568	0.078
002008	0.0778
002581	0.0774
601169	0.0772
601818	0.0771
600477	0.0769
603556	0.0762
600900	0.0761
600985	0.076
002303	0.0758
600019	0.0757
300308	0.0744
000018	0.0744
600993	0.0743
603589	0.0733
000028	0.0718
002562	0.0714
002094	0.0711
000921	0.0704
600007	0.0703
300450	0.07
600009	0.07
600885	0.069
300433	0.0689
600297	0.0686
300065	0.0682
002833	0.0682
000596	0.0665
002142	0.0646
002614	0.0644
000923	0.0636
600967	0.0631
000915	0.063
601939	0.0628
603008	0.0604
000776	0.0585
600809	0.0584
600373	0.0572
300070	0.0569
600055	0.0567
300161	0.0564
000778	0.0556
002727	0.0552
300129	0.0551
300310	0.0524
300072	0.0522
601997	0.0514
002616	0.0512
600664	0.0505
002223	0.0504
000625	0.0502
600183	0.0502
002299	0.0497
03888	0.0496
000928	0.0495
300147	0.0492
600879	0.0492
601899	0.049
300078	0.0486
300273	0.0481
002431	0.0481
000543	0.048
600823	0.048
000539	0.0479
002709	0.0479
00285	0.0478
002179	0.0475
300545	0.0475
300306	0.0474
600325	0.0472
002643	0.0471
002497	0.047
300011	0.0467
000403	0.0467
000919	0.0457
002449	0.0455
002502	0.0443
600031	0.044
601225	0.0439
300106	0.0439
000630	0.0439
600691	0.0434
300049	0.0431
002595	0.043
600521	0.0424
002279	0.0418
600028	0.0417
600584	0.0412
002383	0.0411
01398	0.0409
601888	0.0407
000513	0.0402
300003	0.0401
603018	0.0398
300064	0.0393
300275	0.0389
300224	0.0388
600498	0.0386
002245	0.0386
002353	0.0385
603611	0.0385
601669	0.0381
600114	0.038
603328	0.0377
00934	0.0375
603703	0.0372
300324	0.037
00939	0.037
600089	0.0367
600285	0.0363
300229	0.0362
00257	0.0361
000811	0.0355
600054	0.0351
600305	0.0351
002024	0.0348
02318	0.0346
600643	0.0342
601328	0.0341
603979	0.034
600804	0.034
002460	0.0335
300038	0.0334
03311	0.0333
002202	0.0332
002683	0.0332
300054	0.0331
600038	0.0326
002480	0.0323
00392	0.0321
601058	0.0317
000807	0.0312
000822	0.0309
601800	0.0309
000980	0.0295
601618	0.0291
601628	0.029
002554	0.029
601336	0.029
00914	0.0287
300263	0.0286
000669	0.0285
601390	0.0283
600489	0.0282
300271	0.0281
600487	0.0263
601117	0.0254
300007	0.0246
603288	0.0238
002705	0.0234
600518	0.0218
002045	0.0209
002235	0.0208
600273	0.0201
000887	0.0201
002391	0.0199
600276	0.0184
000729	0.0148
600332	0.0074
600419	0.0057
300456	0.0054
600837	0.0043
600637	0.0039
002400	0.0038
002242	0.0038
002422	0.0033
600633	0.0032
601998	0.0029
601088	0.0028
600271	0.0026
600176	0.0024
603768	0.002
603833	0.0019
601098	0.0018
603178	0.0007
603388	0.0005
000697	0.0004
601366	0.0004
601228	0.0002