600547	138799.19
600489	111012.16
600519	75993.9
002699	66116.58
000858	65760.99
601899	60841.82
600115	55612.28
002007	51073.58
600029	50826.64
600305	50041.75
002155	45314.67
600571	44457.59
300266	43450.64
000568	42919.01
300342	41240.79
002617	40365.64
600521	40285.94
600988	39488.14
002445	39404.63
600136	38923.57
002572	37864.71
002716	36904.31
300252	36770.97
601111	36345.83
300356	35784.93
002522	35495.31
002262	34706.41
300296	34477.8
600715	34346.37
300456	33196.87
002308	32977.66
000895	32629.14
600066	30025.25
600887	26941.67
002175	26665.16
000333	26070.38
300165	25973.88
600867	25556.24
002338	25001.23
603300	24630.4
600068	24626.01
000999	24217.65
300353	24122.08
002414	23733.6
000960	23441.83
600038	23243.73
600138	23175.2
600221	22935.61
002680	22729.87
600622	22113.54
000933	22079.8
600687	21884.5
600276	21467.27
600076	21210.3
002111	20860.23
600497	20780.87
600641	20763.94
000911	20298.0
000423	20216.94
002675	19868.64
300159	19740.12
002023	19707.52
000059	19700.7
600085	19685.18
002635	19660.04
300207	19518.98
600298	19322.49
601668	19152.0
601318	19093.97
002179	18784.96
600511	18672.53
000807	18464.95
002773	18216.85
601166	17817.69
603456	17445.79
000001	17262.57
601225	17223.96
002439	17173.59
600498	17111.34
300367	16867.88
000963	16715.2
002553	16635.07
300145	16432.18
002281	16362.22
000055	16252.54
300429	16200.02
002127	16047.21
000869	16021.0
600594	15979.85
002464	15816.33
000060	15682.29
600559	15677.86
300285	15065.52
600246	14759.59
002236	14713.85
300203	14589.23
002614	14513.84
601799	14251.46
002042	14135.47
002640	14096.62
600965	14054.29
300047	13890.29
600900	13885.89
600238	13804.86
002215	13749.42
600146	13717.74
600188	13521.72
002368	13474.64
300170	13358.4
300304	12911.44
002381	12882.77
002230	12881.59
601069	12758.89
300219	12755.84
002512	12738.68
002727	12233.49
000078	12166.41
002329	12138.97
000860	12102.84
600987	12077.62
300420	12004.35
600690	11742.09
002340	11684.21
000069	11519.79
000975	11256.55
002153	11102.04
300149	11070.0
002450	11047.54
002304	11021.56
300109	10985.75
002191	10879.69
600007	10706.74
300005	10536.88
002626	10110.0
300011	10109.76
300213	10009.29
000089	9775.05
002400	9642.5
300196	9282.8
002131	9075.02
300498	9055.0
601633	9045.22
002589	8869.05
000065	8749.45
300009	8721.85
300182	8672.43
001979	8623.72
000887	8622.9
600990	8527.36
000418	8420.34
002013	8257.59
002299	8200.79
601028	7879.57
600309	7808.44
000768	7797.75
000726	7721.19
000550	7673.4
002138	7598.21
300033	7542.04
000603	7435.67
300389	7308.44
000028	7291.2
300018	7206.75
300016	7176.69
600612	7142.98
600491	7140.99
000906	7097.33
002383	7076.43
601601	7030.37
002462	6965.87
601607	6858.93
600179	6815.65
603678	6576.11
601800	6532.96
002271	6472.96
002426	6280.73
601137	6262.58
002542	6116.63
000983	6097.62
000915	6013.07
300008	5993.88
000070	5973.28
002415	5952.63
002659	5927.06
600395	5846.17
002460	5773.02
600667	5714.21
002662	5590.7
002508	5548.59
600318	5542.1
002466	5514.86
300068	5330.25
000670	5316.0
600552	5314.4
002124	5164.91
300336	5079.79
002047	5016.85
002745	5006.88
000038	4981.6
002312	4964.9
000910	4944.0
000002	4918.0
002588	4914.07
002398	4861.8
002343	4842.59
600048	4837.21
002394	4832.0
600382	4800.0
600459	4781.03
000799	4759.76
600015	4659.36
601566	4632.0
002673	4575.67
002611	4552.0
002511	4531.63
600266	4452.06
600562	4422.62
002521	4353.05
600271	4309.16
300210	4287.4
601328	4279.67
600855	4256.45
002121	4205.44
600203	4182.04
300303	4182.02
002351	4147.26
300102	4131.27
300302	4125.14
000532	4027.48
002513	3952.18
002549	3927.2
601669	3869.77
300065	3708.9
000801	3696.6
600372	3679.82
600422	3652.57
000661	3627.66
000758	3564.9
002025	3477.84
002108	3446.42
600398	3390.0
601998	3371.69
600482	3277.0
600557	3273.19
002475	3269.87
300136	3200.02
002245	3149.63
601015	3130.35
600259	3120.14
600093	3102.5
600549	3083.6
002152	3068.45
300114	2883.96
600682	2847.0
002171	2843.17
002065	2808.14
300073	2734.83
600478	2715.75
000970	2687.84
600348	2640.38
002609	2638.5
300233	2605.84
600528	2596.19
002458	2569.13
002123	2560.5
000657	2546.42
002239	2542.23
600820	2482.06
002533	2476.96
603799	2476.03
300101	2475.75
002041	2437.93
300058	2405.12
300059	2384.95
300224	2316.88
000937	2188.4
300409	2153.34
600325	2112.08
002643	2047.92
002695	2014.4
000606	1936.36
600888	1891.1
002530	1872.02
002076	1862.24
002361	1836.79
300326	1823.44
300379	1818.25
002371	1797.53
002743	1736.27
002546	1717.8
000601	1712.5
002048	1680.26
002035	1666.26
300017	1646.7
600373	1621.72
000650	1618.85
300310	1608.82
000795	1603.36
603766	1597.38
300098	1587.36
000413	1558.91
600150	1509.67
000540	1501.61
002074	1430.46
300267	1403.19
300197	1386.07
600419	1382.28
600731	1379.08
002688	1366.11
600826	1357.22
600595	1351.83
000971	1336.96
000750	1336.08
002425	1320.0
300357	1318.1
600784	1264.76
300142	1260.15
600885	1245.9
603686	1238.82
300113	1228.45
002050	1225.84
601689	1199.6
300398	1196.8
300316	1192.1
600699	1174.66
603111	1174.25
002157	1172.62
002221	1158.05
002094	1153.83
300383	1137.0
600566	1132.56
002385	1128.4
603308	1120.67
300012	1103.48
002714	1100.29
300322	1096.92
601699	1089.92
600629	1080.2
600509	1080.16
600570	1068.32
300072	1059.21
600869	1057.17
300007	1047.0
300061	1040.32
300373	1030.1
002081	1022.04
002165	1007.6
300236	984.99
300161	980.8
002078	976.0
601088	970.83
002249	957.6
002631	950.95
600882	945.64
002169	945.04
600479	928.95
601198	925.05
002568	880.0
002625	877.84
300426	872.96
300503	847.2
600197	842.24
601933	817.74
600805	817.58
000783	812.0
000421	800.74
600184	792.34
000547	782.28
601898	779.16
002590	778.25
300178	768.0
000633	768.0
600104	761.69
600328	755.16
000572	751.98
600741	745.18
300250	737.39
000625	734.64
600651	715.54
300350	714.0
600702	708.23
002311	702.24
300340	633.84
000876	630.88
000978	630.6
300076	629.99
002019	615.2
600883	613.59
000796	611.8
600338	611.31
002103	606.3
300468	604.69
300049	594.25
002565	592.74
601688	567.6
600123	557.99
000810	542.1
000957	518.94
002366	514.44
300488	514.37
600537	496.06
601818	488.8
002519	479.45
300284	476.82
300237	466.77
000967	443.13
000402	440.41
000498	428.51
002586	420.21
002544	416.28
600418	394.22
002367	391.31
002500	385.85
600369	363.0
300133	360.19
002097	352.12
002428	350.73
300026	347.8
300031	294.87
600406	269.14
002218	250.72
002322	240.73
002247	239.46
002593	238.64
600108	218.89
603866	217.53
600143	193.2
600270	174.9
601169	160.01
600160	159.45
300341	159.08
300042	154.24
300393	153.51
002141	153.42
600576	153.04
000703	148.05
300081	146.83
002470	145.61
002315	134.92
002325	134.84
300078	133.76
600584	131.89
002707	121.8
600750	117.91
002092	114.97
300191	109.29
300339	93.18
002100	90.35
002399	87.3
600970	86.32
000932	85.4
300088	83.63
002661	82.05
300118	82.04
002079	80.98
002083	80.96
600313	79.11
300100	75.35
603328	75.33
002583	73.08
002649	70.04
601985	68.3
000538	64.3
600315	28.84
0	19.0
002657	16.48
002327	16.33
603939	16.31
000888	16.01
300037	14.34
002294	13.6
002055	12.86
002405	12.3
002292	11.98
000848	5.98
601611	2.09
7	1.0
4	1.0