0	44.0
000651	5.3941
600519	4.4881
000858	4.392
000568	3.4249
000333	2.7153
002572	2.648
600068	2.5896
002475	2.546
002456	2.4996
000423	2.4328
000963	2.1059
300136	2.0985
300156	2.0566
600056	2.011
600887	2.0103
002415	1.6774
002241	1.6765
300115	1.5928
002236	1.5625
002035	1.5538
600104	1.4987
002508	1.4893
601318	1.3577
600703	1.3091
002043	1.2033
300145	1.1785
002466	1.1481
002310	1.1218
002635	1.1211
600036	1.1076
300197	1.0932
000538	1.087
600196	1.0422
000065	0.9996
601398	0.9982
002460	0.9742
002217	0.9647
002450	0.9558
600340	0.9206
601933	0.8622
600779	0.8314
300296	0.831
002311	0.8158
600276	0.809
000928	0.8086
601328	0.7957
300408	0.7906
601009	0.7875
000820	0.7852
601607	0.7697
002185	0.7632
002008	0.7562
600298	0.7339
002589	0.7147
000049	0.6933
600518	0.6906
002142	0.6871
002007	0.6804
600309	0.675
000063	0.6739
600110	0.6705
300072	0.6597
601186	0.6545
002045	0.6468
600900	0.6443
600584	0.6437
601166	0.6107
000910	0.61
00700	0.6064
601012	0.6013
600048	0.5998
601668	0.5991
600660	0.5967
001979	0.5918
002050	0.5905
002640	0.5744
600867	0.5706
002434	0.5695
600487	0.5639
600240	0.5633
600089	0.5607
600885	0.5575
000418	0.5482
600079	0.5455
600066	0.5331
600332	0.5296
600622	0.5264
601288	0.5262
300144	0.5118
002138	0.5078
600643	0.5021
002271	0.4987
002304	0.4971
600522	0.4965
601939	0.4949
002372	0.4914
300285	0.4877
002127	0.4789
600029	0.4748
601800	0.4731
600585	0.4685
002583	0.467
601988	0.4668
000661	0.4639
300450	0.4625
600201	0.4538
002714	0.4502
000968	0.4499
600566	0.4475
600741	0.4447
600019	0.4422
002120	0.4345
000001	0.4331
601689	0.4318
002509	0.4296
002273	0.4283
002051	0.4227
300088	0.4144
000921	0.4103
000925	0.4055
300355	0.3985
600030	0.3957
300203	0.3923
300083	0.39
601155	0.3889
000895	0.3866
300097	0.3856
603589	0.385
002117	0.3745
603588	0.3736
600146	0.3694
000596	0.3669
603808	0.3667
601111	0.3654
000028	0.3649
002019	0.3627
300433	0.3604
600166	0.3582
600535	0.3576
03888	0.3562
600477	0.3504
600884	0.3447
600028	0.3414
601997	0.337
00175	0.3347
02238	0.3332
600109	0.3306
000967	0.3257
601117	0.3253
300065	0.3246
600690	0.3245
300070	0.3242
002366	0.3167
000018	0.3159
002343	0.3151
002507	0.314
600760	0.3111
300142	0.3082
300068	0.3078
600258	0.3075
000513	0.306
300124	0.3026
000786	0.2976
000625	0.2964
002299	0.2939
300365	0.292
603377	0.2886
000711	0.2856
600038	0.2831
002195	0.2811
600183	0.2804
002179	0.2799
000999	0.2793
002108	0.2787
002581	0.2752
000768	0.2749
300324	0.2737
601006	0.271
600338	0.2698
601899	0.265
00371	0.2645
300161	0.2614
600426	0.2565
600015	0.2561
002511	0.2532
300308	0.2519
000089	0.25
600886	0.2485
601336	0.2479
002384	0.2471
601888	0.244
002431	0.2434
000338	0.2423
300207	0.2419
002094	0.2413
300367	0.2407
600674	0.2404
600406	0.2403
002085	0.2395
002555	0.2388
600593	0.2377
603355	0.2373
000998	0.236
300015	0.234
002570	0.233
300129	0.2323
02018	0.2323
002262	0.2295
601628	0.2291
002479	0.2289
300271	0.2288
002530	0.2268
601601	0.2261
000039	0.2261
600116	0.2246
002044	0.2229
600547	0.2208
002103	0.2188
002003	0.2167
600114	0.2164
600809	0.2138
600197	0.207
000630	0.2063
002081	0.2053
600879	0.2045
300232	0.2042
601818	0.2033
000739	0.2019
600739	0.2003
600436	0.1998
603818	0.1997
600009	0.1991
300122	0.1982
002614	0.1965
000776	0.1965
002411	0.195
002332	0.1941
002426	0.192
002192	0.1916
600872	0.1898
002024	0.1896
002027	0.1889
300332	0.1886
600750	0.1853
600693	0.1842
601717	0.1839
603899	0.1839
002675	0.1837
601169	0.183
000400	0.1818
600409	0.1809
600521	0.1809
603108	0.1808
002036	0.18
000829	0.1798
002664	0.1776
603799	0.1776
600155	0.1773
601333	0.1773
002636	0.1768
600525	0.1765
002368	0.1757
300294	0.1754
300138	0.1725
600985	0.1713
002462	0.1702
300406	0.1692
600000	0.1687
600686	0.1683
002358	0.1675
002250	0.1674
600456	0.1671
601699	0.1665
300031	0.1661
300137	0.1654
002303	0.1644
600963	0.1636
600967	0.1615
603368	0.1612
603111	0.1608
601633	0.1592
300003	0.1579
600691	0.1573
300011	0.1573
002026	0.1572
000823	0.1569
600491	0.1566
002616	0.1562
601766	0.1562
600335	0.1554
002222	0.154
600873	0.1529
002568	0.1521
002624	0.152
600489	0.1517
00570	0.1516
002032	0.1492
600060	0.1473
600820	0.1472
600016	0.1465
002244	0.1464
603040	0.1463
300104	0.1456
002180	0.1452
002573	0.1443
000799	0.1435
300418	0.1434
00939	0.1428
000581	0.1427
600297	0.1413
00494	0.141
002223	0.1408
000725	0.1386
000915	0.1385
600718	0.1376
603626	0.1374
002777	0.1371
300476	0.1371
00005	0.1367
600305	0.1365
000888	0.1341
002078	0.1336
600557	0.1329
002202	0.1318
000002	0.1316
600682	0.1307
002502	0.1306
600273	0.1299
002705	0.1296
603018	0.1295
002029	0.129
600153	0.1288
002694	0.1288
002188	0.1284
002285	0.1279
000778	0.1279
002480	0.1278
600312	0.1277
000826	0.1272
600325	0.1269
600664	0.1265
603898	0.1253
002353	0.1252
300058	0.1237
600420	0.1236
600502	0.1231
600993	0.123
300456	0.1228
02020	0.1222
000403	0.122
300267	0.1209
000402	0.1207
601965	0.1206
300258	0.1205
00867	0.1202
002677	0.1198
601901	0.1196
603678	0.1196
600998	0.1195
002439	0.1192
300100	0.1182
600085	0.1178
603686	0.1173
600195	0.1168
601377	0.1165
002683	0.116
000800	0.116
603556	0.1135
000709	0.1128
300212	0.1123
000425	0.1114
600143	0.111
002410	0.1102
000811	0.1076
603778	0.1074
600667	0.1069
603328	0.1055
603703	0.1042
000980	0.1042
002773	0.1027
601390	0.1019
600864	0.1012
002430	0.1005
600520	0.0986
603008	0.0975
603579	0.097
601600	0.097
002126	0.0968
600373	0.0966
000550	0.0966
000919	0.0963
600990	0.0963
002394	0.0959
600834	0.0959
300287	0.0953
002013	0.0952
300054	0.0951
002739	0.0946
002727	0.0946
000821	0.0945
00981	0.0932
300568	0.0931
600466	0.0926
300463	0.0924
000923	0.0923
600511	0.0922
600562	0.0922
300316	0.0905
603601	0.0894
603366	0.0891
603006	0.0889
600768	0.0881
600176	0.0879
002214	0.0875
300393	0.0871
000970	0.0868
002609	0.0867
002074	0.0864
300049	0.0862
300284	0.0862
002468	0.086
00874	0.0856
600803	0.0853
03311	0.0852
300364	0.0849
600559	0.0848
000401	0.0847
300310	0.0843
002277	0.084
300231	0.0838
600054	0.0836
600498	0.0836
002400	0.0832
002564	0.083
000797	0.0828
002421	0.0825
300274	0.0819
600271	0.0814
601669	0.0813
000807	0.081
603737	0.081
600452	0.0808
600742	0.0808
300306	0.0807
000718	0.0806
600581	0.0801
002497	0.0794
300302	0.0789
000606	0.0782
600419	0.0779
000417	0.0775
300244	0.0773
600702	0.077
02318	0.0769
600751	0.0758
000876	0.0754
02382	0.075
002637	0.0747
002153	0.0739
002738	0.0738
600266	0.0733
002567	0.073
600600	0.0729
300279	0.0724
000020	0.072
600926	0.072
002294	0.0717
601225	0.0717
002562	0.0714
600256	0.0714
300224	0.0711
600372	0.071
601919	0.0709
600031	0.0707
000949	0.0706
600007	0.0703
300148	0.07
000404	0.07
603883	0.0698
000069	0.0692
600267	0.0691
000059	0.0691
002838	0.069
002258	0.0688
002680	0.0688
300303	0.0686
600219	0.0682
603288	0.0682
002833	0.0682
000666	0.0679
002398	0.0679
600661	0.0676
000869	0.0669
603338	0.0659
603019	0.0658
600132	0.0656
002672	0.0654
002047	0.0654
000951	0.0648
002322	0.0647
603939	0.0646
01398	0.0646
600376	0.0642
600614	0.0641
300351	0.0639
002464	0.0637
002245	0.0634
00027	0.0633
600072	0.063
601857	0.0629
600308	0.0628
300252	0.0625
01299	0.0625
600987	0.0622
000541	0.062
000789	0.0617
600285	0.0615
601088	0.0614
0371	0.0614
03968	0.0614
02388	0.0612
600835	0.061
601058	0.0608
600061	0.0607
601233	0.0607
600731	0.0599
002599	0.0594
002554	0.0593
300180	0.059
000997	0.0589
600208	0.0588
300347	0.0587
601618	0.0582
600966	0.0582
600775	0.0576
00388	0.0575
600597	0.0574
000669	0.057
601595	0.0568
600055	0.0567
300017	0.0566
600888	0.0565
002230	0.0564
000848	0.0564
600004	0.0556
01316	0.0547
002020	0.0536
000597	0.0532
300061	0.0532
600509	0.0532
002252	0.053
002341	0.0529
600833	0.0525
000860	0.0522
01919	0.0518
600827	0.0517
002376	0.0514
600188	0.0512
603306	0.0511
300323	0.0508
002200	0.0505
002340	0.0505
600138	0.0502
600735	0.0498
600708	0.0498
600062	0.0497
300349	0.0496
000066	0.0495
000429	0.0495
603005	0.0495
300147	0.0492
600198	0.0492
000705	0.0491
600392	0.0491
000678	0.049
002669	0.0487
600816	0.0487
300078	0.0486
002314	0.0484
600897	0.0482
300106	0.0482
300273	0.0481
600823	0.048
000543	0.048
300033	0.048
000539	0.0479
002709	0.0479
00285	0.0478
600428	0.0478
600804	0.0476
002146	0.0475
300257	0.0475
300383	0.0475
300545	0.0475
002390	0.0473
002707	0.0472
600399	0.0472
002643	0.0471
300447	0.047
000960	0.0469
603017	0.0466
600919	0.0466
002765	0.0465
600270	0.0463
600500	0.0463
000975	0.0462
600586	0.0456
000878	0.0456
002449	0.0455
600528	0.0452
000530	0.0445
300526	0.0444
600362	0.0442
000567	0.0442
300336	0.0438
300141	0.0436
600699	0.0436
601677	0.0432
300312	0.0431
002595	0.043
000965	0.043
300410	0.0427
002766	0.0427
002002	0.0419
002279	0.0418
002053	0.0417
600192	0.0415
600635	0.0415
002049	0.0415
300183	0.0414
01336	0.0413
300238	0.0413
601000	0.0412
002383	0.0411
002756	0.0411
300152	0.0409
300089	0.0408
300012	0.0408
300081	0.0407
300084	0.0406
002387	0.0406
000035	0.0405
300461	0.0405
300219	0.0402
000504	0.04
300340	0.0393
300064	0.0393
000952	0.0392
000590	0.0391
300299	0.039
300275	0.0389
603611	0.0385
300025	0.0384
600337	0.0382
000553	0.0381
300588	0.038
600527	0.038
600425	0.0379
002458	0.0378
002841	0.0376
000608	0.0376
00934	0.0375
601998	0.0375
600977	0.0373
000516	0.0371
600845	0.0366
000070	0.0362
300229	0.0362
00257	0.0361
300202	0.036
300226	0.0359
600306	0.0358
000930	0.0358
002048	0.0358
002521	0.0357
603989	0.0356
01093	0.0355
000100	0.0355
601231	0.0353
300204	0.0348
300009	0.0346
600167	0.0345
300159	0.0345
603979	0.034
600172	0.0339
600784	0.0338
600856	0.0338
000529	0.0336
002541	0.0336
603866	0.0335
600681	0.0334
000948	0.0334
300038	0.0334
000756	0.0333
300337	0.0332
600315	0.0332
01530	0.0331
01112	0.033
02282	0.033
300317	0.0326
002247	0.0325
000938	0.0324
00392	0.0321
000881	0.032
600458	0.0319
000911	0.0316
600485	0.0316
601799	0.0314
002690	0.0313
601688	0.0313
601666	0.0312
002611	0.0312
002060	0.0311
600389	0.0311
002396	0.0311
000615	0.031
000822	0.0309
06881	0.0309
603996	0.0302
600771	0.0299
600352	0.0298
600050	0.0298
300021	0.0296
603868	0.0295
600027	0.0295
603816	0.0294
300432	0.0288
00914	0.0287
300188	0.0287
002601	0.0286
300263	0.0286
603986	0.0284
00902	0.0283
600745	0.0282
002174	0.0282
02899	0.0281
600011	0.0279
002182	0.0275
02628	0.0274
00966	0.0273
600033	0.0272
03988	0.027
01186	0.0269
002101	0.0268
002399	0.0268
600169	0.0267
000519	0.0263
600327	0.026
000899	0.026
600855	0.0257
300567	0.0255
000792	0.0253
002638	0.0253
002503	0.0251
002831	0.0251
601877	0.0249
300362	0.0246
300007	0.0246
600723	0.0245
002175	0.0244
300426	0.0243
300496	0.0243
300101	0.0242
002701	0.0241
600008	0.024
002022	0.0239
601991	0.0239
600894	0.0239
601566	0.0234
600801	0.0234
300116	0.0233
600486	0.0228
000728	0.0222
600685	0.0221
000411	0.0219
600594	0.0215
601211	0.0213
600837	0.0212
002235	0.0208
600565	0.0204
600850	0.0203
000887	0.0201
000708	0.02
002338	0.0199
002391	0.0199
300590	0.0199
002600	0.0198
002385	0.0197
01928	0.0196
601021	0.0195
000882	0.0192
300113	0.0191
600713	0.0189
603515	0.0189
600128	0.0186
002308	0.0181
002414	0.0179
600151	0.0178
000153	0.0177
002087	0.016
600377	0.015
601555	0.0148
000729	0.0148
600859	0.0143
002716	0.014
601985	0.0134
601229	0.0131
002463	0.0128
601107	0.0128
601678	0.0128
000415	0.0127
600578	0.0126
600429	0.0126
600105	0.0126
000983	0.0126
002128	0.0126
600383	0.0122
600020	0.0122
601179	0.012
000027	0.012
002493	0.012
601098	0.0119
000783	0.0118
300498	0.0117
300134	0.0114
002162	0.0112
000032	0.0106
603169	0.0102
300392	0.01
002076	0.0097
300214	0.0097
601008	0.0094
002666	0.0094
002270	0.0094
600117	0.0094
600461	0.0094
600792	0.0092
600637	0.0089
000978	0.0086
600255	0.0084
000682	0.0082
000916	0.0078
002160	0.0078
002204	0.0073
002351	0.0073
00991	0.007
002004	0.0069
600115	0.0063
600787	0.0061
600688	0.0058
603833	0.005
03993	0.0049
02386	0.0048
002242	0.0038
603768	0.0034
002422	0.0033
600633	0.0032
000166	0.0032
002090	0.0031
002821	0.0031
300291	0.0031
01658	0.0029
601228	0.0018
601366	0.0014
603727	0.0012
603179	0.001
603303	0.001
603178	0.0007
603388	0.0005
000697	0.0004
300621	0.0003
603806	0.0001
002172	0.0