0	74.0
600519	3.061
601398	2.2441
000001	2.0155
601318	1.8746
000858	1.8336
000651	1.828
600104	1.7974
000333	1.4261
600028	1.4254
600887	1.3999
002142	1.0808
601988	1.0106
600900	0.9586
000568	0.9509
601288	0.9481
002415	0.8373
600547	0.8159
600276	0.8039
601939	0.8002
600036	0.771
00700	0.7702
601169	0.7651
000963	0.7493
601009	0.7466
601166	0.7228
600309	0.694
600703	0.6721
600066	0.6343
600079	0.631
601607	0.6129
002572	0.6128
600867	0.5888
600015	0.5888
600068	0.5836
000538	0.5768
002475	0.5554
000725	0.5479
000423	0.53
600584	0.5027
600409	0.5023
000998	0.4903
601818	0.4836
601328	0.4749
600820	0.468
601006	0.466
000625	0.4623
300070	0.4622
600048	0.4565
002311	0.4467
002310	0.4367
600998	0.4365
002236	0.4355
600056	0.4353
601688	0.4338
600585	0.4309
02238	0.4246
000063	0.4237
600643	0.4143
600030	0.4096
002250	0.4014
600660	0.3982
600138	0.3913
601628	0.3898
000895	0.3879
002202	0.3873
601857	0.3829
600498	0.3807
000018	0.3793
601899	0.3748
300144	0.3594
03888	0.3537
00939	0.3502
601336	0.3485
300498	0.345
002041	0.3447
600019	0.3404
000786	0.3368
600060	0.3269
600009	0.3221
002456	0.3203
600000	0.3176
600919	0.3173
000513	0.3137
600016	0.3096
600155	0.3091
02357	0.3084
000661	0.3084
002299	0.3049
600195	0.3032
601668	0.3032
002450	0.3002
601186	0.2984
601998	0.2984
002007	0.2926
000422	0.2904
601098	0.2875
600885	0.2845
002583	0.2841
600674	0.2811
600062	0.2796
002271	0.2795
000910	0.2793
000901	0.2745
601997	0.272
002792	0.272
600031	0.2718
601633	0.2714
002508	0.2709
300156	0.2672
002791	0.2653
600511	0.2645
002353	0.2525
601233	0.2515
002085	0.2507
600518	0.247
600667	0.2459
600990	0.2446
600809	0.2439
000726	0.2411
600566	0.2389
002294	0.2373
600335	0.2333
300017	0.2317
000860	0.2307
600535	0.2307
000999	0.2294
601965	0.2293
600681	0.2267
300136	0.2263
600109	0.2258
300097	0.2254
601211	0.2245
01398	0.2241
002400	0.2221
600418	0.2219
02318	0.2212
000069	0.2206
600240	0.2196
002138	0.2166
600803	0.2164
002050	0.2158
601933	0.2158
600298	0.2154
300011	0.2127
600266	0.2103
601333	0.2098
000400	0.2093
000550	0.2089
600038	0.2076
03988	0.2017
600271	0.2009
002640	0.2008
002343	0.2004
300124	0.1993
600886	0.1951
600521	0.192
002701	0.1901
00570	0.1895
000425	0.1864
600622	0.1853
002032	0.184
600267	0.1819
600029	0.1816
002214	0.1814
002714	0.1809
300408	0.1806
002366	0.1803
600489	0.1791
600737	0.1784
000338	0.178
002168	0.1775
600085	0.1734
600775	0.1731
002570	0.172
000949	0.1714
600598	0.1711
600873	0.1704
600872	0.1703
02018	0.1703
601766	0.1699
600316	0.1692
603588	0.1683
000748	0.1681
002078	0.1679
600794	0.1676
600816	0.1667
600864	0.166
000881	0.1655
002188	0.1652
600961	0.1629
002594	0.162
600525	0.1615
600856	0.1609
600855	0.1604
002624	0.16
300142	0.1598
002051	0.159
300068	0.1589
600967	0.1577
601689	0.1572
603355	0.155
002503	0.1543
002716	0.1541
002519	0.1538
000739	0.1534
000656	0.1534
300324	0.1512
600597	0.1504
000630	0.1499
00388	0.1493
600760	0.1491
600637	0.1478
600557	0.1475
600089	0.1474
000166	0.1456
600999	0.1453
002241	0.1451
601555	0.1433
002179	0.1422
300100	0.1419
002035	0.1413
002008	0.1406
600151	0.1394
300449	0.139
002426	0.1385
000609	0.138
600741	0.1379
002217	0.1366
02628	0.1362
000876	0.1351
000521	0.1349
600731	0.1346
300463	0.1345
600055	0.1345
300078	0.1338
01359	0.1338
600297	0.1335
600835	0.1333
300316	0.1329
002155	0.1325
000089	0.1298
000921	0.1298
300296	0.1294
601012	0.1288
00005	0.128
300115	0.1275
600305	0.1269
600486	0.1267
300203	0.1264
600596	0.1259
300145	0.1254
000498	0.1254
002277	0.1253
001979	0.1252
00857	0.1246
600729	0.1241
600476	0.1238
603611	0.1236
002511	0.1235
002410	0.123
600011	0.1219
000711	0.1217
600406	0.1214
603808	0.1211
300197	0.1209
002466	0.1207
002010	0.1206
300232	0.1204
600467	0.1202
601799	0.1194
600686	0.1186
603866	0.1183
600007	0.1174
600970	0.1173
600426	0.1173
600527	0.1172
600166	0.1167
600261	0.1165
002019	0.1165
000959	0.1155
00902	0.1152
000028	0.1147
002736	0.1145
603001	0.1137
600258	0.1129
601117	0.1128
600579	0.1127
600888	0.1124
300012	0.1118
000778	0.1117
601699	0.1114
000930	0.1108
00941	0.1106
600963	0.1095
000928	0.1094
002024	0.1092
002120	0.1089
002509	0.1086
002391	0.1077
00386	0.1076
600438	0.1074
300054	0.107
000401	0.1069
600391	0.1069
002781	0.1068
300351	0.1067
002338	0.1057
000554	0.1056
002568	0.1048
000690	0.1047
002126	0.1046
600074	0.1045
300058	0.104
600754	0.1038
601198	0.103
600500	0.1025
600338	0.1024
600072	0.102
02382	0.1011
600146	0.1009
603986	0.1005
002727	0.1004
002581	0.0996
600377	0.0986
603111	0.0986
002262	0.0983
300129	0.0981
600110	0.0978
002230	0.0975
300207	0.0973
600576	0.0972
002383	0.0966
300526	0.0963
601800	0.0961
300061	0.0958
300302	0.0954
603799	0.0953
601155	0.0943
01299	0.0943
00175	0.0943
002597	0.0937
02388	0.0935
000915	0.0933
002368	0.0928
000800	0.0927
000820	0.0926
300291	0.0924
002367	0.092
600196	0.0919
601588	0.0918
002308	0.0918
601985	0.0917
300015	0.0915
600987	0.0914
000606	0.0912
600565	0.091
000501	0.0907
002293	0.0905
600398	0.0905
600976	0.0895
000636	0.0889
600883	0.0888
600549	0.0888
600763	0.0886
000426	0.0884
002150	0.0883
300072	0.0882
300231	0.0877
002323	0.0876
000807	0.0876
300119	0.0875
000903	0.0873
000404	0.0869
002588	0.0868
600531	0.0868
600057	0.0861
000596	0.0857
000547	0.0857
000792	0.0852
300365	0.0851
600315	0.085
600004	0.0848
600285	0.0847
601390	0.0845
000411	0.0844
300567	0.0843
002530	0.0841
002468	0.0839
600520	0.0839
601137	0.0834
600509	0.0832
002439	0.083
300450	0.0827
000530	0.0825
002422	0.0824
00392	0.0824
600697	0.0822
000789	0.0822
601989	0.0817
002043	0.0817
300114	0.0814
000059	0.0813
600075	0.0811
000049	0.0809
300148	0.0808
300271	0.0805
000937	0.0804
002303	0.0803
002635	0.0801
300183	0.0799
600125	0.0796
002425	0.0793
600570	0.0792
600337	0.0791
600458	0.079
601601	0.0789
002048	0.0788
000877	0.0786
600332	0.0785
600491	0.0784
300033	0.0784
01093	0.0777
600436	0.0775
002672	0.0766
01117	0.0764
600676	0.0764
300342	0.0754
600352	0.0753
600416	0.0748
603377	0.074
300230	0.0737
600699	0.0732
002344	0.0732
600497	0.0731
600105	0.0728
601168	0.0728
002304	0.0724
002694	0.0723
000709	0.0721
02020	0.0721
002690	0.0719
300137	0.0719
002073	0.0715
300336	0.0712
603108	0.0712
002484	0.0707
000776	0.0706
300138	0.0706
002507	0.0703
000662	0.0703
000544	0.0701
000967	0.07
600682	0.0699
300149	0.0696
601021	0.0695
600688	0.0694
000157	0.0693
300422	0.0693
600502	0.0689
002414	0.0686
002099	0.0684
300303	0.0678
300306	0.0677
000911	0.0675
000925	0.0675
600742	0.0671
601139	0.067
603030	0.0669
002385	0.0668
300284	0.0668
600787	0.0664
002762	0.0663
002573	0.066
01618	0.0658
000869	0.0655
603123	0.0655
600529	0.0654
600479	0.0646
000971	0.0643
002101	0.0642
002106	0.0641
300548	0.0639
600329	0.0638
601100	0.0637
03899	0.0636
300003	0.0635
600993	0.0633
300357	0.0633
600487	0.0632
603766	0.0629
300161	0.0627
000796	0.0626
300436	0.0623
000528	0.0621
600018	0.062
300282	0.0616
002325	0.0612
300410	0.0609
300184	0.0608
000590	0.0608
600677	0.0607
600759	0.0605
603609	0.06
01177	0.06
600273	0.0596
600227	0.0594
600108	0.0593
002053	0.0592
002688	0.0591
300106	0.0587
000066	0.0583
600115	0.0583
603160	0.0583
600256	0.0579
601888	0.0579
000035	0.0578
600469	0.0577
601111	0.0576
600559	0.0571
300375	0.057
300071	0.0569
000567	0.0568
300133	0.0563
002531	0.0557
000783	0.0554
000558	0.0554
000821	0.0552
300196	0.0552
001696	0.0552
600861	0.0549
002627	0.0548
600666	0.0545
002234	0.0544
002245	0.0544
002239	0.0543
002434	0.0542
300228	0.054
300182	0.0539
600050	0.0531
002502	0.0529
600978	0.0528
002023	0.0526
002533	0.0525
002537	0.052
002094	0.0518
600636	0.0514
002258	0.0514
300251	0.051
300437	0.051
600094	0.0509
603997	0.0508
300370	0.0508
601717	0.0505
002357	0.0504
002544	0.0503
300545	0.0503
601311	0.0503
600642	0.0503
600160	0.0501
600600	0.0496
300398	0.0493
300091	0.0493
002462	0.0491
300287	0.0486
300104	0.0485
600850	0.0484
300259	0.0483
300122	0.0483
002103	0.0482
002371	0.0478
002675	0.0478
300049	0.0478
000902	0.0477
300456	0.0473
600268	0.0473
603883	0.0471
002318	0.0471
300312	0.0469
300339	0.0467
300143	0.0467
600428	0.0465
000043	0.0462
000848	0.0461
300340	0.046
300263	0.046
002173	0.0457
300367	0.0455
000030	0.0454
603899	0.0453
600150	0.0452
000738	0.0452
002322	0.0451
601801	0.0449
000402	0.0447
300223	0.0447
601677	0.0447
300345	0.0446
600528	0.0443
002146	0.0442
300212	0.0439
300364	0.0439
002738	0.0435
300164	0.0435
000050	0.0435
300322	0.0434
600170	0.0433
600826	0.0431
300088	0.0428
002016	0.0427
002045	0.0425
600750	0.0424
00966	0.0424
600594	0.0424
600325	0.0423
002002	0.0423
300010	0.0421
603718	0.0417
002458	0.0415
600363	0.0415
002395	0.0415
002221	0.0414
601000	0.0412
000882	0.0405
002563	0.0405
600208	0.0404
002108	0.0403
000718	0.0403
600593	0.0402
002149	0.04
600259	0.0399
601003	0.0399
000421	0.0399
601377	0.0397
600871	0.0396
601669	0.0394
000823	0.0393
600723	0.0392
002739	0.0392
02727	0.039
300261	0.0389
600522	0.0386
002500	0.0386
600382	0.0383
601388	0.0383
300401	0.038
00489	0.0378
600739	0.0376
600894	0.0375
600691	0.0374
002123	0.0373
300113	0.0373
002267	0.0372
000666	0.0371
600822	0.0371
002550	0.037
002396	0.0366
000546	0.0366
600804	0.0366
000977	0.0365
600837	0.0365
002215	0.0364
000631	0.0362
002072	0.0362
600858	0.0359
002481	0.0358
02186	0.0358
601788	0.0358
600172	0.0358
002281	0.0357
603838	0.0357
300406	0.0356
601928	0.0356
002375	0.0354
600039	0.0352
300433	0.0352
603018	0.0348
600021	0.0347
600611	0.0346
000980	0.0346
300496	0.0345
600327	0.0344
002223	0.0343
600480	0.0342
002433	0.0342
000887	0.0341
601929	0.0341
600896	0.034
300252	0.034
300369	0.0339
603939	0.0337
603128	0.0336
603898	0.0335
000540	0.0335
002098	0.0333
002412	0.0331
002421	0.0328
002059	0.0328
002452	0.0328
002332	0.0328
600132	0.0325
002643	0.0325
300355	0.0324
600827	0.0322
300243	0.0322
002206	0.0321
300166	0.032
600761	0.0319
002298	0.0319
300234	0.0318
002465	0.0316
000997	0.0315
002470	0.0314
002595	0.0313
06030	0.0313
000948	0.0313
300334	0.0313
600350	0.0312
002161	0.0312
600801	0.0308
600270	0.0307
002699	0.0306
000100	0.0306
300147	0.0305
000012	0.0305
002409	0.0305
000581	0.0304
002376	0.0303
600718	0.0302
600755	0.0301
600026	0.03
601600	0.0298
002557	0.0298
600689	0.0297
00981	0.0291
002603	0.0286
002213	0.0286
600499	0.0286
002037	0.0286
002200	0.0285
603968	0.0284
300360	0.0284
300425	0.0282
600188	0.0281
300332	0.028
300014	0.028
600572	0.0278
002359	0.0278
002387	0.0278
002829	0.0277
000534	0.0277
600875	0.0277
002564	0.0275
300508	0.0275
002029	0.0274
002532	0.0274
600236	0.0274
000878	0.0272
03311	0.0269
603658	0.0269
600252	0.0268
600853	0.0267
600621	0.0264
600477	0.0263
002321	0.0262
000555	0.0261
300421	0.0259
02313	0.0257
000027	0.0256
002661	0.0255
000683	0.0255
300294	0.0255
600340	0.0254
600651	0.0254
002543	0.0254
000566	0.0253
000004	0.0253
002705	0.0246
002663	0.0246
002038	0.0246
002546	0.0245
300095	0.0245
603000	0.0245
600251	0.0245
002821	0.0244
603188	0.0244
000060	0.0244
300452	0.0243
600176	0.0243
600209	0.0242
002075	0.0242
300213	0.0241
002246	0.0241
00883	0.024
000686	0.024
300236	0.0239
000403	0.0237
002567	0.0236
601908	0.0236
600859	0.0234
000758	0.0234
000014	0.0234
000539	0.0233
002309	0.0233
600795	0.0228
002553	0.0226
601339	0.0225
002382	0.0224
600586	0.0223
600736	0.0221
300323	0.0221
002152	0.022
000488	0.0219
000883	0.0218
603118	0.0217
600093	0.0217
000639	0.0216
300098	0.0214
000768	0.021
600420	0.0206
002528	0.0206
300159	0.0206
002131	0.0206
000735	0.0204
603085	0.0204
002402	0.0204
000801	0.0204
000777	0.0203
000826	0.0203
600616	0.0202
000619	0.0201
002745	0.02
000920	0.02
600008	0.02
300317	0.02
002195	0.02
000598	0.0199
600373	0.0196
600153	0.0195
002374	0.0195
00867	0.0195
600389	0.0191
603368	0.0191
600988	0.019
002370	0.0189
002192	0.0189
002166	0.0187
601088	0.0187
002147	0.0186
002065	0.0186
002589	0.0185
600694	0.0184
600730	0.0184
002683	0.0183
002444	0.0182
600027	0.0182
000825	0.0181
600221	0.0181
000972	0.018
000525	0.018
600771	0.018
002758	0.0179
601808	0.0179
600612	0.0178
000913	0.0177
002529	0.0177
603616	0.0177
600362	0.0176
300393	0.0176
600198	0.0176
300005	0.0176
601126	0.0176
300443	0.0174
002726	0.0173
601718	0.0172
600790	0.0171
603456	0.0171
000888	0.0171
002087	0.0171
000551	0.0171
300092	0.0171
300248	0.017
002673	0.017
300108	0.0169
002117	0.0168
00688	0.0168
603989	0.0168
600501	0.0164
603308	0.0163
603869	0.0162
603399	0.016
002083	0.016
600702	0.0159
600111	0.0159
002064	0.0156
601258	0.0154
002541	0.0154
000663	0.0153
300429	0.0152
002033	0.0151
600223	0.0151
000600	0.0151
300087	0.0149
600312	0.0149
600157	0.0149
000428	0.0148
002556	0.0148
600419	0.0146
002182	0.0146
601727	0.0146
002372	0.0145
002609	0.0144
600299	0.0144
300038	0.0144
600690	0.0142
601118	0.014
000039	0.0138
600422	0.0138
601618	0.0137
601375	0.0137
601898	0.0136
002216	0.0136
000623	0.0134
600984	0.0134
600320	0.0131
600452	0.013
002191	0.0128
600330	0.0128
002677	0.0124
600022	0.0124
002013	0.0121
000969	0.012
300326	0.0119
002477	0.0118
600717	0.0118
600881	0.0117
01378	0.0116
600838	0.0116
002438	0.0116
00371	0.0116
002092	0.0115
000732	0.0114
601231	0.0114
600959	0.0114
002327	0.0112
601992	0.0112
000926	0.0112
600548	0.011
603366	0.0109
600295	0.0108
002242	0.0108
300267	0.0108
300265	0.0108
002517	0.0108
601566	0.0107
002205	0.0106
600121	0.0105
002420	0.0105
002233	0.0104
002489	0.0104
600213	0.0104
600358	0.0103
300029	0.0103
002518	0.0102
000983	0.0102
600793	0.0101
603167	0.0101
000982	0.01
600738	0.01
600100	0.0099
603306	0.0099
603806	0.0098
600633	0.0097
603268	0.0096
600893	0.0095
600536	0.0094
002671	0.0093
600821	0.0092
000728	0.009
000750	0.009
300256	0.0089
601238	0.0089
002721	0.0088
002562	0.0088
002408	0.0088
603298	0.0088
300329	0.0087
002141	0.0086
300295	0.0086
600069	0.0085
002283	0.0084
603589	0.0084
603686	0.0084
002390	0.0083
002501	0.0081
300247	0.0081
300096	0.0081
300258	0.008
600969	0.008
300327	0.008
600255	0.0079
300246	0.0079
600582	0.0079
600141	0.0077
002285	0.0076
600369	0.0076
300257	0.0074
002407	0.0074
000418	0.0072
600778	0.0072
600571	0.0072
600587	0.0071
002457	0.0071
300040	0.007
002463	0.0069
000002	0.0069
600399	0.0069
002056	0.0068
300348	0.0068
600496	0.0067
002081	0.0067
300321	0.0067
600376	0.0066
600216	0.0066
600552	0.0066
000036	0.0065
002036	0.0065
601225	0.0064
300025	0.0063
002063	0.0062
000906	0.0062
002052	0.0061
600567	0.0061
002394	0.0061
600798	0.006
600606	0.006
600158	0.0058
000529	0.0058
002251	0.0058
600123	0.0058
603288	0.0058
603008	0.0058
002017	0.0057
600331	0.0057
601636	0.0056
000975	0.0056
600862	0.0055
000620	0.0055
002118	0.0054
002069	0.0054
300059	0.0054
000973	0.0053
002238	0.0053
300341	0.0053
600372	0.0052
600895	0.0052
300157	0.0051
600634	0.005
002601	0.005
600503	0.005
002611	0.0049
300162	0.0049
603660	0.0048
600728	0.0048
000919	0.0048
002076	0.0048
600685	0.0048
300199	0.0048
600882	0.0048
002042	0.0048
300319	0.0048
000978	0.0048
300168	0.0046
300253	0.0046
300394	0.0046
600577	0.0046
603979	0.0046
600909	0.0046
002491	0.0045
600879	0.0045
603218	0.0045
600965	0.0044
002071	0.0043
300416	0.0043
600847	0.0043
002777	0.0041
600359	0.0041
002314	0.004
600683	0.0039
000657	0.0039
300255	0.0038
000811	0.0038
603877	0.0038
002717	0.0037
603823	0.0036
002055	0.0036
300298	0.0036
600834	0.0035
000752	0.0034
002542	0.0033
000090	0.0032
002180	0.0031
600973	0.003
600996	0.003
600575	0.0028
300488	0.0028
300177	0.0028
600831	0.0028
000045	0.0028
000429	0.0028
002116	0.0027
601886	0.0027
600114	0.0026
600475	0.0026
600291	0.0026
600711	0.0026
002034	0.0025
600010	0.0024
603369	0.0024
000960	0.0024
002039	0.0024
600562	0.0023
002004	0.0023
300200	0.0022
000966	0.0022
002058	0.0021
600128	0.0021
000665	0.0021
002104	0.0021
002062	0.002
603258	0.002
600318	0.002
000667	0.002
002384	0.002
600995	0.0019
600481	0.0019
300479	0.0018
603416	0.0017
002398	0.0017
300150	0.0017
300305	0.0016
601579	0.0016
600308	0.0016
002165	0.0016
000707	0.0015
002510	0.0015
300169	0.0015
600992	0.0015
002011	0.0015
002639	0.0012
002440	0.0012
300516	0.0011
300512	0.001
601919	0.001
603708	0.0008
300537	0.0008
002831	0.0008
600892	0.0007
600814	0.0007
600841	0.0007
002832	0.0007
603577	0.0006
002795	0.0006
603878	0.0006
300582	0.0006
603886	0.0006
603131	0.0006
300515	0.0006
603959	0.0006
600819	0.0006
600810	0.0006
603006	0.0006
300490	0.0005
000062	0.0005
603035	0.0005
300347	0.0005
603900	0.0005
603858	0.0004
002799	0.0004
601020	0.0004
300120	0.0004
603928	0.0003
300568	0.0003
603819	0.0003
603929	0.0003
600977	0.0003
300558	0.0002
300518	0.0002
002798	0.0002
002833	0.0002
300565	0.0002
603990	0.0002
002819	0.0002
002818	0.0002
002826	0.0002
300570	0.0002
603239	0.0002
603727	0.0002
000158	0.0001
002512	0.0001
603585	0.0001
002828	0.0001
300583	0.0001
002835	0.0001
000970	0.0001
1	0.0
002664	0.0
603033	0.0
603319	0.0
002840	0.0
2	0.0
603058	0.0
300586	0.0
002838	0.0
300591	0.0