300197	45211.64
600056	37628.49
002217	36915.55
002310	34410.23
600522	33972.19
300129	32880.18
600867	27505.43
600885	25357.68
002468	25074.67
600967	23975.08
300145	23477.94
002120	20881.88
000568	20154.14
000910	19335.26
001696	18144.06
002343	17842.28
002573	17579.02
600718	17576.84
300006	17170.26
600104	16816.08
600382	16236.43
002408	16223.66
600093	15844.69
600335	15708.7
002045	15457.81
000820	15241.56
002322	15161.31
600519	15075.47
300080	15073.53
002564	15019.0
300138	15011.47
002399	14944.48
002250	14258.01
000661	14246.22
000678	13884.59
002313	12931.49
002583	12817.15
600439	12784.62
002202	12727.31
600338	12384.77
600035	12320.0
002138	11908.64
603883	11903.37
600856	11868.0
002456	11713.7
300458	11314.33
002108	11213.96
000333	11183.11
002611	10750.16
600138	10694.7
002169	10691.96
002123	10499.87
600110	10096.62
002262	9945.31
000823	9944.0
002773	9931.05
600763	9867.87
300347	9804.78
000915	9474.03
601566	9382.7
300161	9343.59
002136	9286.76
002591	9257.66
002398	9234.4
002509	9197.35
600727	9174.55
300365	9108.57
300313	9071.14
300214	9069.5
002640	9051.1
002511	9031.49
600385	9025.43
002066	8991.46
002107	8940.28
600889	8929.72
300296	8887.64
002394	8840.0
300279	8700.09
300285	8604.2
600593	8292.7
000821	7975.96
600146	7819.27
300452	7705.09
000711	7652.51
000630	7651.88
600565	7642.54
600686	7547.39
601997	7494.31
002048	7376.76
600664	7357.92
300115	7246.64
600143	7235.4
000725	7231.85
002422	7118.22
300456	7046.17
601155	6990.04
600452	6876.35
002415	6757.57
600491	6750.08
002475	6693.97
603609	6625.47
603808	6542.21
600486	6454.88
000018	6415.51
002635	6263.83
300203	6197.86
002281	6131.96
000858	6093.65
300017	5838.2
002159	5760.0
000930	5736.66
600108	5596.11
300124	5595.9
002216	5536.11
300263	5527.38
600502	5388.3
600568	5367.8
600068	5272.26
300169	5174.01
600276	5141.86
000967	5105.22
300090	5091.16
300206	4971.51
002035	4925.18
002007	4919.32
000403	4919.17
002078	4866.77
600436	4808.41
002589	4804.87
603699	4803.61
002390	4798.34
600048	4747.02
001979	4713.79
002016	4675.97
002323	4645.86
600479	4640.63
300401	4578.44
600998	4542.06
300121	4484.58
002127	4477.2
002245	4459.93
600489	4445.86
603885	4423.22
002366	4404.25
000971	4370.75
600887	4357.69
000998	4310.64
300349	4273.18
600085	4267.78
300234	4214.81
002690	4153.34
601328	4141.45
000521	4122.04
603306	4121.49
600325	4080.03
000919	4058.61
002449	3984.0
300156	3963.69
000739	3958.76
603866	3914.66
300351	3911.79
000980	3900.68
000566	3812.89
300476	3777.08
601021	3729.11
002709	3670.91
002297	3666.89
600030	3608.84
300237	3599.84
002059	3590.94
603108	3555.37
600066	3469.16
002706	3390.07
000590	3387.27
603368	3383.14
000028	3331.39
603601	3330.8
300287	3250.96
000651	3227.4
601318	3032.1
600477	3007.75
002396	2923.2
300182	2841.33
600309	2797.59
600376	2789.4
600166	2781.0
600660	2771.6
002004	2713.11
601186	2631.2
000538	2587.18
000001	2563.47
600693	2509.2
603030	2486.04
600240	2448.72
002533	2391.34
000608	2368.9
600409	2336.23
002237	2259.29
002425	2257.82
600853	2245.55
002597	2233.96
002126	2230.17
600268	2221.52
002188	2211.55
000889	2207.59
002457	2182.33
600235	2177.23
300375	2142.18
300410	2122.6
300370	2106.19
002570	2099.2
002694	2056.96
002081	2055.9
603611	1956.34
601100	1927.2
600586	1892.14
603798	1891.88
002356	1890.03
601992	1885.42
002180	1846.32
002480	1755.76
002285	1748.39
600674	1740.04
002460	1728.68
601398	1724.79
002044	1721.56
600513	1706.89
002039	1699.61
600739	1616.4
300235	1613.22
600703	1604.51
600000	1581.61
600016	1568.66
600114	1563.53
300148	1522.58
002400	1506.63
002341	1492.04
600315	1491.05
002426	1464.53
002371	1463.18
300312	1441.28
002241	1403.17
600834	1372.29
000157	1362.0
600826	1356.71
601288	1354.66
601988	1341.6
601595	1196.52
300231	1184.64
600596	1180.22
000422	1099.75
002050	1091.3
603729	1083.46
000002	1079.08
601127	1052.75
600015	1029.4
600900	938.74
002652	906.04
600997	820.18
000625	811.91
000876	760.08
002305	740.2
601166	714.21
600566	649.58
002032	643.97
600123	643.2
300379	634.47
600816	598.77
601899	596.86
600458	595.01
601689	590.46
600297	574.59
000963	570.79
000166	562.5
600547	554.16
002236	523.67
601939	514.95
300303	489.5
002200	479.64
300210	474.51
300377	466.68
600063	463.0
600487	460.16
002781	452.61
002308	444.37
002179	442.38
300031	441.31
300071	397.64
601169	390.4
600389	385.62
002205	372.47
002057	367.4
300271	364.76
600561	359.35
600444	350.39
002712	350.21
600719	347.42
600500	347.36
002627	344.13
600448	343.45
600213	341.36
002420	334.66
600121	333.18
002594	330.37
002726	329.54
600736	323.76
600761	323.2
000921	322.29
000551	321.46
603167	321.2
601339	321.01
002821	307.2
603989	294.47
600211	281.53
600132	276.75
002299	254.39
600848	251.55
300070	250.91
600528	244.35
000928	241.39
600820	241.34
600809	200.16
601998	192.3
000540	186.9
600036	176.0
600804	175.44
603588	168.39
600584	153.03
300068	121.21
600089	121.08
600667	115.65
600202	51.91
300548	49.9
000815	48.95
300337	48.22
002067	47.9
300261	47.87
603868	47.8
002813	47.79
300416	47.75
300521	47.64
002092	20.57
000059	16.66
600893	16.04
000401	15.47
600399	14.7
002673	14.54
300327	13.36
601375	10.68
603298	8.84
0	8.0
603218	6.88
603877	6.77
8	1.0