600547	16
600489	12
600519	11
600066	9
002155	9
000333	8
600988	7
000568	7
000858	7
601899	7
0	6
600887	6
601069	6
001979	6
002673	6
002675	6
601800	6
600305	6
600068	6
600115	6
002716	6
002572	5
600987	5
002522	5
600521	5
002047	5
002400	5
300252	4
000060	4
600325	4
002299	4
600528	4
600318	4
600491	4
002508	4
002007	4
601111	4
600497	4
600990	4
600867	4
600266	4
600029	4
000975	4
002304	4
601225	3
600048	3
002450	3
002743	3
600276	3
002230	3
300207	3
000960	3
000963	3
600715	3
002511	3
600667	3
000983	3
601669	3
002553	3
000001	3
000418	3
002773	3
300011	3
002215	3
000603	3
600221	3
002727	3
000933	3
002262	3
000423	3
300367	3
002343	3
002127	3
600188	3
002013	3
002308	3
000895	3
300136	3
002593	2
601633	2
002050	2
600150	2
002281	2
601318	2
600651	2
300197	2
600076	2
002025	2
002458	2
300072	2
002239	2
002236	2
002247	2
002245	2
600038	2
603799	2
002662	2
002466	2
002462	2
002460	2
002157	2
300336	2
002123	2
000795	2
000028	2
002512	2
002513	2
002191	2
000911	2
002745	2
600566	2
300342	2
002218	2
601198	2
002322	2
600690	2
000070	2
000078	2
600629	2
600622	2
600406	2
002179	2
002074	2
002076	2
000002	2
600259	2
000413	2
300304	2
600559	2
300017	2
601998	2
000601	2
600702	2
600498	2
002138	2
600197	2
600511	2
601689	2
002640	2
300058	2
300059	2
300296	2
000869	2
300356	2
000860	2
000887	2
000768	2
600271	2
002549	2
002383	2
300224	2
600123	2
000540	2
000937	2
002688	2
300310	2
600015	2
600549	2
300165	2
600900	2
300009	2
300008	2
300007	2
601166	2
600699	2
600594	2
600595	2
002533	2
000059	2
603766	2
300219	2
300213	2
000807	2
002659	2
300285	2
000970	2
600348	2
000876	2
000657	2
300033	2
300031	2
300133	2
300488	1
002271	1
002294	1
300420	1
000625	1
300426	1
300429	1
002371	1
002055	1
300250	1
300398	1
300393	1
300191	1
002111	1
600093	1
300498	1
000532	1
600965	1
600372	1
600373	1
000538	1
002699	1
300081	1
002695	1
300088	1
600382	1
002590	1
600570	1
600571	1
600576	1
603456	1
600298	1
002475	1
600203	1
000999	1
300170	1
002625	1
002626	1
300353	1
300178	1
300078	1
600270	1
300373	1
300073	1
000848	1
300379	1
002338	1
600855	1
000661	1
300102	1
300100	1
300101	1
300109	1
002521	1
601699	1
000065	1
600584	1
002249	1
000069	1
600612	1
603678	1
300456	1
600750	1
002426	1
002141	1
002415	1
002414	1
002065	1
600537	1
300203	1
002097	1
002094	1
600108	1
600104	1
601328	1
000402	1
002092	1
600246	1
600328	1
600970	1
002464	1
002707	1
300339	1
000967	1
600478	1
000703	1
000498	1
601137	1
300026	1
000796	1
300142	1
000799	1
300145	1
002568	1
601985	1
002565	1
002368	1
000633	1
002367	1
002366	1
002361	1
600869	1
002108	1
002519	1
002100	1
002103	1
600143	1
600146	1
002292	1
300012	1
7	1
600784	1
600369	1
000910	1
000915	1
000810	1
002035	1
002428	1
002586	1
002583	1
002589	1
002588	1
002425	1
601566	1
600562	1
002661	1
300341	1
002635	1
300182	1
002631	1
300340	1
300068	1
300061	1
300065	1
002325	1
002327	1
002329	1
600820	1
600826	1
000670	1
601668	1
300114	1
300113	1
300118	1
002023	1
603111	1
601688	1
002394	1
601818	1
002399	1
600741	1
601611	1
002079	1
002171	1
002175	1
600482	1
603328	1
300236	1
300237	1
600138	1
002152	1
600136	1
600313	1
600315	1
603939	1
000550	1
600479	1
002470	1
300302	1
300303	1
600557	1
600007	1
600552	1
600419	1
600418	1
000957	1
601028	1
002609	1
300159	1
000783	1
300016	1
300018	1
300409	1
000606	1
002351	1
601799	1
002131	1
600682	1
603686	1
600687	1
002500	1
600179	1
002439	1
600459	1
4	1
300149	1
002649	1
002643	1
300196	1
000906	1
600422	1
300357	1
300350	1
000547	1
601898	1
002315	1
002311	1
002312	1
000888	1
002398	1
002542	1
002544	1
002546	1
002381	1
002385	1
000089	1
002714	1
600885	1
600731	1
600882	1
600883	1
300076	1
600888	1
601607	1
601601	1
002041	1
002042	1
002048	1
300389	1
002169	1
002165	1
300383	1
600085	1
600641	1
600309	1
000932	1
000421	1
002680	1
300316	1
300098	1
002445	1
600398	1
600395	1
000726	1
000650	1
002617	1
002611	1
601015	1
300005	1
002340	1
002221	1
000750	1
000758	1
002078	1
601169	1
601088	1
002121	1
002124	1
002081	1
002083	1
601933	1
300503	1
002530	1
300267	1
300266	1
300468	1
600160	1
000055	1
600184	1
603866	1
002405	1
002153	1
002019	1
300210	1
600509	1
603308	1
603300	1
300233	1
600238	1
600338	1
000801	1
000572	1
300042	1
300047	1
300049	1
002657	1
300284	1
000971	1
300322	1
000978	1
300326	1
002614	1
600805	1
300161	1
000038	1
300037	1