300207	15
300136	12
002120	10
002127	10
600885	9
002271	7
002236	7
000910	7
300017	7
300115	7
002138	7
600233	7
002045	6
000423	6
600998	6
002572	5
000028	5
002640	5
002701	5
002035	5
300182	5
600967	5
002508	5
002343	5
002221	5
000651	5
300031	5
0	4
002050	4
002281	4
002456	4
300203	4
600325	4
000404	4
000967	4
300145	4
002511	4
002582	4
000983	4
603808	4
000821	4
600418	4
300271	4
002180	4
600056	4
000333	4
600693	4
001696	4
600500	4
600382	3
600276	3
601699	3
300202	3
002092	3
600240	3
000568	3
002519	3
000915	3
002583	3
002426	3
600566	3
601198	3
002468	3
600522	3
002479	3
002609	3
300156	3
002352	3
300197	3
002310	3
600309	3
002384	3
600643	3
600060	3
600547	3
600521	3
300215	3
600487	3
300285	3
300033	3
000625	2
002059	2
300396	2
600794	2
002026	2
300088	2
600389	2
002450	2
300304	2
600201	2
300378	2
600030	2
002482	2
600584	2
002241	2
300458	2
600750	2
002410	2
600535	2
600109	2
600329	2
000963	2
600816	2
300144	2
002569	2
600098	2
300416	2
601398	2
600867	2
300244	2
002584	2
002425	2
600285	2
600079	2
002815	2
300113	2
300403	2
000070	2
002250	2
600746	2
002078	2
002173	2
002071	2
600525	2
000820	2
002672	2
002475	2
300300	2
300301	2
300302	2
600000	2
603026	2
300012	2
300015	2
601998	2
300221	2
002358	2
300408	2
000609	2
603686	2
002509	2
000049	2
300476	2
300477	2
000513	2
002008	2
002435	2
600519	2
300196	2
300058	2
300059	2
000887	2
600834	2
601800	2
603555	2
600739	2
002043	2
002169	2
600498	2
300548	2
600340	2
600061	2
600305	2
000933	2
600997	2
600990	2
300090	2
600261	2
601169	2
002126	2
002085	2
300266	2
300265	2
600608	2
600028	2
600180	2
600489	2
300219	2
600110	2
600337	2
002303	2
600146	2
000158	1
600721	1
600720	1
600727	1
600894	1
600898	1
601636	1
002053	1
002057	1
601555	1
002727	1
600153	1
600099	1
600151	1
002283	1
601311	1
000928	1
000925	1
000538	1
600376	1
002027	1
002756	1
002025	1
002699	1
300080	1
600985	1
600984	1
000100	1
002693	1
002458	1
600048	1
600475	1
600477	1
000997	1
000998	1
000999	1
601225	1
002627	1
300373	1
300072	1
300070	1
300379	1
002333	1
002239	1
002673	1
601186	1
002234	1
600856	1
000662	1
600859	1
002319	1
601678	1
601677	1
000698	1
002520	1
600551	1
002480	1
000063	1
002247	1
002243	1
002240	1
300456	1
000951	1
000953	1
600038	1
600448	1
600036	1
002068	1
002149	1
1	1
600104	1
601328	1
000403	1
600248	1
600328	1
002664	1
002665	1
600970	1
002662	1
600978	1
600979	1
002707	1
002761	1
300338	1
600409	1
000703	1
601139	1
300025	1
000790	1
000796	1
002568	1
002207	1
601988	1
002567	1
002368	1
002364	1
002366	1
603108	1
600719	1
600869	1
000608	1
600327	1
300241	1
002517	1
002299	1
601857	1
000035	1
000034	1
002297	1
600661	1
000524	1
000911	1
000917	1
002427	1
601566	1
600568	1
600561	1
000596	1
000590	1
000980	1
002638	1
002636	1
002635	1
002631	1
002265	1
300340	1
2	1
300344	1
300347	1
300061	1
300065	1
002322	1
002325	1
000678	1
000671	1
300087	1
601668	1
002813	1
001979	1
002493	1
002492	1
002494	1
002394	1
002398	1
600740	1
002434	1
002179	1
300238	1
000004	1
000002	1
603898	1
603899	1
002406	1
300237	1
600136	1
000823	1
600963	1
300306	1
002476	1
603989	1
002773	1
002771	1
600419	1
600009	1
600559	1
000739	1
300011	1
300013	1
000786	1
300018	1
600491	1
000606	1
002350	1
002355	1
601799	1
600701	1
600873	1
600872	1
601155	1
300383	1
002131	1
002133	1
600681	1
002507	1
002668	1
600678	1
603611	1
600771	1
600055	1
600054	1
600198	1
600529	1
002007	1
300148	1
600517	1
000581	1
300054	1
600958	1
002726	1
300050	1
300296	1
300359	1
300356	1
601899	1
002200	1
002313	1
600833	1
603158	1
601818	1
300121	1
300124	1
300401	1
002543	1
002383	1
300430	1
300536	1
300534	1
600882	1
601238	1
002041	1
002048	1
002049	1
002372	1
600497	1
300223	1
002168	1
002167	1
603883	1
300541	1
000547	1
600062	1
000975	1
600050	1
300316	1
300098	1
002445	1
600439	1
600399	1
600392	1
600393	1
603838	1
000725	1
000687	1
002617	1
002611	1
600900	1
002619	1
600908	1
300367	1
300005	1
600268	1
300002	1
002340	1
000752	1
603167	1
000613	1
600845	1
600847	1
601166	1
002080	1
002081	1
600697	1
002087	1
300269	1
601939	1
300267	1
600605	1
600761	1
600763	1
600029	1
000503	1
002405	1
002155	1
002400	1
002013	1
002159	1
300214	1
300210	1
600508	1
601588	1
300232	1
600336	1
600528	1
600332	1
600330	1
600893	1
600338	1
600485	1
002188	1
002718	1
002719	1
002657	1
300284	1
000971	1
300282	1
300326	1
300324	1
002308	1
000656	1
002302	1
000711	1
600803	1
000488	1
300032	1
300138	1
300137	1
300135	1
300132	1