0	77.0
600110	0.8144
002120	0.7144
300017	0.6664
600885	0.6502
002572	0.5714
002456	0.5473
600330	0.5016
300136	0.4794
300115	0.4705
002530	0.4361
600233	0.4294
002475	0.4203
300142	0.4062
000070	0.3984
300302	0.3891
601800	0.3831
600521	0.3783
300458	0.3759
002640	0.3726
300061	0.366
600547	0.3654
002180	0.3644
300456	0.3528
002236	0.3445
300197	0.3386
600325	0.3309
001979	0.325
600867	0.3244
603108	0.3193
000910	0.3165
002045	0.3055
000711	0.3039
300073	0.3017
600566	0.2968
300156	0.2907
300340	0.2907
300113	0.2888
600276	0.2876
002582	0.2843
002511	0.2828
600338	0.279
002250	0.2781
000687	0.2747
300232	0.2718
600500	0.2641
001696	0.2611
600519	0.253
002415	0.2519
002411	0.251
000651	0.2508
002368	0.25
600056	0.2468
300196	0.2465
002343	0.2441
600593	0.2436
000568	0.2417
300072	0.2391
300408	0.2373
002050	0.237
000971	0.233
300365	0.2326
000333	0.2325
000952	0.2288
002310	0.2275
600487	0.2243
000983	0.2214
002570	0.2201
002127	0.2195
002103	0.2188
300278	0.2172
600967	0.2166
002308	0.2122
002138	0.2099
300347	0.2089
600267	0.2066
300285	0.2018
600763	0.2013
000597	0.2005
600335	0.2001
002665	0.1998
600888	0.1978
300065	0.1948
600060	0.1924
002694	0.1918
002450	0.1896
002036	0.1871
600997	0.1861
000063	0.1827
002709	0.1808
600048	0.1807
002325	0.1804
600731	0.18
300359	0.1791
000590	0.1787
002007	0.1785
601689	0.1779
000404	0.1773
002465	0.1764
000662	0.1758
000035	0.1729
601198	0.1725
300149	0.1724
603883	0.1716
000423	0.171
002155	0.1709
300207	0.1704
600497	0.1697
600389	0.1691
002468	0.1675
601699	0.1674
600976	0.1672
600475	0.1665
300341	0.165
300183	0.1643
002494	0.1637
002391	0.1608
002636	0.1604
000858	0.1585
300279	0.1577
600240	0.1571
002214	0.157
600528	0.1556
300304	0.1553
300284	0.155
002373	0.1548
600068	0.1531
002319	0.1501
600093	0.1486
002609	0.1484
300202	0.1474
002044	0.1474
300033	0.1467
002699	0.1462
300379	0.1461
300244	0.143
002299	0.1428
600584	0.1408
000625	0.1398
300159	0.1396
000796	0.1382
300008	0.1361
002476	0.1358
300219	0.1352
300031	0.1347
002185	0.1346
600708	0.134
603808	0.1332
300364	0.1328
600419	0.1324
002508	0.1313
002094	0.1311
600030	0.131
300310	0.1303
600198	0.1295
601908	0.1294
600559	0.1284
000001	0.1281
000403	0.127
300102	0.1266
000911	0.126
300212	0.1259
600309	0.1248
002084	0.1248
002001	0.1236
002108	0.1235
002460	0.1221
002035	0.1219
002400	0.1198
002626	0.1198
300012	0.1196
603377	0.1196
002043	0.1194
002078	0.1193
002458	0.119
002049	0.1188
601997	0.1185
300463	0.1179
600883	0.1174
002519	0.117
600990	0.117
002052	0.117
600491	0.1156
002085	0.1156
300144	0.1152
000820	0.1146
000821	0.1145
300287	0.1141
300137	0.114
002311	0.1131
002662	0.1125
600261	0.1112
002425	0.1108
300056	0.1105
300351	0.1105
300088	0.1086
000554	0.1082
600614	0.1077
002627	0.1072
300444	0.1072
000426	0.107
600622	0.1069
002032	0.1067
000963	0.1059
600998	0.1059
002541	0.1054
002149	0.1053
300068	0.1051
300474	0.1048
000422	0.1046
600289	0.1045
300047	0.1045
300271	0.1042
300356	0.1028
300266	0.1024
600900	0.1018
300210	0.1018
600784	0.1008
000731	0.1008
002333	0.1006
300404	0.1002
002273	0.0996
300231	0.0993
600083	0.0987
300342	0.0984
300256	0.0974
002659	0.0973
002303	0.0966
600697	0.0966
600683	0.0964
300237	0.0963
300373	0.0961
600416	0.096
600693	0.096
000034	0.0958
002407	0.0954
600699	0.0953
002179	0.0951
002081	0.0947
600579	0.0945
002562	0.0944
600509	0.094
300121	0.0931
002055	0.0929
000818	0.0927
601318	0.092
600826	0.092
002409	0.0915
002583	0.0914
600520	0.0912
600661	0.0911
600674	0.091
300106	0.091
300223	0.0906
300326	0.0906
600050	0.0905
601186	0.0903
603703	0.0902
002625	0.0902
002262	0.0901
603555	0.0897
300430	0.0896
600188	0.0892
002733	0.0888
002529	0.0887
600701	0.0882
002588	0.0879
300182	0.0879
300036	0.0873
002761	0.0872
002688	0.0871
002482	0.0867
300396	0.0866
000100	0.0863
002712	0.0858
600522	0.0852
600477	0.0848
603011	0.0843
600337	0.0838
002301	0.0826
002126	0.0824
002322	0.0823
600845	0.0822
600028	0.082
600721	0.0816
300145	0.0815
000925	0.0811
300025	0.0809
000826	0.0806
000997	0.0804
002631	0.0803
300187	0.0802
300228	0.0796
000065	0.0792
002247	0.0792
600183	0.0791
600104	0.079
600015	0.0779
300409	0.0776
002384	0.0776
600643	0.0773
002352	0.0772
002316	0.0771
002173	0.077
300334	0.0766
300303	0.0764
601933	0.0764
600562	0.0763
002023	0.0762
300100	0.076
002410	0.0758
600995	0.0757
600557	0.0756
000718	0.0751
002548	0.075
002773	0.0749
600750	0.0748
000783	0.0747
002383	0.0746
002509	0.0744
000802	0.0744
300015	0.0741
002281	0.0734
300452	0.0734
600266	0.0734
000678	0.0734
600682	0.073
601898	0.0728
300520	0.0727
601669	0.0725
000968	0.0724
300059	0.072
002445	0.0717
300203	0.0716
600409	0.0716
600988	0.0714
600702	0.0714
300058	0.071
600476	0.0708
603601	0.0707
300465	0.0699
600816	0.0691
000606	0.069
300370	0.0688
600576	0.0685
601688	0.0682
600681	0.0679
600603	0.0678
603368	0.0672
601139	0.0671
000998	0.067
002630	0.0668
601789	0.0668
002706	0.0664
002466	0.0662
600749	0.0662
600398	0.066
002435	0.0659
600363	0.0657
000338	0.0657
002394	0.065
300011	0.064
600439	0.064
600803	0.0636
600740	0.0635
000752	0.0633
002414	0.063
002170	0.0628
002047	0.0628
300080	0.0627
300250	0.0626
601166	0.0625
000835	0.062
300400	0.0619
600760	0.0619
300455	0.0618
002701	0.0616
002605	0.061
000975	0.0609
002436	0.0609
300087	0.0608
002350	0.0607
300339	0.0603
300345	0.0601
002243	0.06
002635	0.06
300138	0.06
300262	0.0599
300332	0.0597
000060	0.0596
000948	0.0596
600529	0.0594
002354	0.0589
002339	0.0589
002462	0.0589
603021	0.0589
000915	0.0588
002364	0.0587
000825	0.0587
000960	0.0585
002175	0.0582
300366	0.0581
600585	0.0577
002313	0.057
300327	0.057
600257	0.0569
000697	0.0568
000937	0.0566
600961	0.0565
600079	0.0564
000933	0.0562
600489	0.056
000561	0.0556
601012	0.0554
002230	0.0552
002332	0.0551
002239	0.055
002242	0.055
300090	0.0548
002387	0.0547
600377	0.0546
002183	0.0545
603009	0.0542
600376	0.0541
002464	0.054
600549	0.0539
600348	0.0535
600136	0.0534
600114	0.0534
300367	0.0529
000807	0.0528
002775	0.0527
002544	0.0527
000028	0.0525
600970	0.0525
000608	0.0525
300226	0.0525
300344	0.0523
000970	0.0523
601336	0.0518
002439	0.0517
000558	0.0517
000010	0.0516
600884	0.0514
600016	0.051
300296	0.0508
002405	0.0508
002304	0.0507
000501	0.0506
002617	0.0505
600859	0.05
300471	0.0497
002053	0.0497
300007	0.0497
002371	0.0496
603899	0.0496
600894	0.0495
603010	0.0495
300316	0.0495
603658	0.0493
002241	0.0491
000021	0.0489
002638	0.0487
000418	0.0487
300016	0.0487
000848	0.0484
000708	0.0484
601155	0.0483
000978	0.0483
600448	0.0482
601857	0.0481
002717	0.0481
002059	0.048
002766	0.0476
300109	0.0476
300377	0.0474
600713	0.0473
002517	0.047
002565	0.0469
000157	0.0469
000790	0.0467
600561	0.0467
600282	0.0467
300383	0.0467
600963	0.0465
300098	0.0465
300369	0.0465
600605	0.0464
600809	0.0463
600985	0.0459
000967	0.0458
300010	0.0458
600369	0.0456
002117	0.0456
600727	0.0455
000523	0.0455
600328	0.0455
002406	0.0452
002376	0.0451
002280	0.0449
002664	0.0447
300215	0.0446
600719	0.0445
002674	0.0445
300103	0.0444
300013	0.0444
002762	0.0444
000786	0.0443
002026	0.0442
002057	0.0439
002594	0.0439
002611	0.0438
300300	0.0437
600687	0.0436
000823	0.0435
600600	0.0435
000530	0.0433
002612	0.0433
000922	0.043
002249	0.0429
601717	0.0429
600099	0.0428
002422	0.0428
000058	0.0427
300101	0.0425
300199	0.0424
300282	0.0419
002077	0.0417
002245	0.0416
000938	0.0415
300241	0.0414
300346	0.0414
601088	0.0414
002500	0.0413
600958	0.0412
002563	0.0411
300069	0.0409
600538	0.0407
601333	0.0405
600965	0.0405
002370	0.0404
000538	0.0404
002121	0.0401
300420	0.0397
300054	0.0396
600169	0.0395
600548	0.0394
601555	0.0393
002146	0.0393
600383	0.0392
603020	0.0391
300253	0.0389
300119	0.0389
300104	0.0388
002550	0.0387
000739	0.0386
600807	0.0386
000547	0.0385
600259	0.0383
600066	0.0383
600336	0.038
600751	0.0379
002624	0.0376
000810	0.0376
300128	0.0376
600270	0.0375
000695	0.0373
002188	0.0373
300265	0.0371
000977	0.037
300221	0.0369
600662	0.0366
300378	0.0363
600881	0.0361
300429	0.0358
002434	0.0358
000014	0.0358
000004	0.0358
601225	0.0357
601021	0.0357
000603	0.0356
000928	0.0355
002693	0.0351
600479	0.035
300416	0.035
603686	0.0348
300263	0.0346
600821	0.0343
603085	0.0342
600054	0.0338
600833	0.0335
600340	0.0334
601678	0.0333
300005	0.0333
601199	0.0332
600132	0.0332
300084	0.0331
300213	0.0331
600689	0.033
600898	0.0327
002503	0.0325
300251	0.0324
600195	0.0324
600486	0.0323
600180	0.0323
300322	0.0322
300037	0.032
000429	0.0319
002740	0.0317
300301	0.0316
600978	0.0315
300336	0.0314
600074	0.0314
002293	0.0314
600418	0.031
600746	0.0309
300096	0.0309
601111	0.0308
300450	0.0306
300431	0.0306
002193	0.0305
600715	0.0305
603308	0.0305
300243	0.0303
300291	0.0302
002427	0.0301
300403	0.0301
300401	0.0301
300410	0.03
603989	0.0299
000630	0.0299
300168	0.0299
002581	0.0298
600123	0.0298
600268	0.0298
603006	0.0295
601818	0.0294
603123	0.0293
000158	0.0292
300494	0.0291
002340	0.029
600273	0.0289
600671	0.0288
300166	0.0288
000703	0.0287
600315	0.0287
600395	0.0286
300130	0.0286
002355	0.0285
601238	0.0282
600285	0.0281
002358	0.0281
603669	0.028
002567	0.0279
000030	0.0279
002087	0.0278
600000	0.0277
600055	0.0274
601888	0.0274
601628	0.0273
002683	0.0271
601009	0.0268
300003	0.0265
600098	0.0264
002240	0.0261
002112	0.0258
600297	0.0256
000965	0.0255
600781	0.0254
300289	0.0253
600613	0.0252
002412	0.0252
300292	0.0251
002312	0.0251
300071	0.0248
300224	0.0247
603199	0.0245
000709	0.0243
002533	0.0242
000800	0.024
300422	0.0239
600771	0.0235
600782	0.0234
601211	0.0231
000927	0.0231
002279	0.0228
300124	0.0228
601600	0.0226
000623	0.0225
002395	0.0223
601668	0.0222
601998	0.0222
002292	0.0221
600071	0.0217
600513	0.021
300294	0.0207
600373	0.0205
002024	0.0203
600064	0.0203
300078	0.0201
600887	0.0199
600108	0.0199
300252	0.0198
600452	0.0196
601618	0.0195
600281	0.0192
300418	0.0191
002133	0.0189
600511	0.0189
002564	0.0188
600754	0.0187
002071	0.0186
000980	0.0182
300312	0.0182
002272	0.0181
002105	0.0181
002687	0.018
600984	0.0177
600327	0.0177
002726	0.0176
600508	0.0175
000698	0.0174
000782	0.0174
002426	0.0174
603167	0.0174
300029	0.0173
002221	0.0155
600775	0.0134
000402	0.0128
601028	0.0113
600572	0.011
601633	0.0109
002433	0.0106
600323	0.0103
600703	0.0096
002602	0.0092
300492	0.0088
000953	0.0086
000609	0.0085
002619	0.0084
300358	0.0083
000613	0.0083
002718	0.0083
002493	0.0082
002771	0.0082
300018	0.0082
603158	0.0082
600393	0.0082
601328	0.0081
600979	0.008
002680	0.008
300132	0.0079
000002	0.0078
600847	0.0078
002719	0.0078
300214	0.0077
300274	0.0073
002265	0.0067
002713	0.0067
002742	0.0066
600248	0.0062
000560	0.006
600387	0.0059
002002	0.0059
300041	0.0059
002096	0.0057
601398	0.0057
601169	0.0057
002756	0.0055
000690	0.0044
600908	0.0034
600893	0.0029
002673	0.0029
002092	0.0029
002739	0.0028
601601	0.0027
002302	0.0027
002657	0.0026
601006	0.0025
300541	0.0025
600399	0.0025
300534	0.0021
603008	0.0018
600688	0.0015
002510	0.0014
603118	0.0014
002815	0.0013
300536	0.0011
603986	0.0006
600977	0.0004
300546	0.0004
002813	0.0003
601811	0.0003
300548	0.0003
9	0.0
7	0.0
3	0.0
5	0.0