000651	765147.04
000858	619172.54
000333	559315.23
600519	496289.89
000568	470047.91
002572	451379.6
002475	412914.48
600887	398932.84
300136	348506.38
002456	317490.57
002415	297468.94
002450	276301.73
600056	267508.11
000963	262937.87
002035	251395.29
300156	244064.7
000423	238847.49
002508	211073.69
002271	208555.09
300145	207403.49
600068	203688.79
300197	195739.78
002043	194736.14
002236	192936.76
002310	189080.62
002217	189057.62
002466	183972.12
600196	179737.44
300115	179025.01
002241	160312.59
300296	149621.34
600867	138096.55
002311	138085.26
002127	127929.83
600276	113412.3
600104	110810.18
600703	109543.53
600340	109010.16
002008	108888.53
601166	108739.86
600110	106856.5
000820	106142.96
601012	105720.79
002640	104667.93
601009	104633.56
600309	104124.77
300408	101416.35
601318	98967.54
000063	97072.81
600660	95298.34
600885	95123.21
000538	93094.9
600522	91844.67
002460	90986.67
00175	90722.25
300355	89845.2
601398	89561.43
600036	88395.27
300285	83509.51
600426	82972.87
002142	82943.35
600584	81734.57
002434	81401.87
300367	81393.06
601607	79267.87
002304	78881.17
000089	78018.43
000418	76293.09
601006	74825.49
300144	73863.06
002366	73727.9
600518	71587.46
002050	70520.48
002589	69815.4
600089	68663.56
601939	68054.69
000065	67367.77
601997	67283.3
002108	67003.55
600298	66295.05
002051	65977.17
600643	65874.98
601186	64894.61
601668	64835.75
600048	64365.17
002635	63448.0
300324	63194.5
300015	62926.78
300267	62501.1
601933	62336.61
600240	62098.25
601328	60832.92
002138	60677.0
002019	59885.94
300072	59151.74
300104	59029.41
600585	58323.31
600038	57706.33
600741	57366.11
600016	56314.38
600622	55742.98
002511	55661.18
600109	55446.18
600760	54792.27
002614	54350.84
600029	52996.66
000910	52792.97
300070	52643.61
002502	52541.39
300097	52375.47
000826	52309.37
002007	51384.12
002120	51361.45
300049	50493.32
001979	50399.45
600409	50224.28
300068	49568.59
300418	49396.71
600183	49284.17
002117	49035.67
600079	48702.04
600779	46360.15
601689	45932.97
300332	45690.81
600335	45541.62
601088	45477.59
002299	45242.64
600690	45123.49
600477	43930.36
600900	43787.81
00700	43324.11
002368	43092.14
002343	42651.41
000786	42519.95
000967	42050.96
002044	42007.06
600809	41290.15
300271	40722.26
300364	40559.36
300122	40012.72
002045	39924.64
000100	39665.84
600674	39541.24
000049	39420.0
000028	38956.32
600338	38912.74
300137	38751.0
000823	38193.44
600201	38148.7
000596	37967.42
601336	37808.8
600066	37248.32
300058	36971.04
02020	36957.26
000895	36392.21
000928	36380.55
603818	36257.47
600009	35137.98
300287	35069.57
000711	35053.39
000968	34744.39
600487	34686.8
601111	34429.3
603589	33820.46
002507	33815.77
600566	33762.85
300124	33633.61
600547	33383.46
002714	33252.06
601800	33204.5
300203	33086.68
300365	32560.99
002411	32365.67
300129	31882.78
601988	31720.12
600332	31408.82
002303	31354.83
300433	31307.65
300207	30886.77
000625	30438.86
002555	30344.49
600019	30015.97
600693	29986.89
000811	29781.48
002262	29708.02
603338	29229.73
601169	29093.29
601155	28897.65
300450	28881.37
600030	27835.75
601717	27787.55
600884	27658.51
000018	27644.88
002032	27600.44
002192	27246.52
002509	27126.29
600521	26893.35
600491	26754.77
600115	26184.93
603588	26120.9
600271	26114.81
002664	25854.65
002103	25606.51
600699	25129.28
600146	25082.51
601899	25060.81
000581	25019.5
002672	24962.0
600557	24890.72
300065	24770.07
603328	24681.9
603883	24636.18
600258	24541.35
600143	24240.59
002185	24205.52
000661	23800.63
000400	23673.26
300003	23541.25
603808	23374.94
000876	23345.0
600525	23103.17
603111	23067.25
000921	22921.03
002353	22861.56
000915	22840.22
002384	22838.47
603355	22755.46
600559	22616.17
600993	22501.13
300232	22460.99
300142	22412.76
600028	22245.82
600166	22204.58
002581	21926.36
600116	21698.36
600872	21607.33
002153	21590.0
603899	21576.68
002081	21529.42
600325	21527.7
600593	21027.92
600820	20876.44
300476	20827.35
601117	20614.04
002530	20458.71
002636	20268.97
000800	19991.72
600305	19971.37
002773	19834.04
600886	19814.51
002179	19497.68
600967	19475.14
000001	19468.64
600114	19127.28
002616	19111.78
000949	18965.64
000739	18781.17
600007	18672.1
600520	18663.64
002273	18571.8
002285	18350.06
601633	18245.33
600739	18243.35
000338	18134.39
002027	17670.58
300161	17601.98
601818	17571.5
300252	17391.35
000513	17334.92
002126	17166.42
603019	17095.92
600312	17037.69
002841	16559.24
600172	16534.21
300212	16533.28
002094	16483.4
000999	16435.92
600661	16336.76
002180	16226.97
600176	16202.13
603556	15940.47
00005	15883.98
300308	15871.52
600273	15799.46
300011	15472.45
600406	15459.88
300138	15418.87
002322	15099.38
600803	15028.19
600614	14947.78
603778	14915.62
002707	14912.85
600897	14912.03
002464	14766.96
601333	14478.34
000911	14448.32
600297	14264.26
000069	14180.7
603006	14094.93
002568	13980.18
601699	13804.56
000776	13773.77
300083	13695.03
002683	13596.49
000590	13569.6
002277	13230.96
002694	13230.74
300336	13202.5
600266	13176.0
002195	13101.79
000718	12920.0
603898	12870.82
601000	12768.04
601888	12733.66
02018	12704.71
600060	12680.99
000059	12448.8
300284	12420.96
603366	12368.04
300406	12348.79
603703	12339.34
002643	12317.42
600436	12269.0
002175	12228.59
002421	12200.32
002053	12106.9
002573	11983.98
002838	11928.75
000998	11805.91
600500	11796.91
603377	11776.46
600804	11775.59
002480	11769.25
002047	11620.93
300279	11483.29
01093	11480.8
601288	11447.75
002332	11370.27
300351	11324.26
02238	11313.57
600511	11261.93
002595	11251.36
002398	11158.22
300393	11068.16
603939	11043.5
600750	11033.67
02382	11013.91
600985	10980.82
002244	10964.64
002358	10951.81
000821	10843.63
600306	10805.24
03888	10789.37
600452	10605.2
002479	10505.92
600682	10503.95
002727	10423.42
600195	10357.06
000709	10323.83
002060	10172.35
002410	10153.97
002400	10095.36
000970	10072.73
600155	10052.39
000948	10052.24
300244	10051.59
300456	9860.5
603686	9840.48
002624	9797.49
002245	9749.0
300316	9716.52
300231	9666.44
002372	9572.07
000778	9566.17
603678	9520.24
600485	9511.22
600208	9467.72
601766	9459.39
002599	9409.64
600308	9273.03
00902	9215.26
002705	9189.03
600197	9141.37
300323	9135.06
002497	9104.57
000032	9070.43
600987	9065.72
603108	9053.93
01299	9006.24
002462	8978.12
002567	8882.39
600062	8861.12
603008	8822.13
03988	8746.5
000567	8693.16
300054	8667.24
300100	8661.24
600635	8594.27
000425	8536.97
300383	8426.53
600873	8412.34
002570	8404.84
000403	8404.14
002583	8386.93
603816	8365.46
002076	8328.28
000404	8326.13
300214	8305.33
01398	8251.04
600117	8118.05
600461	8108.86
002666	8086.44
600681	8040.52
600735	7992.0
300302	7973.45
002675	7945.59
600389	7933.51
600153	7905.76
600792	7902.53
600198	7874.82
002390	7729.2
00939	7654.41
000768	7600.24
601919	7552.9
601799	7551.66
300447	7458.21
002049	7355.07
00388	7314.14
000630	7310.31
600664	7297.64
300021	7242.5
600600	7217.53
002431	7212.0
601628	7183.92
600219	7136.77
300567	7105.15
300226	7075.59
600392	7058.81
000925	7012.42
000411	6921.44
300009	6913.82
300064	6878.37
600352	6851.28
600864	6816.97
002223	6746.6
601601	6723.02
000869	6657.26
300337	6535.4
002258	6500.7
000070	6498.82
600742	6495.54
600845	6486.98
300202	6472.72
300017	6424.07
002247	6394.51
300088	6391.59
600458	6381.16
01928	6328.08
600691	6279.11
000997	6213.01
601688	6159.38
600731	6136.14
002831	6126.65
002739	6084.85
300116	6082.1
300340	6070.03
603799	6067.19
300310	5991.4
000597	5944.48
300273	5932.53
002439	5893.51
601901	5876.58
002188	5844.22
002426	5838.3
600888	5790.4
600085	5769.45
000938	5743.86
600597	5719.73
002308	5709.91
600879	5704.97
002026	5597.88
002637	5571.26
00371	5557.54
000608	5536.99
002554	5529.46
300274	5518.58
002036	5513.39
002738	5504.42
000550	5499.16
600509	5449.82
300106	5435.13
600027	5401.42
000980	5393.79
300012	5344.3
002387	5158.47
300258	5147.53
300204	5126.31
600963	5053.77
603579	4989.24
600285	4907.98
600686	4789.82
002250	4753.95
603368	4701.95
600420	4678.26
600015	4675.75
600586	4672.29
600267	4653.97
000919	4595.59
600990	4587.63
600456	4538.1
600050	4482.0
000829	4411.8
601991	4374.4
603018	4357.12
002024	4351.85
601377	4348.81
300224	4347.24
01112	4323.78
603040	4316.99
600535	4297.46
002085	4294.0
600192	4252.39
603601	4238.74
002600	4172.12
002202	4156.44
0371	4133.9
02388	4123.8
002468	4054.97
002394	4006.41
300238	4004.25
603515	3888.72
000899	3887.91
600855	3872.45
002449	3850.2
300568	3831.78
000039	3815.9
000725	3771.96
002765	3761.95
002020	3710.4
000705	3687.0
02899	3686.4
300463	3682.26
300025	3626.09
600581	3502.91
600054	3486.56
600072	3481.22
600784	3458.21
600372	3442.78
600000	3420.15
002013	3386.0
002414	3381.52
603737	3316.89
002003	3302.62
002074	3294.26
300347	3281.74
603005	3230.6
002078	3226.04
600856	3218.52
603288	3207.1
002222	3122.95
000606	3121.7
300257	3118.42
000799	3108.05
601669	3071.95
300229	3066.0
600315	3039.48
000860	3023.07
600425	3001.67
600466	2976.16
000952	2941.5
601965	2931.82
300588	2832.29
000541	2828.9
000923	2825.0
002680	2744.8
300306	2740.49
002383	2736.18
002777	2717.25
000035	2664.48
000887	2641.37
000401	2620.68
002562	2617.75
300275	2592.84
000402	2590.75
002396	2588.54
600502	2575.41
300303	2567.41
002294	2519.94
002833	2499.22
000756	2498.4
002182	2494.06
601058	2466.61
002638	2455.0
603996	2445.07
300263	2419.2
300031	2413.67
300101	2346.4
002541	2266.49
600004	2263.46
300084	2244.36
603017	2209.33
300317	2193.65
000807	2190.04
600011	2167.49
002601	2126.66
300033	2123.19
002430	2117.16
000417	2106.59
600834	2105.22
600527	2101.81
000822	2054.4
000888	2040.26
601595	2023.62
601677	2016.94
002564	2013.99
600667	2007.12
601225	2003.9
002314	1967.78
002048	1966.05
600768	1932.76
002609	1903.14
300061	1891.8
600702	1851.01
600498	1832.14
601857	1819.31
000002	1774.19
002709	1754.78
300545	1740.0
603626	1737.25
600926	1731.56
600718	1717.7
600138	1714.53
002341	1681.82
600751	1664.61
002029	1649.07
601998	1621.08
600031	1617.42
600827	1616.0
300113	1588.05
002611	1585.1
600966	1565.98
000429	1565.63
002521	1564.7
601211	1537.2
600998	1523.81
002399	1522.05
600489	1511.92
601666	1473.98
000529	1470.02
300183	1463.84
03311	1426.53
300432	1360.84
002022	1359.32
000848	1355.24
000965	1344.0
02318	1343.96
600061	1331.34
002230	1310.78
300134	1287.72
002690	1281.0
002162	1261.32
000789	1260.88
600033	1247.44
00570	1238.72
600562	1206.01
00027	1205.1
300078	1189.56
600419	1178.57
600837	1176.91
00494	1152.46
600327	1137.5
300392	1128.39
300180	1103.41
600713	1076.6
600399	1073.98
600723	1073.56
000519	1073.16
600816	1072.76
300294	1068.48
01316	1061.16
002270	1058.68
601390	1057.2
002677	1044.47
00991	1038.71
601098	1034.89
002279	1025.94
002503	1023.02
601877	1014.79
00867	981.14
600376	978.22
600373	968.62
600565	967.76
002756	962.67
300410	960.43
300089	954.95
01919	948.16
600833	921.12
601233	920.61
000666	915.17
000975	904.79
600270	898.88
002160	885.34
000916	880.59
002458	877.67
000951	873.09
000504	841.0
002376	830.89
601231	819.23
300038	817.2
300496	800.86
002701	793.56
002002	784.72
002766	778.58
600256	775.92
600337	770.38
00981	760.96
300461	757.15
01336	755.51
000729	744.75
600919	742.58
03993	732.43
600823	727.91
000543	727.53
000539	726.49
02386	724.4
600637	721.28
300526	719.75
603868	712.08
603306	708.0
00874	699.36
00285	683.15
002340	680.86
03968	675.03
300349	668.21
000930	654.0
600745	650.73
600132	650.4
600167	648.6
000881	646.68
02282	639.72
603611	635.19
601600	626.78
601555	617.5
000878	614.2
600771	613.99
000678	610.5
300007	604.8
000797	602.88
000978	600.37
300148	568.04
603866	567.84
600528	563.15
300219	557.55
000066	551.76
600128	546.14
300141	542.42
300299	540.61
01186	539.86
600894	538.4
00934	536.5
603979	535.87
002200	524.05
000153	517.45
00257	516.32
002235	508.2
601618	508.0
000669	497.1
000783	489.5
000530	488.14
002146	487.56
002004	479.95
600594	476.28
600055	474.41
00392	458.61
600850	455.52
000708	449.54
300590	447.31
002338	447.15
01658	427.03
00914	410.16
601985	402.13
300081	396.01
300188	381.0
000553	379.17
601021	378.67
603986	378.18
300159	371.25
000516	361.5
300147	343.2
000728	335.91
600685	334.3
002087	324.34
600377	320.8
002214	317.67
002716	316.91
000615	308.96
600688	297.34
600859	289.46
000166	289.37
000020	285.96
300291	283.22
002821	279.99
002090	277.71
000983	276.38
002252	275.71
601107	272.66
601678	271.24
002463	269.7
000415	268.73
600429	268.62
600578	267.82
600020	267.6
002128	267.48
002101	266.76
600383	266.4
600105	265.86
002493	265.6
300498	265.38
601179	265.38
600169	265.2
000027	264.86
601229	263.78
002174	263.26
600801	260.53
300362	244.43
600151	242.53
600008	239.28
600835	231.87
600486	227.44
300152	220.05
600775	209.02
600188	203.26
603989	198.13
600708	197.57
300312	184.12
600787	183.12
600977	176.79
603169	151.28
601008	139.27
600255	123.89
000682	121.58
603833	115.84
002351	108.39
002204	108.33
002669	106.44
600428	104.53
300426	103.68
000960	102.38
01530	102.27
600362	96.57
06881	95.48
000792	91.95
601566	84.95
02628	84.7
00966	84.26
000882	69.53
002385	56.48
002391	51.13
002242	47.26
002422	41.34
600633	39.8
000697	30.9
601228	25.02
601366	22.23
603768	20.41
0	19.0
603727	8.38
603388	7.5
603179	7.15
603303	7.06
300621	6.21
603178	3.72
603806	3.25
002172	0.1