600519	12
002572	11
000651	11
000568	11
600068	9
000423	9
000333	9
000858	9
000963	9
002035	8
002508	7
600056	7
002236	7
600522	7
300145	6
002217	6
300296	6
300197	6
002310	6
002475	5
300156	5
600779	5
300355	5
002415	5
000418	4
002043	4
601318	4
600196	4
001979	4
600518	4
002311	4
600887	4
600009	3
600900	3
601012	3
600566	3
002127	3
600585	3
000065	3
600674	3
002400	3
603388	3
601668	3
600622	3
300136	3
601607	3
000829	2
002273	2
002271	2
600258	2
000820	2
002279	2
000625	2
002675	2
300306	2
000799	2
002051	2
600309	2
601988	2
600993	2
300310	2
000925	2
000538	2
002511	2
600879	2
002456	2
002450	2
300007	2
002138	2
002032	2
601009	2
600664	2
600271	2
002235	2
600166	2
000697	2
603377	2
600511	2
600028	2
600029	2
600885	2
002241	2
300456	2
300115	2
603818	2
600426	2
002250	2
300078	2
300285	2
002303	2
002304	2
002466	2
603899	2
300038	2
300003	1
000823	1
600967	1
002244	1
600498	1
600089	1
300308	1
002117	1
600557	1
600007	1
600419	1
002202	1
000543	1
002562	1
600660	1
600990	1
601398	1
000028	1
600867	1
300097	1
300011	1
600019	1
002640	1
601766	1
000928	1
601998	1
000539	1
002108	1
002694	1
300406	1
002299	1
600146	1
600703	1
603355	1
002195	1
601098	1
603589	1
600201	1
600048	1
603833	1
603883	1
002502	1
002583	1
002422	1
600176	1
002589	1
600273	1
300072	1
300070	1
601088	1
002833	1
600809	1
601228	1
600691	1
000513	1
601933	1
000596	1
002008	1
603178	1
300106	1
603768	1
300065	1
600739	1
600183	1
601689	1
002480	1
600584	1
000776	1
002120	1
002242	1
002727	1
002709	1
002027	1
300450	1
601939	1
300147	1
600298	1
600559	1
600110	1
300545	1
600335	1
600332	1
600837	1
600338	1
002391	1
002142	1
601288	1
603018	1
601818	1
000888	1
002353	1
002714	1
600741	1
300273	1
300049	1
600340	1
300129	1
600525	1
601328	1
603808	1
601888	1
600240	1
000895	1
601800	1
000089	1
600804	1
300161	1
600521	1
002460	1
600823	1
600633	1
600637	1
600138	1
601166	1
600406	1