300136	13
002475	11
002456	11
300115	11
002572	10
300145	8
000423	8
600056	8
002236	8
600068	7
002589	7
000651	7
002466	7
002217	6
600703	6
000065	6
300197	6
002415	6
000963	6
601318	5
300156	5
002635	5
000858	5
002310	5
000568	5
600522	5
002460	5
002043	4
002045	4
000333	4
300296	4
002008	4
002035	4
600196	4
600518	4
002241	4
300355	4
002411	4
601607	4
000820	3
600009	3
000928	3
300161	3
002343	3
600519	3
600183	3
000049	3
002709	3
300450	3
002311	3
002384	3
600887	3
002273	2
300308	2
600089	2
600867	2
600557	2
002202	2
300097	2
600146	2
002195	2
600201	2
002530	2
002508	2
002583	2
300476	2
600977	2
002838	2
600566	2
002120	2
600691	2
002332	2
000998	2
000661	2
600511	2
600884	2
600029	2
601668	2
600110	2
601689	2
002250	2
002511	2
600240	2
300433	2
002462	2
600487	2
600258	1
000417	1
600255	1
600967	1
600966	1
002675	1
002376	1
300229	1
600498	1
300545	1
002479	1
002777	1
300025	1
600007	1
000799	1
002051	1
002568	1
600309	1
600061	1
002562	1
600104	1
300317	1
600993	1
600990	1
002449	1
600864	1
002609	1
600399	1
600392	1
002640	1
603808	1
000682	1
000921	1
601008	1
002108	1
002694	1
300406	1
300088	1
000039	1
000018	1
601012	1
603355	1
000910	1
600267	1
600660	1
603626	1
300003	1
603589	1
000919	1
002341	1
600048	1
603686	1
002223	1
002036	1
002509	1
002032	1
300274	1
603169	1
300273	1
600664	1
603040	1
600273	1
600271	1
002185	1
600779	1
300072	1
002833	1
002127	1
002230	1
000513	1
603008	1
300263	1
001979	1
002537	1
300106	1
600456	1
002636	1
600072	1
300342	1
300463	1
300340	1
300068	1
600768	1
300100	1
300347	1
300061	1
300065	1
600028	1
600885	1
002480	1
300365	1
300621	1
600585	1
000776	1
002245	1
002351	1
002727	1
002027	1
300147	1
600298	1
600750	1
600751	1
600834	1
600066	1
600335	1
600332	1
002554	1
600674	1
600033	1
000768	1
600338	1
600036	1
600426	1
002322	1
002391	1
002142	1
603018	1
601111	1
600535	1
002353	1
002714	1
002204	1
300207	1
300285	1
000970	1
600109	1
300129	1
600525	1
002541	1
000403	1
601888	1
002303	1
002304	1
601800	1
000089	1
600804	1
002179	1
603898	1
600739	1
600138	1
000967	1
300031	1