600519	360902.28
601288	239083.65
600887	221616.69
000651	190772.36
600028	185731.1
000333	185295.66
601398	177614.29
601006	176361.01
600104	172409.06
000858	166216.89
601328	155774.3
601628	153730.22
601318	141775.39
002475	127858.36
000001	122848.7
000786	121526.15
600016	115672.98
000568	107488.61
002415	103709.25
601668	99877.6
600867	95030.49
600015	94046.13
000963	92490.86
600900	91874.62
300136	85096.6
002456	82792.87
00700	81868.31
600276	81069.07
601989	79151.05
002572	75655.24
601939	74057.69
601607	73816.69
002142	73220.54
000063	71259.11
600309	70943.71
000538	68111.26
601166	67955.59
002271	67238.28
601098	66630.79
600066	66268.49
601988	66030.14
600409	63451.96
002450	63145.44
002236	62560.14
600547	61378.51
00939	60756.76
002051	60443.51
600062	60396.87
601688	58157.87
600048	56684.75
300017	54567.66
601818	52202.97
000423	52104.44
002041	51926.53
000901	50798.99
000018	50148.82
000422	47925.51
01398	47825.4
601009	47806.83
000625	47153.45
000895	46737.07
601899	46227.01
600643	46199.27
600660	45799.69
600036	43995.53
03988	42678.84
600998	41729.22
300156	40718.08
600068	39569.33
600089	39488.06
600703	38624.81
000910	38553.61
601088	38003.73
600557	37761.28
600316	37690.06
002241	37347.06
600138	37025.59
002353	36909.94
000725	36253.89
002311	36016.95
000513	35837.22
000100	35491.14
601633	35473.61
600855	35081.53
300100	35069.62
300144	35033.93
600030	34969.4
02238	34664.52
601169	34617.0
02318	33813.51
600109	33415.99
600079	33225.79
600335	31982.94
600298	31019.04
002502	30348.87
002400	30260.11
002701	30246.72
600240	30186.6
600681	29930.96
600056	29661.36
601233	29349.58
601965	29019.44
300124	28933.02
600885	28660.32
000401	28640.34
600031	28227.24
600990	28212.29
600060	28177.89
600585	28138.02
600864	28059.06
03888	27976.08
000661	27893.59
002792	27798.04
300049	27408.34
601186	27163.35
002791	27151.43
601857	27055.02
000876	26628.11
002043	26568.32
000860	26538.83
600970	26458.0
002078	25808.21
600498	25804.78
000999	25578.26
002640	25477.78
600809	25445.42
600803	25280.65
002299	25103.39
600391	24841.67
300115	24794.47
02628	24708.58
000998	24625.64
600085	24501.22
002010	24216.08
000069	23548.93
300010	23265.86
00005	23259.5
002008	23147.57
002338	23146.58
600196	23090.47
00902	23047.76
002310	22735.22
600305	22592.35
002366	22508.88
600271	22457.56
600521	22450.24
002368	22435.09
300015	22137.67
300058	21988.23
600622	21961.61
600518	21873.76
00386	21511.36
002250	21328.31
600511	21315.61
002138	21198.71
01359	21068.78
601211	20943.97
002570	20892.59
600584	20795.4
600195	20721.76
600489	20421.03
00388	20375.96
600009	20375.19
600007	20326.43
002323	20224.32
601336	20223.74
600674	20146.3
600820	19996.57
600760	19796.67
300070	19770.68
00857	19284.04
000089	19110.88
002503	19085.87
300122	18775.66
600559	18741.44
600418	18668.55
600856	18626.44
300003	18619.14
002294	18568.9
300137	18542.28
000807	18517.83
601800	18331.18
02357	17983.24
600267	17926.15
002258	17863.68
300498	17681.51
002507	17596.08
000550	17121.21
600642	17026.96
002699	16900.0
002409	16864.0
002304	16849.24
300306	16822.13
600699	16750.91
00941	16636.16
600000	16582.99
601600	16458.42
601689	16321.05
600467	16272.08
600520	16097.25
300114	16048.24
002267	15884.22
002032	15658.67
300011	15646.32
000726	15408.61
600677	15274.5
600637	15105.93
000739	15059.92
002509	14986.32
002672	14901.19
600110	14681.52
600486	14594.86
600531	14470.57
002727	14397.12
02388	14369.84
002202	14254.45
600525	14185.71
601766	14179.3
300365	14099.84
603799	14093.43
600697	14092.86
600598	14060.31
600858	14039.52
300408	13887.17
002568	13844.16
600535	13839.67
002035	13707.41
601333	13657.18
002053	13434.48
002223	13338.37
600256	13326.38
603001	13277.64
600527	13261.41
601012	13226.92
600146	13201.26
000425	13187.46
01618	13158.08
002277	13141.37
002519	13138.57
600438	13054.56
000915	12745.46
300231	12710.77
600072	12710.07
002690	12659.94
600497	12505.88
600151	12482.68
600999	12468.74
600338	12387.38
600886	12383.6
002245	12357.3
600566	12329.72
02018	12291.73
600166	12266.18
600741	12155.51
600261	12063.3
600477	12059.97
300339	12032.78
002168	12000.87
603883	11903.37
600794	11824.44
002318	11693.7
600155	11649.9
000662	11646.05
000630	11631.15
600919	11619.27
002508	11495.8
002155	11459.68
601933	11414.37
600549	11392.12
000738	11380.4
600976	11288.96
300422	11264.36
600729	11064.12
002594	10959.59
600426	10945.18
000609	10936.31
601997	10880.51
600742	10804.68
603377	10785.02
300296	10732.29
600967	10656.51
000911	10605.94
002343	10605.85
000521	10576.51
000636	10383.21
002385	10362.11
600055	10269.66
601137	10253.12
300232	10234.09
603611	10231.6
000400	10187.48
600597	10095.63
002583	10086.44
600676	10069.93
000971	10060.99
600987	10022.12
600075	9968.98
002303	9950.77
000823	9944.0
600266	9926.32
002217	9916.37
000656	9800.26
000498	9658.01
002344	9652.82
000949	9581.02
002108	9573.99
000748	9568.98
002073	9430.26
600873	9398.77
300091	9362.76
600686	9346.97
603355	9282.76
000558	9170.47
002367	9160.52
600011	9144.93
002050	9140.01
000903	9105.81
002371	9078.94
600377	9077.46
002150	9057.8
600398	9042.39
300054	9008.95
603997	8851.31
300119	8809.32
000404	8745.44
300449	8717.78
002484	8691.52
000921	8642.4
002126	8620.58
002239	8595.03
300072	8576.65
002511	8542.41
600737	8513.18
601139	8486.89
000711	8469.22
000567	8448.37
600416	8421.05
002099	8404.47
600500	8377.91
000959	8362.2
01093	8340.5
300243	8303.04
601985	8296.04
300437	8281.73
601998	8240.97
002624	8222.93
601699	8199.36
600038	8085.35
00175	8043.64
002635	8041.16
000930	8026.66
600667	8026.58
000544	7885.54
002007	7821.62
600332	7789.38
600579	7706.53
600297	7540.25
002221	7517.86
000028	7514.52
300234	7512.61
002714	7369.85
600754	7364.2
600227	7302.83
300012	7245.67
601801	7235.97
600850	7233.68
300147	7223.75
000049	7157.86
000540	7127.41
300302	7126.77
600529	7107.98
000709	7058.32
600827	7020.63
600872	6974.36
000166	6966.78
03311	6946.3
600074	6826.95
002414	6809.09
002528	6794.7
603808	6780.22
300106	6740.56
601155	6725.28
600816	6681.94
300161	6659.21
02313	6652.21
002434	6645.17
300282	6636.23
603030	6622.94
600019	6611.39
002531	6609.13
002359	6570.79
300410	6564.55
300104	6551.98
000534	6547.85
002375	6506.93
002537	6479.46
002422	6478.66
001979	6467.3
300129	6466.41
600315	6453.86
002098	6325.56
603609	6303.71
601799	6274.3
300452	6271.31
000820	6257.14
603986	6189.76
000596	6163.37
002675	6148.74
300375	6139.68
300370	6075.84
601555	6072.45
002325	6055.32
000821	5993.19
000566	5973.7
300259	5933.45
300526	5928.35
300061	5879.9
02382	5861.4
000555	5811.89
000948	5789.52
600057	5783.13
600896	5779.95
000869	5778.4
601117	5777.39
600479	5762.1
603018	5760.14
600861	5723.25
603111	5695.78
300287	5671.32
002716	5623.02
600993	5591.3
002533	5560.82
002179	5552.48
600476	5509.14
600436	5477.28
002781	5431.32
300068	5426.32
603588	5423.08
02020	5377.91
300213	5372.6
600787	5348.04
300196	5296.72
300271	5291.62
300450	5283.8
300078	5273.37
002206	5208.8
002532	5207.91
600875	5179.2
300567	5175.57
600961	5153.55
601021	5117.74
002541	5087.28
300312	5058.61
002694	5058.0
00867	5050.8
600018	5015.39
600594	4968.36
002149	4915.98
002120	4904.93
300463	4853.29
300291	4811.7
002550	4751.45
002468	4735.75
001696	4687.23
002016	4675.97
000789	4655.07
300095	4649.3
002762	4634.4
002557	4621.56
603968	4601.33
000035	4599.56
002131	4585.97
300406	4575.85
002736	4553.98
600029	4529.7
300316	4520.97
002426	4514.16
600565	4495.54
300248	4492.37
002395	4474.45
002085	4461.34
600755	4438.26
601100	4431.49
002293	4412.23
600501	4410.7
300097	4384.16
002374	4334.31
600666	4311.6
601000	4286.28
300149	4272.4
002382	4266.38
600329	4254.04
000411	4248.81
002298	4204.66
002391	4195.58
000800	4170.69
600270	4159.02
000881	4138.92
603118	4131.65
600352	4038.86
000776	4035.35
01299	4016.72
002410	4009.97
300367	4007.88
600835	3992.23
300203	3984.8
600763	3971.25
600688	3952.78
603866	3932.8
300548	3926.54
002543	3914.54
600170	3913.82
000690	3893.4
000421	3893.28
600963	3889.21
600004	3813.4
002024	3812.73
600406	3808.61
000059	3798.5
300033	3797.34
000778	3773.73
000338	3766.71
002573	3757.0
600094	3714.61
300436	3623.33
002059	3590.94
601588	3583.91
600576	3571.28
601601	3556.41
002452	3533.53
002002	3522.75
601377	3485.5
300364	3478.14
300207	3441.85
300098	3422.99
300421	3420.52
002045	3367.6
600731	3355.58
000606	3334.98
002308	3323.91
000977	3314.22
300456	3310.45
002103	3293.77
000887	3284.02
600363	3283.17
002106	3282.82
300263	3241.92
600382	3239.56
002530	3219.54
600570	3214.71
300148	3211.71
603806	3208.44
600115	3192.41
000792	3175.17
000937	3165.26
000590	3144.81
601928	3140.9
300166	3103.62
300545	3088.8
000402	3044.86
300398	3028.48
300351	3018.35
000969	2981.26
002396	2980.2
300443	2978.28
603718	2950.75
000801	2948.0
000631	2939.95
000157	2931.98
002216	2931.96
300336	2925.28
000546	2857.63
600682	2854.28
000783	2807.21
601390	2806.49
600888	2801.32
600327	2790.06
000426	2786.74
601111	2785.39
600050	2771.7
000501	2768.8
300230	2737.05
601888	2728.04
300322	2726.64
600108	2710.42
601388	2680.94
300342	2680.13
002048	2664.33
000027	2645.27
002425	2632.18
000554	2632.06
002357	2580.78
00570	2579.31
600596	2576.48
600651	2540.7
002481	2539.6
300145	2534.51
300138	2494.79
06030	2461.86
600593	2446.75
002029	2427.22
600209	2403.44
600837	2385.18
600691	2383.46
300252	2376.8
01117	2368.68
002246	2365.86
300323	2357.27
002643	2354.68
000848	2341.44
000928	2310.92
002019	2274.6
603899	2265.07
603160	2260.45
603085	2239.71
600469	2236.01
600871	2230.4
600883	2215.3
002597	2211.97
601788	2207.88
300401	2198.2
600132	2185.92
002663	2185.78
002117	2180.79
000913	2131.42
600150	2128.45
002588	2105.76
600739	2092.08
600509	2074.88
300294	2069.13
002370	2065.87
600795	2056.76
600487	2037.56
002739	2024.15
600258	2023.48
002152	1992.0
600125	1984.54
03899	1974.64
600236	1959.02
002215	1958.65
000877	1958.26
000980	1950.34
600208	1949.19
603128	1947.8
600021	1936.93
000982	1928.34
000666	1927.24
300228	1918.5
000902	1912.2
00883	1889.64
600221	1888.86
002609	1881.9
002023	1868.32
01177	1862.76
601717	1862.67
300360	1855.1
01378	1830.18
600160	1827.79
002161	1826.81
000488	1823.26
00371	1809.36
002332	1753.68
002262	1738.67
002529	1733.48
600419	1733.1
300038	1727.74
600428	1725.84
603939	1722.51
300303	1713.77
300246	1710.52
300345	1706.82
600822	1705.46
601311	1701.43
000030	1700.0
601808	1695.28
000983	1693.52
002188	1690.0
601118	1670.4
603123	1663.33
300143	1658.8
300142	1635.0
600389	1622.33
300183	1621.63
002567	1617.66
601198	1613.47
300261	1600.72
002546	1598.29
002421	1592.69
300223	1576.37
002671	1553.31
600153	1552.61
300324	1546.74
600337	1544.73
002738	1544.67
300332	1541.94
002444	1541.44
300014	1540.3
600480	1537.62
002064	1531.82
002603	1530.9
002412	1522.9
002013	1521.09
300425	1518.88
002038	1510.58
000882	1509.48
600362	1505.7
600600	1503.49
603616	1499.6
000997	1496.11
600259	1489.7
002462	1488.38
002065	1453.52
002465	1441.88
002376	1434.56
600039	1422.0
300369	1369.67
000825	1369.34
603766	1365.98
002281	1365.92
600268	1365.91
600105	1364.38
600350	1363.91
002141	1356.06
600959	1355.96
000539	1353.3
002230	1351.12
00688	1327.04
002518	1326.02
603686	1324.8
600420	1324.34
600522	1318.78
00966	1315.0
603108	1314.08
300496	1303.86
601908	1297.16
002595	1294.85
300357	1288.74
300393	1286.73
002489	1285.24
600499	1285.2
002553	1283.88
002083	1272.54
300133	1269.22
002821	1261.7
002191	1249.18
300340	1243.84
300071	1226.28
600978	1224.11
300334	1210.79
600223	1209.94
02727	1208.06
600759	1198.0
600458	1190.02
002101	1185.34
002234	1180.5
00489	1172.82
300265	1159.91
600790	1158.21
002242	1156.53
000530	1149.48
603268	1147.22
002214	1144.93
002327	1143.94
600761	1142.94
000686	1142.38
002094	1141.27
300267	1139.43
000581	1137.7
603308	1130.42
300284	1129.49
600172	1128.82
300184	1122.28
300429	1119.8
601339	1114.29
02186	1113.04
600736	1108.61
601258	1108.0
002564	1100.0
000428	1089.0
600216	1085.36
000060	1082.88
601003	1077.52
002581	1072.98
000403	1049.92
600027	1049.4
000600	1044.21
000758	1042.06
000014	1039.62
300295	1039.17
600285	1032.81
300508	1022.23
601669	1016.4
002705	1012.57
600718	1012.08
002283	1010.1
002726	1007.34
600689	999.08
000551	998.48
000639	993.56
600730	991.2
300433	991.2
600690	987.8
600804	986.85
600771	985.82
600188	977.4
601126	973.0
600586	969.74
002589	963.74
002213	963.0
600373	947.78
300197	946.82
000004	945.41
603000	942.87
000750	942.48
000768	933.32
600251	932.49
300329	919.62
600821	918.65
000883	916.0
002458	901.76
600572	895.65
000043	894.11
002321	892.74
300257	892.32
002072	888.81
600621	880.66
002673	874.42
002322	872.8
600273	870.09
600750	862.96
000735	859.2
600496	855.98
000525	854.44
002081	852.22
600582	844.9
300159	841.15
002383	826.33
600775	825.66
002758	822.58
600826	819.6
600491	817.72
600340	814.52
601618	812.86
600717	806.4
000920	795.71
300355	795.38
000529	793.66
300256	790.0
601727	789.96
002470	784.86
002562	776.85
002477	768.46
300326	758.71
600801	757.64
000972	756.0
002285	752.4
600022	750.0
000012	749.57
000623	743.76
000547	733.32
002402	731.14
002394	729.83
002542	728.95
002372	727.52
00392	721.24
300247	714.41
600895	708.8
600859	707.3
002387	696.37
601375	695.21
600548	692.58
002033	692.5
002517	686.7
300040	679.67
002829	679.5
300059	677.2
603589	674.64
600176	674.24
000066	672.57
600330	663.46
000728	644.16
600633	635.76
600567	633.5
600093	625.13
002556	623.4
300258	621.96
000925	614.25
002563	611.23
300157	610.2
300251	609.8
300096	608.01
600010	604.62
600299	604.24
600612	602.38
600536	601.5
002439	594.42
000878	586.72
600723	571.8
603898	556.12
601718	555.55
00981	546.64
000919	541.2
000967	540.95
600422	540.4
002052	537.6
002056	536.92
002677	534.34
603838	527.36
002063	525.6
600984	524.4
300005	520.52
002510	519.56
000528	515.36
600291	513.07
600320	513.02
603298	508.79
601225	499.94
002438	497.21
601168	487.57
601566	487.36
002601	481.08
603368	478.02
002407	474.22
600882	473.88
600358	473.47
002173	461.15
002042	458.4
000796	454.5
000418	452.48
002195	452.23
600702	452.0
603456	448.66
600198	444.45
600834	444.0
002147	440.5
603989	429.33
600881	424.85
600965	419.98
000732	413.62
600369	409.68
002071	409.07
600969	406.36
002036	402.93
000888	398.0
000906	395.71
002384	392.2
000811	390.34
601636	388.0
600252	384.86
600606	383.24
002233	377.83
600798	372.84
300164	372.24
300317	371.6
002717	371.51
600111	368.1
002544	365.27
601238	363.28
002123	361.5
300479	358.5
603008	358.32
600158	357.83
002501	355.65
600376	355.24
600552	353.86
002075	352.33
300108	350.95
002087	350.0
600069	348.2
300087	346.63
300092	344.31
300236	342.88
600831	341.52
603869	341.16
600372	335.95
603660	335.16
002420	334.66
600121	333.18
600502	326.15
300212	325.98
600255	323.8
600123	321.6
603167	321.2
600847	320.8
600587	318.9
002639	314.78
600100	313.84
600894	304.52
600909	303.42
002390	302.24
600685	299.38
600141	299.33
600838	296.02
603306	295.77
600312	295.53
600683	293.53
600616	293.24
000718	292.77
002180	291.93
002745	291.92
300321	291.43
603823	290.02
002466	288.81
000036	285.94
002688	282.8
002200	281.04
002500	280.07
603288	279.8
600988	277.56
601886	273.07
002182	272.82
002069	266.4
002683	266.4
000002	263.65
600853	263.34
600114	263.14
600475	260.95
300182	257.8
002034	256.49
000960	253.48
600636	253.18
002721	250.2
600528	244.35
603218	240.8
300113	240.46
002004	238.9
600996	238.32
000975	234.6
000826	234.16
600325	233.35
600331	233.16
600611	231.66
600562	231.19
600008	230.86
000598	230.05
601231	228.76
601992	228.18
000926	226.52
603188	226.11
600026	226.02
300255	222.78
002104	221.77
002116	221.31
300298	214.06
002309	212.6
600128	211.06
002058	208.92
002055	208.64
601677	204.83
603658	204.57
600318	202.54
002192	200.78
002205	200.25
002039	198.01
002076	196.05
600213	194.94
002661	193.71
603369	193.26
300029	193.09
600793	189.31
600738	187.93
600577	187.81
000683	184.89
000966	178.06
300025	175.89
000050	172.99
000665	168.36
002062	163.75
601929	163.41
002433	162.6
000667	161.03
000039	159.79
000777	156.66
600711	156.55
600778	156.4
002457	154.65
600694	153.73
600157	152.38
600995	151.75
600481	150.56
603877	148.6
002627	148.44
300088	146.6
300488	143.04
000978	143.04
300177	142.56
601898	138.33
603979	137.3
002037	136.96
000429	136.8
002398	133.63
300150	133.19
600308	132.74
601579	130.09
300394	129.48
002165	128.64
300305	127.32
002017	124.35
000707	123.95
002611	123.91
300169	123.71
600862	121.05
000620	119.48
300341	116.41
603366	116.4
002238	116.32
603258	108.44
600571	107.02
600879	105.96
002491	105.36
600503	105.03
300162	102.96
300199	101.77
000657	101.71
300348	100.85
600452	100.03
300319	97.44
000090	96.6
002011	95.2
600728	94.36
600359	93.9
603399	93.25
002092	90.75
002166	86.59
002251	85.54
000045	84.0
600575	83.14
600977	79.36
600973	79.28
601919	78.6
002463	78.32
600893	74.32
002408	71.5
603708	70.84
603416	70.07
300168	68.75
300253	68.72
300327	66.8
0	66.0
600295	64.72
000619	64.28
600634	61.56
002831	61.44
002118	61.23
000973	60.56
002314	55.09
300200	54.77
000663	49.03
603878	48.0
002146	47.1
300416	45.69
600399	44.1
603577	42.25
603858	41.65
002795	39.84
600992	36.49
300490	35.64
002832	35.15
601020	34.3
603886	34.02
600814	34.0
600841	33.79
600892	33.67
600819	31.96
600810	31.9
603006	31.79
002440	29.74
300582	24.64
603900	23.19
002826	22.92
603928	22.32
300568	21.46
300570	20.02
300537	20.0
002777	18.94
002818	18.08
603239	17.46
300558	16.03
000752	15.57
300518	14.82
002835	14.52
300516	14.33
002798	14.16
300347	13.51
300512	12.49
300120	9.99
000062	9.94
603035	9.68
300565	9.46
603727	9.41
603319	8.14
603959	8.09
603131	7.39
603585	7.26
300515	6.95
603819	6.76
300583	6.37
603929	6.24
002819	6.16
603033	5.98
603990	5.51
002799	5.43
002833	4.83
603058	4.27
002828	4.02
002838	3.12
300586	2.82
000158	2.63
002512	2.61
000970	2.54
002840	2.38
1	1.0
300591	0.74
002664	0.25
2	0.0