600703	28
000651	26
002456	25
002466	20
601318	19
002475	18
002460	17
002008	17
600519	16
300115	15
600056	15
300136	15
002236	14
000333	14
000063	13
000858	13
600887	13
002241	12
600036	12
000568	12
601166	12
002450	11
002415	11
600409	11
002635	11
600030	10
601398	10
603799	9
002035	9
601668	9
002555	9
300197	9
601601	9
300083	8
002624	8
300450	8
600104	8
600566	8
002185	8
002310	8
601607	8
002343	8
002027	7
600584	7
601328	7
002384	7
600622	7
002439	7
002311	7
002273	6
002572	6
002050	6
600153	6
002411	6
601717	6
603626	6
000915	6
000776	6
000418	6
300408	6
002508	6
601288	6
601111	6
600884	6
600068	6
600016	6
300367	6
300365	6
600693	6
002271	5
600893	5
0	5
002195	5
600660	5
002640	5
603816	5
600038	5
000963	5
600406	5
300145	5
300567	5
000910	5
600562	5
300065	5
000820	5
300308	5
600879	5
002766	5
300124	5
600885	5
601233	5
002045	5
600089	5
600062	5
600309	5
600990	5
601169	5
601933	5
600029	5
300287	5
600340	5
000538	4
000921	4
600426	4
600477	4
600201	4
002465	4
002833	4
601988	4
002366	4
600867	4
002517	4
002583	4
001979	4
002078	4
002179	4
300232	4
600487	4
600000	4
300156	4
002217	4
002138	4
002507	4
300476	4
600196	4
000513	4
300296	4
600297	4
601600	4
600491	4
603337	4
000423	4
300310	4
000725	4
601012	4
000830	4
000050	4
002400	4
002013	4
600110	4
600337	4
00700	4
300364	3
002117	3
000028	3
600373	3
002599	3
600048	3
300355	3
601006	3
300070	3
002230	3
600850	3
000661	3
601699	3
600581	3
601211	3
002142	3
300335	3
600816	3
002564	3
000630	3
600718	3
600593	3
002103	3
002294	3
002589	3
601997	3
300188	3
300347	3
600079	3
600827	3
00916	3
601689	3
300447	3
603660	3
002174	3
300231	3
600258	3
600316	3
600967	3
600388	3
601021	3
300403	3
300383	3
002139	3
600685	3
601628	3
02018	3
600176	3
300279	3
600197	3
002434	3
000768	3
000938	3
300433	3
601231	3
600497	3
300225	3
600498	3
603883	3
002680	3
600998	3
00991	3
300316	3
300097	3
600547	3
002614	3
300616	3
300007	3
000756	3
002120	3
002127	3
002126	3
603868	3
600233	3
002714	3
600809	3
603006	3
000488	3
600723	2
000417	2
600150	2
600073	2
600985	2
002694	2
300088	2
600383	2
600570	2
000901	2
000998	2
300078	2
002239	2
600856	2
000662	2
300101	2
002529	2
300458	2
300456	2
600750	2
002413	2
002419	2
000881	2
600531	2
300207	2
300203	2
600100	2
000400	2
600240	2
000811	2
002665	2
002464	2
600690	2
002202	2
601989	2
300418	2
603108	2
600865	2
600862	2
300271	2
002101	2
300568	2
603228	2
000034	2
603589	2
300017	2
603368	2
600563	2
002739	2
300340	2
600282	2
601666	2
002496	2
002396	2
000960	2
600489	2
000002	2
000001	2
603899	2
600138	2
600875	2
601336	2
603716	2
000826	2
002675	2
300302	2
002773	2
300159	2
601998	2
300409	2
603111	2
002354	2
600873	2
600872	2
600681	2
300577	2
002501	2
600674	2
300595	2
603208	2
600507	2
600777	2
600054	2
002007	2
002436	2
600516	2
603678	2
601688	2
000049	2
002727	2
300050	2
300196	2
300122	2
600779	2
002262	2
002368	2
002048	2
002049	2
600499	2
000018	2
600066	2
000937	2
002444	2
002449	2
600015	2
600019	2
600549	2
000681	2
603179	2
300166	2
300613	2
002221	2
601088	2
002831	2
002531	2
002537	2
300463	2
600760	2
002153	2
300212	2
300210	2
600118	2
600501	2
600500	2
300284	2
300323	2
00175	2
601888	2
603008	2
300038	2
000625	1
300424	1
000620	1
000030	1
002372	1
000628	1
601225	1
600894	1
000821	1
002051	1
002055	1
600958	1
300252	1
300257	1
002110	1
000970	1
300494	1
603588	1
01293	1
603186	1
600657	1
600074	1
000537	1
600372	1
000920	1
002690	1
002596	1
002590	1
600389	1
600572	1
600362	1
300291	1
000997	1
002743	1
601009	1
300603	1
300602	1
300607	1
600270	1
600277	1
600276	1
300073	1
002332	1
002338	1
601186	1
002777	1
000669	1
000666	1
603078	1
601677	1
300106	1
002522	1
002520	1
000065	1
000066	1
600582	1
600587	1
002247	1
002245	1
300452	1
300457	1
603579	1
600755	1
603818	1
600031	1
02318	1
002146	1
002094	1
600109	1
000403	1
600328	1
002662	1
000567	1
02388	1
002706	1
002705	1
002468	1
300338	1
300337	1
600699	1
000700	1
000707	1
03968	1
300025	1
300142	1
300144	1
002203	1
002206	1
002365	1
002367	1
300410	1
600713	1
300184	1
600329	1
002150	1
300244	1
000036	1
002192	1
600784	1
603197	1
300503	1
600666	1
600667	1
000521	1
603968	1
000525	1
600792	1
600360	1
002036	1
002032	1
002581	1
002425	1
01336	1
600971	1
300630	1
000983	1
000928	1
300182	1
300183	1
00762	1
300068	1
300346	1
300061	1
300063	1
603556	1
600826	1
000671	1
000779	1
300114	1
000603	1
300110	1
300113	1
000606	1
603993	1
002494	1
300525	1
300527	1
601818	1
002399	1
600742	1
600741	1
600620	1
603099	1
600183	1
603808	1
000967	1
002175	1
002071	1
002073	1
002077	1
600525	1
000411	1
600312	1
600522	1
600315	1
000823	1
600961	1
600966	1
603355	1
300306	1
300303	1
300309	1
600004	1
600419	1
600410	1
002609	1
300015	1
000786	1
601991	1
002215	1
300406	1
601799	1
600702	1
300116	1
002829	1
601155	1
601098	1
002131	1
600682	1
603686	1
600116	1
603885	1
002500	1
02020	1
600677	1
600060	1
002180	1
002182	1
603888	1
600195	1
000519	1
02238	1
002430	1
600458	1
002435	1
002437	1
600518	1
600511	1
600221	1
603737	1
600338	1
600339	1
300058	1
000906	1
300294	1
600298	1
600420	1
000900	1
000862	1
601899	1
603158	1
002543	1
03311	1
002387	1
000089	1
002260	1
600886	1
603128	1
002426	1
300226	1
600085	1
603728	1
600643	1
000540	1
000936	1
000426	1
600686	1
600999	1
002685	1
600993	1
300092	1
00388	1
000338	1
300619	1
600900	1
600011	1
600266	1
600261	1
300009	1
300001	1
002340	1
002223	1
603160	1
603286	1
000758	1
603517	1
600845	1
002123	1
002081	1
002539	1
600596	1
002530	1
601939	1
300267	1
600603	1
603601	1
603600	1
300467	1
600160	1
600166	1
600765	1
600184	1
600028	1
600180	1
603869	1
600021	1
600188	1
603788	1
002157	1
002019	1
600114	1
600115	1
603306	1
600335	1
000807	1
000800	1
000801	1
002188	1
300285	1
600348	1
000876	1
300324	1
002617	1
002304	1
000895	1
603005	1
600804	1
000711	1
300623	1
002879	1
300033	1
300133	1