600887	0.708
000651	0.6864
002415	0.6583
000333	0.6397
601318	0.4874
600660	0.3514
600519	0.3341
00175	0.3094
002236	0.2809
600066	0.2545
002508	0.2445
000858	0.2426
600036	0.2292
002241	0.2159
002311	0.2097
601601	0.2073
600885	0.1919
002583	0.19
002475	0.1896
002035	0.1866
002027	0.1851
300408	0.1811
000921	0.1678
000568	0.1542
000963	0.1538
600703	0.1508
600104	0.14
002450	0.1293
300308	0.1277
600566	0.1257
002008	0.1251
000895	0.1217
300616	0.1209
002466	0.1185
000050	0.0999
600276	0.0994
600298	0.0979
600998	0.0978
600196	0.095
002572	0.0941
300142	0.0912
300433	0.0863
600383	0.0857
002185	0.085
002833	0.084
600622	0.0819
002372	0.0818
002202	0.0817
02020	0.0804
300450	0.0802
002271	0.08
601288	0.0799
600426	0.0787
600741	0.0781
600197	0.0746
000063	0.0744
600110	0.0728
600079	0.0677
000089	0.067
002624	0.0656
002456	0.0654
600643	0.0649
601111	0.0643
601901	0.0631
000823	0.0617
000400	0.0611
002127	0.0607
002045	0.0599
000418	0.0599
600029	0.0592
300097	0.059
300324	0.0579
600884	0.0578
002410	0.0568
600335	0.0567
002188	0.0554
000069	0.055
600867	0.054
000423	0.0539
002192	0.0534
300335	0.0524
000967	0.0523
002773	0.052
600258	0.0519
002831	0.051
300122	0.051
603788	0.0507
600373	0.0505
600585	0.0505
002400	0.05
300009	0.0496
600062	0.0495
002304	0.0483
600458	0.048
603816	0.048
002739	0.0478
600486	0.0473
600584	0.0469
603556	0.0467
603883	0.0466
001979	0.0465
300136	0.0462
002384	0.0453
002460	0.0451
600661	0.0446
600004	0.0444
002343	0.0444
300316	0.044
002714	0.0435
603993	0.0428
600176	0.0427
600667	0.0422
300347	0.0415
002050	0.0411
000002	0.0406
000028	0.0398
000999	0.0391
300088	0.0387
600068	0.0382
601799	0.038
002081	0.0373
002581	0.0371
300166	0.037
600019	0.0363
600297	0.0363
002195	0.0359
300115	0.0358
002727	0.0357
01336	0.035
000065	0.0345
600688	0.0343
300083	0.0341
300219	0.0341
000661	0.034
002470	0.0332
002635	0.033
002239	0.0323
02869	0.0321
300463	0.0318
000415	0.0307
600816	0.0306
002041	0.0302
000709	0.0296
000429	0.0291
002385	0.0276
002217	0.0272
600377	0.0234
601607	0.0216
600690	0.0168
600050	0.0063
601989	0.0055
601088	0.0043
600795	0.0035
601919	0.0017
002859	0.0016
002860	0.0013
601878	0.0012
600100	0.0004
603801	0.0003