600867	8
000568	7
002217	7
300197	6
300129	6
000910	5
000820	5
600519	5
002120	5
600093	4
002468	4
300145	4
002202	4
002564	4
002583	4
600522	4
600967	4
601155	4
600056	4
002045	4
600068	4
002573	3
0	3
002281	3
002456	3
000661	3
600104	3
601328	3
000630	3
002511	3
600146	3
000915	3
000858	3
002475	3
300156	3
002509	3
002310	3
002250	3
600885	3
000725	3
000333	3
002343	3
300285	3
300161	3
000625	2
601318	2
002640	2
000538	2
600382	2
300375	2
300458	2
002415	2
600108	2
601595	2
600325	2
603030	2
300148	2
300410	2
601398	2
002108	2
600143	2
600664	2
000521	2
600048	2
600565	2
000980	2
300347	2
300115	2
001979	2
000001	2
300231	2
300235	2
600138	2
000821	2
300017	2
600491	2
601997	2
300401	2
600703	2
002138	2
300296	2
601288	2
300121	2
300124	2
603611	2
002262	2
002426	2
002169	2
000018	2
603729	2
000971	2
600998	2
300312	2
002611	2
300365	2
002126	2
002533	2
600763	2
603866	2
001696	2
002408	2
603306	2
600335	2
600338	2
300287	2
000651	2
300138	2
002570	1
000157	1
002371	1
600893	1
600727	1
002050	1
002057	1
002059	1
603588	1
002285	1
000928	1
000921	1
300080	1
002694	1
002690	1
002597	1
002594	1
002591	1
002457	1
600389	1
600479	1
603989	1
600477	1
600202	1
000998	1
002627	1
300377	1
300370	1
300070	1
300071	1
300379	1
601186	1
002236	1
600856	1
600853	1
002480	1
600584	1
600586	1
002245	1
002241	1
300452	1
300456	1
600030	1
600035	1
603798	1
600036	1
002066	1
002067	1
300206	1
300203	1
000403	1
000401	1
000815	1
002092	1
600240	1
000566	1
002460	1
002706	1
000963	1
000967	1
600409	1
300337	1
600816	1
002200	1
002205	1
601988	1
300416	1
002366	1
603108	1
600718	1
600719	1
000028	1
603699	1
300261	1
002107	1
002299	1
603218	1
002297	1
600660	1
600667	1
000919	1
002035	1
002032	1
002039	1
600444	1
002422	1
002420	1
600448	1
002425	1
601566	1
600568	1
603368	1
600566	1
600561	1
600211	1
600213	1
002399	1
000590	1
002635	1
300182	1
300068	1
002323	1
002322	1
600376	1
000678	1
600820	1
600826	1
300349	1
601100	1
002813	1
002709	1
601689	1
002394	1
002396	1
002390	1
002398	1
300521	1
603808	1
002781	1
600385	1
002078	1
002179	1
600489	1
000002	1
600528	1
300234	1
600486	1
600487	1
600132	1
601339	1
600315	1
000823	1
002673	1
000551	1
300303	1
002773	1
600000	1
8	1
000739	1
601021	1
601992	1
002216	1
601998	1
603298	1
000608	1
002356	1
002821	1
002136	1
600686	1
300279	1
600123	1
300271	1
600674	1
300548	1
300476	1
002180	1
002188	1
601375	1
603877	1
002004	1
002007	1
600452	1
600458	1
600513	1
002726	1
600297	1
300351	1
601899	1
002313	1
600834	1
000889	1
600276	1
000930	1
600887	1
600736	1
600739	1
600889	1
000166	1
002044	1
002048	1
603883	1
603885	1
600089	1
600121	1
600085	1
600066	1
600063	1
600309	1
000540	1
002237	1
600997	1
300313	1
300090	1
002449	1
000876	1
600399	1
600547	1
600016	1
600015	1
002589	1
600900	1
300169	1
300006	1
600268	1
002341	1
603167	1
600848	1
601169	1
601166	1
002123	1
002127	1
002081	1
600693	1
600593	1
600596	1
300263	1
601939	1
000059	1
603601	1
600166	1
603609	1
000422	1
600761	1
603868	1
002400	1
002016	1
002159	1
300214	1
300210	1
600500	1
600114	1
600502	1
600110	1
600235	1
300237	1
002712	1
002652	1
600436	1
600439	1
300327	1
002308	1
002305	1
600809	1
600804	1
000711	1
601127	1
300031	1