002120	12
0	8
300340	8
600110	8
600233	8
002456	7
300115	7
300017	7
002045	7
300136	7
600885	6
002572	5
002494	5
600967	5
300302	5
000687	5
002343	5
600276	4
300073	4
300458	4
600030	4
002665	4
600867	4
002582	4
600566	4
000590	4
300061	4
002250	4
600521	4
002640	4
000070	4
300359	4
601800	4
000423	4
600547	4
001696	4
002155	4
600500	4
000651	4
002308	4
000821	3
601186	3
002236	3
000063	3
300202	3
600240	3
000568	3
002468	3
600816	3
300142	3
603108	3
002511	3
000910	3
000911	3
300347	3
300065	3
002325	3
300232	3
300113	3
000001	3
600559	3
300159	3
600701	3
002180	3
600198	3
002007	3
600519	3
600643	3
300364	3
002530	3
300285	3
002273	2
000625	2
002050	2
002059	2
300396	2
601318	2
000925	2
002699	2
002693	2
300088	2
600389	2
002450	2
600475	2
300304	2
002626	2
002627	2
300373	2
300379	2
601699	2
002240	2
300456	2
002411	2
002415	2
002149	2
603703	2
600325	2
002662	2
002466	2
000963	2
300144	2
002103	2
600661	2
600363	2
002035	2
600562	2
000983	2
002636	2
002631	2
300345	2
002322	2
001979	2
300444	2
600746	2
600622	2
603808	2
002406	2
600487	2
000820	2
002475	2
002476	2
600419	2
300156	2
300409	2
000606	2
002352	2
300404	2
300271	2
300474	2
600056	2
002001	2
002436	2
300196	2
300356	2
002319	2
600833	2
600060	2
300121	2
002384	2
603555	2
002044	2
603883	2
000971	2
000933	2
600997	2
600995	2
300326	2
000948	2
000333	2
300008	2
601166	2
002127	2
600693	2
002084	2
002085	2
600697	2
603601	2
600763	2
300210	2
600338	2
300047	2
300284	2
000975	2
300327	2
300036	2
300031	2
300137	2
002272	1
300420	1
000623	1
300429	1
002371	1
600893	1
600727	1
600894	1
600898	1
000835	1
600267	1
002053	1
002057	1
002055	1
601555	1
600958	1
300252	1
300253	1
300250	1
600257	1
300494	1
002673	1
600099	1
600098	1
000028	1
002281	1
300422	1
300197	1
000530	1
000928	1
000538	1
000922	1
002026	1
300084	1
002023	1
300080	1
600985	1
600984	1
002458	1
600528	1
600479	1
600048	1
600576	1
600476	1
000998	1
601009	1
601225	1
601006	1
300078	1
002740	1
300378	1
002332	1
002333	1
002339	1
603010	1
000662	1
600859	1
601678	1
000697	1
300104	1
300103	1
000698	1
002529	1
000065	1
000060	1
600584	1
002247	1
002245	1
002243	1
002241	1
600613	1
600614	1
300450	1
300452	1
300455	1
603011	1
600750	1
600751	1
601211	1
002588	1
002412	1
002410	1
600538	1
300203	1
002094	1
002092	1
000403	1
600327	1
000818	1
000810	1
002664	1
000561	1
600979	1
002464	1
002462	1
002460	1
002706	1
300339	1
600266	1
000968	1
000708	1
000703	1
002117	1
300025	1
300149	1
000796	1
300029	1
000021	1
002563	1
002567	1
002565	1
002564	1
002368	1
300410	1
600719	1
000608	1
002108	1
002517	1
002105	1
002510	1
002299	1
000035	1
002193	1
600781	1
000782	1
601717	1
7	1
600784	1
000058	1
002036	1
002581	1
600448	1
002427	1
002425	1
300431	1
300187	1
603368	1
600561	1
300263	1
000597	1
002739	1
000980	1
300069	1
002733	1
300341	1
002635	1
300182	1
002630	1
300068	1
300342	1
000858	1
600285	1
600281	1
601198	1
000678	1
600821	1
600826	1
601668	1
002709	1
600282	1
300119	1
600988	1
002493	1
002394	1
002395	1
002694	1
300520	1
600740	1
603669	1
601618	1
603118	1
600188	1
002170	1
002078	1
002173	1
002175	1
002071	1
002077	1
600489	1
600520	1
002279	1
603899	1
600486	1
600136	1
000418	1
000823	1
000826	1
600963	1
000554	1
300300	1
300301	1
603989	1
002773	1
002771	1
002775	1
600557	1
600000	1
600418	1
000952	1
000731	1
000739	1
603021	1
603020	1
600309	1
002609	1
300012	1
300013	1
300018	1
002214	1
601998	1
300221	1
600439	1
002358	1
300408	1
002350	1
000609	1
300400	1
002354	1
600703	1
600702	1
601155	1
300383	1
600688	1
600689	1
002133	1
600682	1
600681	1
002138	1
600687	1
002509	1
300279	1
600671	1
300471	1
002183	1
002185	1
300278	1
600771	1
600195	1
600055	1
600054	1
600050	1
002435	1
603377	1
600511	1
300056	1
002726	1
300199	1
300059	1
300296	1
300294	1
300291	1
300403	1
000547	1
601898	1
002316	1
002311	1
002313	1
603158	1
300377	1
300401	1
300128	1
300370	1
002548	1
002383	1
300430	1
002387	1
002262	1
600884	1
600731	1
603658	1
600883	1
600888	1
601601	1
002043	1
600497	1
300224	1
300223	1
600749	1
600491	1
002687	1
300228	1
000010	1
600083	1
600066	1
600064	1
000938	1
000426	1
000422	1
600998	1
600990	1
601789	1
300310	1
002445	1
002761	1
002762	1
300096	1
002766	1
600399	1
600015	1
600715	1
600393	1
002617	1
300090	1
300168	1
300365	1
300005	1
600268	1
002340	1
000752	1
603167	1
000613	1
600847	1
600699	1
002126	1
002081	1
002087	1
600593	1
000953	1
300266	1
300265	1
300106	1
600600	1
600605	1
300465	1
300463	1
600760	1
600028	1
600183	1
000501	1
000004	1
002405	1
002400	1
002409	1
300219	1
300214	1
300215	1
300212	1
300213	1
600509	1
600508	1
603308	1
300109	1
600529	1
600336	1
600337	1
600335	1
002659	1
002717	1
002718	1
002719	1
002657	1
300287	1
600340	1
5	1
300322	1
000978	1
300289	1
002302	1
300138	1
300166	1
002482	1
603008	1
000711	1
600803	1
300037	1
300033	1
300132	1
300130	1