600990	92971.45
002371	70552.79
600855	66332.78
002010	60212.12
600519	59807.11
600547	59286.98
000901	58036.47
002338	57096.17
002007	51073.58
600391	48612.06
300114	48085.09
300159	47369.14
300342	45619.59
300073	43684.97
002303	43179.6
300296	42016.97
600316	41557.22
600489	40805.27
000568	40571.12
300310	38768.09
000661	35203.75
300137	34790.5
300136	30946.07
300065	29905.83
300458	29051.96
300302	28832.07
600735	28607.85
002179	26524.94
300207	26461.69
002247	25940.9
002418	25913.32
002643	24775.6
300353	24122.08
300452	23264.31
600038	23243.73
002384	23109.63
300340	22837.74
002421	22536.3
002445	22075.8
002155	21478.01
600885	21383.77
300309	21357.46
002111	20860.23
600667	20712.84
300101	20677.84
002690	20275.23
002635	19660.04
002243	19531.99
300365	19503.45
600298	19322.49
600988	19222.02
300252	19194.45
002594	18913.1
002458	18881.85
002224	18834.75
002090	18381.16
300287	17674.79
300008	17642.68
600677	17541.76
002439	17431.89
300145	17088.58
000558	16852.97
000488	16763.22
300243	16727.1
002281	16604.27
600029	16428.0
002138	16238.42
300219	16168.08
600760	15957.64
601111	15856.3
300279	15851.61
000423	15461.64
002456	15276.45
002572	15121.92
600559	15078.86
300115	14796.05
002077	14788.7
002131	14782.69
601011	14708.26
000158	14675.21
002614	14513.84
600006	14494.37
300075	14386.7
600115	14354.87
300300	14085.68
600521	13751.14
002241	13710.79
600338	13522.97
600335	13510.25
603799	13163.75
000910	13117.05
300007	13017.89
300161	12932.86
002452	12856.46
300304	12740.65
600584	12724.6
002460	12711.76
002339	12588.77
002234	12357.98
002394	12306.5
002402	12172.85
603328	12134.58
002582	11863.37
601899	11862.2
002236	11622.42
002297	11612.44
601069	11563.34
300213	11443.44
000895	11401.21
300097	11253.33
002712	11216.18
300322	11190.41
002322	11052.89
000957	11040.55
300261	11024.7
600076	11009.37
000971	10956.24
600603	10885.52
300047	10868.49
000835	10844.41
300128	10749.45
600198	10718.12
600158	10622.31
601799	10581.34
300312	10480.0
300231	10428.23
000975	10383.12
300325	10382.25
000021	10248.99
300014	10113.94
002716	10066.11
603883	9948.03
002709	9918.0
300011	9907.98
300091	9860.02
000070	9853.86
000612	9828.95
002609	9716.68
300306	9664.5
002428	9662.55
603898	9638.15
600305	9556.03
002472	9479.36
600303	9478.61
600869	9441.16
300183	9293.8
300226	9269.82
300013	9204.68
600702	9204.02
600666	8684.57
002076	8629.94
300025	8453.2
300160	8331.95
002517	8308.56
300389	8278.61
300299	8218.2
002013	8200.03
600693	8117.66
600779	8015.62
600715	7965.75
300381	7942.23
002260	7940.7
002304	7863.06
002366	7860.9
002048	7846.91
600687	7766.13
300031	7752.24
600382	7744.0
300278	7707.71
300113	7592.33
600958	7583.27
002367	7530.6
600745	7529.37
300210	7509.84
002056	7501.62
300467	7305.49
002035	7164.07
300499	7149.55
600622	7139.57
000783	7125.53
601555	7022.1
300233	7003.81
600459	6968.92
002631	6915.97
300326	6853.97
600756	6853.48
002533	6835.67
600419	6809.0
002273	6791.66
300503	6749.93
603019	6609.22
002049	6508.1
000701	6333.5
300420	6231.56
002543	6157.17
300507	6153.06
002413	6110.09
300084	6075.28
002464	5974.46
002108	5962.87
002026	5818.19
300508	5732.59
300142	5698.0
300367	5685.84
002466	5514.86
300336	5496.46
002184	5446.05
300072	5445.08
300491	5353.67
300056	5234.5
000650	5206.08
300238	5180.7
000768	5099.43
000700	5034.0
002780	4910.25
603701	4908.87
300359	4904.67
002400	4867.98
002398	4861.8
600570	4775.89
002167	4755.97
600562	4719.81
300063	4713.71
300195	4698.9
600821	4683.84
601566	4632.0
300202	4599.9
002340	4559.72
002611	4552.0
002662	4533.0
000851	4423.61
000002	4349.39
603006	4130.23
300143	4073.0
603158	4061.79
300112	4014.32
002733	3961.03
300068	3934.68
603601	3933.86
600337	3914.32
300337	3897.24
002343	3888.76
002117	3774.28
000801	3696.6
600372	3679.82
600386	3639.7
002657	3628.52
000887	3537.6
000426	3523.27
300449	3518.85
002547	3517.02
000059	3449.56
002230	3296.5
600482	3277.0
600362	3235.2
002414	3219.42
002735	3205.88
603368	3187.77
300017	3149.49
600093	3102.5
300370	3095.93
300456	3052.0
600682	2847.0
002171	2843.17
002706	2834.28
002065	2808.14
002684	2765.73
600478	2715.75
603611	2695.58
002508	2619.64
300269	2599.12
600563	2594.64
300109	2540.36
300033	2529.02
002123	2494.8
002522	2486.56
300356	2428.2
603021	2391.39
603703	2358.0
002695	2331.16
300054	2268.34
002299	2201.5
002425	2187.07
300409	2153.34
002245	2128.15
000418	2087.68
600203	2070.0
600110	1955.5
603009	1925.06
002534	1921.03
603788	1895.61
300245	1878.8
002617	1874.93
002590	1864.34
603012	1827.47
002627	1768.38
000561	1668.0
002519	1654.94
600149	1645.29
600589	1645.11
300012	1598.68
300022	1515.1
000625	1490.03
300100	1476.04
000060	1475.68
002227	1439.55
300144	1433.55
300224	1360.2
600826	1357.22
600498	1323.54
300266	1255.2
603686	1238.82
300041	1223.15
002288	1172.34
603308	1120.67
002639	1050.23
300042	1029.07
300209	1023.39
002387	1023.17
002468	1011.52
601211	1008.44
002025	1005.22
600505	1000.8
300383	1000.64
300194	1000.42
600148	999.67
002103	928.45
300379	915.81
000821	888.49
002548	878.0
002240	875.93
000750	866.78
300059	865.27
002072	852.51
002133	850.61
600593	836.45
002325	819.95
300263	782.6
002718	763.9
603718	755.55
002130	750.57
600360	750.53
000829	720.31
300380	703.91
002079	696.89
002792	696.26
600330	692.6
002694	687.6
002409	681.94
300049	661.16
603002	652.8
002791	652.15
300258	646.4
300369	645.67
300260	645.37
002535	645.27
603010	628.05
000889	625.83
300297	620.0
300284	610.9
002707	609.0
300271	600.24
300043	574.31
002151	571.72
000911	567.06
002673	563.75
600199	555.0
000018	554.95
603609	554.05
002599	550.91
002444	548.64
002289	548.56
002719	534.65
000333	533.7
000748	522.48
002583	517.65
000716	506.16
601199	497.92
000965	493.85
600703	480.8
002074	473.64
002380	466.79
600597	461.55
300410	461.47
600520	460.21
300200	454.44
000848	450.52
601117	442.4
600120	434.2
002126	423.78
300156	411.6
000926	404.22
300058	388.4
600009	364.7
002279	354.88
300371	349.29
600734	343.85
002436	341.85
600845	338.44
600052	333.38
000004	327.66
300354	316.16
002401	313.06
300282	311.88
600455	310.34
300366	302.53
000421	300.3
603939	296.18
002745	295.54
002502	295.2
300444	293.58
002634	291.86
300089	287.06
002660	285.28
002659	281.51
000581	280.22
002672	277.28
002587	275.48
603818	267.69
300385	252.74
600900	249.8
002043	244.53
300274	244.0
300074	240.0
600661	232.07
000952	209.32
000069	192.0
000498	191.92
002527	191.65
601985	191.24
000551	188.79
002308	183.18
600242	181.5
000698	177.0
002208	175.95
600068	174.6
300036	169.79
600325	150.09
600266	140.26
300191	109.29
002218	86.19
002593	82.13
300118	82.04
002083	80.96
0	25.0
300285	15.96
002383	14.33
002292	10.48
002664	8.51
300131	8.27
3	1.0