002179	80086.16
300207	73959.3
002635	68887.21
000568	67564.4
300145	61173.6
600885	60993.79
600990	59972.19
002371	58032.9
300296	57325.51
300342	54643.04
002007	51776.94
300159	48538.29
002594	46062.55
600519	44157.66
002010	43607.35
002138	43428.07
600855	43199.25
601799	42776.18
600316	41557.22
000802	41454.0
600547	40845.12
300219	38999.71
600489	38905.67
300073	37640.73
002338	37284.6
000661	36270.55
000901	35624.96
002572	35579.55
300389	34933.08
600338	33655.17
600391	33519.12
600335	33476.77
300458	31656.01
300310	31377.01
601599	28387.59
300065	28353.93
300114	28327.87
600559	28271.72
300302	27434.38
300365	26365.67
000821	25835.27
603883	25805.03
600614	25448.26
603898	24488.49
002418	24210.76
300353	24122.08
002643	23698.83
600203	23602.34
300332	23341.87
600779	22661.04
300258	22509.48
600198	22225.41
300420	22196.13
000333	21308.23
002111	20860.23
300336	19779.27
300340	19675.67
600298	19322.49
600988	19222.02
300101	18745.89
600038	18432.66
600667	18196.45
002400	18105.94
300252	18088.24
002530	17784.07
600713	17203.32
002439	17173.59
002032	17081.94
000558	16852.97
000911	16461.7
600029	16428.0
600459	16392.54
300429	16200.02
002224	16056.71
002624	15952.21
601111	15856.3
002464	15816.33
300008	15644.42
002048	15595.49
300256	15296.0
002281	15259.15
300285	15047.57
002155	14892.95
002077	14788.7
002614	14513.84
600521	14436.01
300075	14386.7
600115	14354.87
002108	13902.76
300140	13541.78
002384	13475.55
002322	12951.62
002460	12711.76
002056	12431.62
300011	12416.14
300007	12345.02
300017	12311.03
002133	11862.41
601899	11862.2
000975	11822.12
300210	11797.24
601069	11563.34
300287	11537.33
002262	11533.9
000021	11500.83
002456	11450.49
300097	11253.33
002153	11102.04
300100	11073.36
600604	11054.49
002609	11019.21
600570	10898.24
600603	10885.52
300449	10877.81
603799	10794.42
002537	10730.69
600007	10706.74
600158	10622.31
000903	10491.32
000895	10461.61
300231	10428.23
000889	10276.48
300136	10187.28
002718	10079.67
002716	10066.11
002709	9918.0
300091	9860.02
300300	9749.68
002428	9662.55
600305	9556.03
002539	9441.09
300304	9381.39
600303	9362.02
002659	9309.91
300183	9293.8
300056	9259.24
000423	9121.71
002035	8830.33
000700	8745.98
600687	8686.05
300047	8572.12
300031	8436.49
002297	8371.42
300247	8367.68
002582	8087.74
300160	8072.23
300226	8038.75
002343	8036.38
600715	7965.75
002260	7940.7
600702	7922.84
002304	7863.06
002366	7860.9
300395	7717.96
600006	7672.44
300128	7607.87
600199	7462.76
002247	7460.59
002600	7443.48
002445	7419.51
300261	7408.61
300467	7305.49
600200	7255.91
002006	7170.9
300499	7149.55
600984	7136.8
603019	7047.81
000685	6994.84
002335	6958.4
600756	6853.48
002273	6791.66
600619	6727.85
300232	6677.87
002427	6617.84
002049	6508.1
300359	6372.63
000002	6327.85
601137	6262.58
300503	6224.55
300507	6153.06
000951	6129.19
002413	6110.09
300084	6075.28
600967	6073.97
600666	5999.47
002452	5993.64
600845	5987.26
002450	5808.24
300213	5795.89
300061	5792.09
002712	5760.6
300508	5732.59
600076	5678.6
300367	5665.98
002415	5592.29
000957	5565.45
002466	5537.28
002546	5418.06
000810	5416.38
000612	5252.3
300014	5214.18
002126	5186.16
002532	5173.42
002206	5156.13
000070	5134.24
000651	5113.46
002733	5006.5
300491	4913.03
002780	4910.25
603701	4908.87
600869	4902.84
600276	4894.7
600419	4850.1
300382	4765.54
002340	4736.23
300195	4698.9
600821	4683.84
002475	4672.41
300202	4599.9
600054	4574.42
300263	4547.4
300033	4382.04
300456	4370.48
002521	4353.05
300299	4322.42
300095	4226.83
300303	4182.02
600184	4151.07
002351	4147.26
300102	4131.27
603158	4061.79
000532	4027.48
600110	4021.61
603609	3993.66
600887	3938.63
600337	3914.32
000727	3887.38
300137	3837.67
600268	3837.22
600452	3836.12
002511	3828.8
002662	3777.5
002117	3774.28
002414	3761.6
603012	3713.25
000799	3703.99
600066	3682.87
002548	3529.63
002547	3517.02
000078	3508.45
300046	3403.92
000059	3313.5
300279	3295.5
002230	3285.0
000983	3243.7
603601	3239.0
600362	3235.2
000603	3208.55
002301	3196.35
603368	3187.77
300370	3095.93
300166	3047.07
002508	3038.41
000028	2979.89
002727	2972.19
002299	2962.46
300223	2920.28
300236	2898.57
600682	2847.0
300080	2836.21
002706	2834.28
002684	2765.73
300379	2734.06
600478	2715.75
300072	2533.27
002123	2494.8
002425	2473.51
300356	2428.2
002533	2417.2
603703	2358.0
300347	2278.07
600612	2269.31
300054	2268.34
000920	2252.65
600309	2247.95
600699	2237.62
000829	2211.74
000538	2184.57
000503	2179.96
000650	2173.73
000596	2128.4
002245	2128.15
601208	2115.81
000858	2115.68
002350	2097.05
002672	2063.54
300138	2041.86
600439	2026.95
002243	1985.32
300161	1961.22
603009	1925.06
002665	1885.59
300245	1878.8
002617	1874.93
002590	1864.34
002443	1847.78
002361	1836.79
600557	1833.21
002191	1829.14
300326	1823.44
002781	1773.4
002714	1751.31
002124	1733.45
603939	1704.33
002472	1701.94
002339	1666.78
002001	1635.65
600584	1630.4
600138	1616.65
300022	1515.1
300112	1491.44
000625	1490.03
600129	1467.47
300196	1461.82
600511	1446.11
002227	1439.55
300267	1403.19
601888	1394.1
300446	1377.37
600826	1357.22
002462	1323.12
000606	1294.87
002656	1280.12
600681	1271.49
600485	1266.64
600122	1262.4
300266	1255.2
300468	1231.91
300041	1223.15
601689	1220.44
300316	1192.1
002303	1176.53
002631	1133.05
300109	1117.6
002519	1094.44
600000	1073.84
601009	1062.1
300373	1030.1
002325	986.49
002078	976.0
300144	946.58
600479	928.95
603866	895.57
002240	875.93
000750	866.78
300059	865.27
603589	865.02
002183	859.2
002072	852.51
000910	849.75
600730	847.8
002367	816.2
002394	785.2
002543	776.58
300178	768.0
600149	767.37
002068	765.86
002288	755.6
603718	755.55
002130	750.57
600360	750.53
002639	743.28
300364	711.93
300322	706.8
300380	703.91
601318	698.31
002792	696.26
002458	694.04
600330	692.6
300498	690.04
002694	687.6
002409	681.94
600528	670.9
000967	665.68
603788	658.17
002673	657.62
603002	652.8
002791	652.15
300369	645.67
300260	645.37
002535	645.27
001979	639.97
603010	628.05
300297	620.0
300271	600.24
601800	573.84
600150	570.52
601668	562.66
002236	551.18
300025	538.97
600325	531.36
600109	528.6
600056	523.38
300488	514.37
300156	504.21
600563	500.72
601199	497.92
600240	483.26
600703	480.8
600172	479.18
002746	458.48
300197	453.87
000848	450.52
300284	449.37
000513	446.81
601117	442.4
000402	440.41
000601	431.06
601699	425.88
002239	418.81
300040	418.71
300036	416.5
600497	414.45
600816	410.62
600741	407.5
601998	397.54
000001	391.5
600037	385.73
300471	377.22
002131	376.17
000043	368.28
600009	364.7
600197	355.4
002279	354.88
300003	340.36
002695	316.76
300282	311.88
300146	311.42
300292	302.18
600688	302.07
601311	297.75
000835	294.32
300444	293.58
601238	291.51
002180	290.01
300089	287.06
600745	283.97
000581	280.22
002043	276.53
603901	275.99
002599	264.35
600900	249.8
002216	240.8
002127	228.35
300198	215.77
000069	192.0
002527	191.65
601985	191.24
000638	177.38
600068	174.6
300377	141.44
002341	141.11
601688	126.76
002675	42.0
300457	36.32
0	22.0
300512	18.72
6	1.0
3	1.0