601318	16
002466	16
000651	16
002460	15
000063	12
002008	12
600036	11
600409	11
002456	10
600519	10
002236	8
601607	8
600309	8
000333	8
601699	7
002241	7
000858	7
000671	7
600742	7
600110	7
600887	7
00700	7
002050	6
300100	6
603799	6
600030	6
600966	6
601601	6
600230	6
002717	6
600348	6
002142	5
000568	5
002635	5
001979	5
002078	5
600884	5
600019	5
601169	5
601166	5
000898	5
000895	5
600153	4
300450	4
300197	4
300073	4
000661	4
02318	4
600104	4
000963	4
601398	4
002101	4
000983	4
000776	4
300408	4
002475	4
600703	4
600885	4
600068	4
601933	4
600340	4
300323	4
300136	4
002450	3
01299	3
600031	3
002415	3
300203	3
02388	3
600406	3
002202	3
000630	3
603626	3
000915	3
002035	3
002138	3
603993	3
601668	3
300115	3
600622	3
00939	3
000001	3
000418	3
000603	3
601155	3
02018	3
02238	3
600516	3
002640	3
601288	3
600643	3
600016	3
002340	3
601939	3
600183	3
600507	3
000807	3
00175	3
002302	3
600808	3
00005	3
002570	2
000625	2
601225	2
600266	2
0	2
000830	2
002027	2
000910	2
601009	2
600270	2
600856	2
600581	2
600585	2
000069	2
603679	2
002411	2
000060	2
000811	2
02382	2
600816	2
03968	2
000639	2
600146	2
000030	2
600782	2
601717	2
600048	2
600362	2
002583	2
600566	2
01336	2
601997	2
002636	2
300182	2
600282	2
01882	2
00371	2
600741	2
00570	2
000002	2
600487	2
601336	2
000823	2
03888	2
600000	2
000959	2
00751	2
300012	2
600681	2
00285	2
600056	2
600518	2
600426	2
300294	2
600352	2
000860	2
601899	2
002310	2
002311	2
601111	2
002384	2
601231	2
600491	2
600123	2
600066	2
000426	2
600999	2
002766	2
600015	2
600549	2
000725	2
000338	2
01728	2
601012	2
300364	2
300003	2
603286	2
600466	2
603043	2
601088	2
002531	2
300467	2
600188	2
02328	2
600338	2
002714	2
601888	2
300166	2
002304	2
000488	2
600310	1
002271	1
000620	1
002376	1
002372	1
600893	1
600894	1
300365	1
601636	1
300257	1
002110	1
300410	1
01398	1
600657	1
600074	1
600072	1
002024	1
300083	1
002694	1
002690	1
300296	1
600477	1
002624	1
601007	1
600271	1
600276	1
300070	1
002230	1
600850	1
01186	1
601677	1
300104	1
300101	1
000066	1
600612	1
600614	1
01293	1
300456	1
601211	1
600754	1
600038	1
603816	1
002146	1
002065	1
002092	1
000402	1
000403	1
000404	1
300332	1
300335	1
000700	1
000707	1
300146	1
300144	1
002203	1
002568	1
002563	1
300418	1
603108	1
601788	1
000026	1
600864	1
00867	1
002108	1
000036	1
002195	1
600660	1
000521	1
000525	1
000524	1
002036	1
002032	1
002589	1
000596	1
300188	1
002638	1
00762	1
002739	1
300340	1
300061	1
603556	1
600826	1
600827	1
002555	1
002496	1
002494	1
601818	1
600027	1
002175	1
002074	1
600489	1
603898	1
603899	1
600138	1
000411	1
600258	1
000820	1
000786	1
002041	1
300308	1
600004	1
00027	1
300017	1
002215	1
002217	1
000600	1
300409	1
300403	1
002354	1
600873	1
002131	1
00874	1
600686	1
002508	1
300571	1
300274	1
002501	1
300271	1
002503	1
000049	1
600176	1
002182	1
002188	1
600197	1
600195	1
000513	1
600452	1
002434	1
603377	1
600511	1
600388	1
000581	1
000587	1
00066	1
300199	1
300058	1
000900	1
600297	1
603158	1
600837	1
000938	1
000540	1
002541	1
002383	1
300433	1
002385	1
601600	1
002426	1
603883	1
600089	1
600085	1
000018	1
000878	1
600061	1
000936	1
000933	1
000423	1
600998	1
600997	1
600050	1
600990	1
002444	1
300316	1
000949	1
600546	1
00388	1
002308	1
002614	1
002617	1
300616	1
600547	1
300367	1
600267	1
600261	1
1398	1
300007	1
002345	1
002343	1
002221	1
002223	1
002174	1
00966	1
002126	1
002081	1
002539	1
600594	1
300267	1
000059	1
000050	1
600761	1
600028	1
600180	1
600023	1
002400	1
002019	1
600529	1
600335	1
300287	1
000975	1
300324	1
600809	1
600804	1
600801	1
300033	1