0	2.0
300197	0.4134
600867	0.3526
002468	0.3478
002120	0.3177
002217	0.3162
600056	0.2843
300129	0.2661
002310	0.2605
600522	0.2493
600093	0.2446
002456	0.2308
002045	0.227
002343	0.2215
300145	0.2212
600885	0.2019
600519	0.1997
000568	0.1973
000820	0.1905
002583	0.1881
600068	0.1856
000910	0.1778
600382	0.1774
000661	0.1764
600967	0.1757
002202	0.1651
002564	0.164
002511	0.1617
002640	0.1604
300115	0.1595
603030	0.1562
002533	0.1502
300285	0.1418
000333	0.1374
002475	0.1347
300375	0.1346
300410	0.1334
000915	0.1294
300347	0.1282
300156	0.1266
300401	0.125
002415	0.1243
603611	0.123
601997	0.1199
000858	0.1197
601155	0.1176
000018	0.1169
002573	0.1162
002281	0.1156
002611	0.1155
001979	0.1144
600048	0.1124
600146	0.1119
300161	0.1088
600491	0.1086
002509	0.1086
300017	0.1074
600763	0.1029
600338	0.1023
000630	0.1022
300365	0.1018
300235	0.1014
002773	0.1007
600568	0.0968
600035	0.0962
001696	0.096
600325	0.0959
300169	0.0954
600143	0.095
600856	0.0927
300090	0.0918
300312	0.0906
300458	0.0889
002709	0.0876
600138	0.0865
002366	0.086
000821	0.0851
600104	0.0821
600276	0.081
002706	0.0809
603368	0.0807
603601	0.0795
300452	0.0781
600593	0.0771
002250	0.0767
002262	0.0763
601595	0.0752
002048	0.0748
000651	0.0748
300231	0.0744
601566	0.0733
002138	0.0733
002050	0.0725
002426	0.0723
002398	0.0721
000711	0.0712
603866	0.0694
000980	0.0692
002394	0.069
600887	0.0687
600335	0.0686
300476	0.0681
603729	0.068
300148	0.0679
002123	0.0672
002297	0.0661
300456	0.0655
300237	0.0649
600565	0.0634
601328	0.0615
300379	0.0612
603808	0.0608
600998	0.0602
002108	0.0601
600718	0.0598
300121	0.0589
300006	0.0584
300287	0.0576
002408	0.0573
600703	0.0557
300279	0.0556
600066	0.0547
300138	0.0547
300351	0.0545
600477	0.0543
002425	0.0539
000725	0.0538
000930	0.0534
600487	0.0519
002322	0.0516
300080	0.0513
300296	0.0511
002399	0.0508
300206	0.0504
300370	0.0502
300070	0.0494
603588	0.0491
600693	0.049
000001	0.0486
300124	0.0479
000678	0.0472
603883	0.0471
600479	0.047
002200	0.0463
002299	0.0461
300210	0.0458
300377	0.045
603699	0.0447
002589	0.0447
600436	0.0447
600584	0.0446
002205	0.0445
600528	0.0443
600309	0.0441
002313	0.044
002057	0.0439
000928	0.0438
600660	0.0437
600820	0.0437
000608	0.0437
600439	0.0435
600561	0.0429
002308	0.0429
002032	0.0428
002016	0.0427
300031	0.0426
600664	0.0425
600444	0.0418
600389	0.0417
600719	0.0415
000538	0.0414
600486	0.0413
002460	0.0412
002627	0.0411
600448	0.041
002126	0.0409
600213	0.0407
000625	0.0403
002694	0.0402
000998	0.0401
600110	0.0399
300203	0.0396
601899	0.0396
600458	0.0395
000971	0.0395
600809	0.0394
000823	0.0393
600108	0.0392
600376	0.0389
300263	0.0389
600452	0.0387
601998	0.0378
600500	0.0376
000540	0.0368
600547	0.0368
000739	0.0361
603108	0.036
002400	0.0359
300068	0.0354
600089	0.0353
300271	0.0352
002241	0.035
002236	0.0348
600036	0.0346
000403	0.0346
600804	0.0345
000590	0.0343
002180	0.034
000028	0.0338
002044	0.0338
002712	0.0338
002821	0.0334
603989	0.0332
600030	0.0329
002059	0.0328
002323	0.0327
300303	0.0325
002159	0.0324
002396	0.0316
002245	0.0314
601318	0.0309
600211	0.0306
601398	0.0306
002422	0.0305
600114	0.0305
600502	0.0303
600132	0.0301
600848	0.03
600166	0.03
300234	0.0296
002179	0.0294
600596	0.0294
600409	0.0291
002341	0.0291
600686	0.0287
000919	0.0285
603609	0.0284
002449	0.028
000422	0.0274
300349	0.0273
601288	0.027
000566	0.0268
600834	0.0268
300182	0.0266
600826	0.0265
002570	0.0262
600566	0.0254
002127	0.0252
601186	0.024
002635	0.0238
002216	0.0237
600816	0.0234
002371	0.0231
601988	0.0231
601689	0.0231
002390	0.023
002081	0.0229
600297	0.0225
000963	0.0223
000967	0.0219
601100	0.0215
600489	0.0213
603885	0.0212
002035	0.0211
002007	0.0211
002480	0.0209
002078	0.0209
002285	0.0208
600674	0.0207
000521	0.0206
603306	0.0205
600085	0.0205
600513	0.0203
002039	0.0202
002690	0.0199
600739	0.0193
600315	0.0186
601021	0.0179
000157	0.016
000876	0.0157
601166	0.0147
002169	0.0145
002004	0.013
300071	0.0125
600240	0.0117
000166	0.0116
002237	0.0108
600000	0.0106
002597	0.0105
600853	0.0105
002420	0.0105
600121	0.0105
600016	0.0105
002188	0.0104
600268	0.0104
002726	0.0103
000889	0.0103
002457	0.0102
600736	0.0102
600997	0.0102
600235	0.0102
000921	0.0101
600586	0.0101
603798	0.0101
601339	0.0101
000551	0.0101
002356	0.0101
603167	0.0101
600761	0.0101
601992	0.01
601939	0.0097
002305	0.0092
002591	0.0085
002136	0.0085
600727	0.0084
300313	0.0083
300214	0.0083
002066	0.0082
002107	0.0082
600385	0.0082
600889	0.0082
600123	0.008
601169	0.008
002781	0.0078
000002	0.0072
601127	0.007
600015	0.0069
600900	0.0063
002652	0.0061
002594	0.0057
600063	0.0054
600202	0.0032
002092	0.0031
300548	0.0031
002067	0.003
000815	0.003
300337	0.003
300416	0.003
300261	0.003
002813	0.003
300521	0.003
603868	0.003
000059	0.0026
600893	0.0025
000401	0.0024
600399	0.0023
002673	0.0022
300327	0.002
600667	0.0014
603218	0.0001
603298	0.0001
601375	0.0001
603877	0.0001
8	0.0