600547	134237.31
002415	124904.57
600519	115986.77
600887	110574.57
600066	103928.04
600489	97346.21
002007	80294.21
002475	72729.96
600276	70716.72
000002	69895.44
002699	66116.58
000858	65918.9
000403	64677.44
600594	64214.53
600115	63213.78
601607	62624.74
600028	61635.5
000786	61493.06
000568	59012.44
600557	56663.48
601899	54792.9
600029	50826.64
000651	50733.76
000999	49430.29
300199	47017.08
600571	44457.59
300266	43450.64
000625	42988.31
300003	42697.02
600518	42428.24
002445	42293.23
002617	40365.64
600136	38923.57
601318	37425.39
601098	37375.5
002155	37009.6
601111	36345.83
600161	35882.94
300356	35784.93
000915	35460.63
000963	34351.68
300456	33196.87
600335	30647.7
000538	30365.69
000895	30247.97
600271	29635.46
600867	29116.24
002450	28605.12
600305	28287.45
300070	27490.03
000333	27415.28
600988	26738.36
000903	25772.38
002236	25578.11
600048	25276.7
601166	25199.95
601339	25003.78
300017	24985.74
000078	24888.68
603300	24630.4
002594	24459.62
600309	24017.83
600340	23961.56
002414	23733.6
002304	23724.93
600138	23175.2
600511	22954.63
600221	22935.61
600521	21807.8
600076	21210.3
000423	20977.69
002572	20961.25
600085	20280.98
601668	20065.78
000933	19843.92
600298	19322.49
002585	19139.72
600406	18914.22
601633	17383.26
600498	17359.24
600900	16389.05
002308	16338.25
000726	16164.09
002371	15982.96
002299	15630.79
600068	15137.0
600559	15078.86
001979	15038.03
300058	14637.91
300011	14582.3
300072	14520.39
000860	14444.89
002640	14096.62
00700	13819.82
601225	13455.16
300304	13089.36
300165	12986.94
002271	12945.92
000069	12103.47
600690	11742.09
300109	10985.75
603001	10926.2
600987	10544.39
002400	10269.32
01299	10228.89
00941	10028.16
002234	9787.35
000089	9775.05
300213	9687.79
600188	9575.84
00388	9529.01
600486	9271.8
000975	9266.79
300498	9055.0
000902	9001.02
002508	8958.2
002458	8809.95
002239	8800.23
300279	8781.44
600715	8763.44
600525	8754.94
00939	8661.01
300009	8526.94
000418	8420.34
000983	8352.79
01398	8316.22
002727	8287.21
000028	8222.13
002553	8051.89
601028	7879.57
002085	7840.32
000550	7673.4
300161	7673.11
002230	7539.3
002127	7303.31
03988	7239.41
002262	7052.51
300033	7034.43
600395	6938.44
601699	6864.02
600667	6793.2
002675	6770.35
300312	6761.55
300322	6358.87
601137	6262.58
002714	6233.65
600418	6129.52
002339	6119.79
002462	5960.12
000835	5877.64
601069	5854.35
000932	5433.14
600267	5346.0
300068	5330.25
600552	5314.4
000070	5134.24
002452	5060.01
600459	4781.03
600976	4753.99
002521	4353.05
300210	4287.4
600123	4250.67
002051	4247.35
002716	4229.23
002121	4205.44
600203	4182.04
300303	4182.02
002351	4147.26
300102	4131.27
603006	4130.23
002311	4095.12
000532	4027.48
300008	3995.62
601199	3896.45
00386	3865.53
601009	3663.46
300015	3642.77
000661	3627.66
01093	3606.08
300059	3604.79
002025	3477.84
00688	3476.04
002533	3417.06
603939	3397.9
600398	3390.0
600855	3345.12
002152	3068.45
600570	3050.19
300114	2883.96
600682	2847.0
002511	2846.74
002609	2795.68
600478	2715.75
000768	2698.32
000998	2652.44
300219	2609.35
601688	2607.6
002048	2595.06
002123	2560.5
000513	2546.65
600104	2519.61
300342	2513.14
300267	2507.35
600612	2503.28
600703	2489.33
000783	2481.01
002041	2437.93
601933	2370.66
601877	2353.32
000826	2351.6
601689	2346.4
002665	2213.65
600201	2177.23
600566	2171.55
000848	2150.48
600233	2139.82
601818	2091.76
002035	2088.08
300031	2056.56
603883	2049.79
300429	2012.5
600702	1945.69
002418	1938.81
600888	1891.1
603012	1885.78
002361	1836.79
300468	1836.6
002191	1829.14
300326	1823.44
002715	1823.34
300379	1818.25
600839	1778.93
600965	1741.6
600030	1722.86
002050	1664.11
002353	1631.07
300273	1620.57
000650	1618.85
603308	1574.23
02238	1565.33
300310	1527.7
600990	1473.62
600199	1451.49
002673	1435.23
600731	1379.08
000795	1378.53
600228	1360.25
000829	1357.93
600608	1313.98
000606	1294.87
300349	1288.8
600595	1280.92
002656	1280.12
03888	1276.88
600784	1264.76
600122	1262.4
300142	1260.15
000021	1251.84
600348	1238.92
300019	1221.75
300398	1196.8
600699	1174.66
603111	1174.25
002001	1153.5
002630	1153.0
600741	1152.68
300383	1137.0
002059	1112.8
002537	1106.56
002131	1104.5
300309	1103.99
601999	1096.91
601313	1092.62
002645	1087.68
600509	1080.16
002430	1054.16
601186	1035.94
000001	1032.37
600869	1029.98
000686	1024.54
000821	1021.96
000937	1013.96
002165	1007.6
600584	979.35
300401	971.04
601088	970.83
300354	964.18
603023	962.9
002249	957.6
300198	957.52
002669	955.66
002495	953.6
002631	950.95
002169	945.04
300007	921.36
300373	916.18
002454	909.0
002405	897.9
600074	895.11
002456	885.0
600686	883.8
300147	861.71
300503	847.2
600197	842.24
600436	834.26
300364	832.44
002465	831.04
600805	817.58
300148	808.24
600184	792.34
601998	784.46
000547	782.28
300168	779.7
601898	779.16
002590	778.25
000919	773.74
000633	768.0
002142	759.99
000969	758.3
600328	755.16
000572	751.98
002329	749.55
603799	744.0
600000	731.3
000756	730.99
300274	725.5
300350	714.0
002690	691.31
600697	682.01
601336	677.7
000988	661.68
600816	637.35
300340	633.84
000876	630.88
000911	627.0
00570	624.01
600883	613.59
600338	611.31
300284	610.9
603766	606.6
002103	606.3
600885	603.52
000060	579.91
600497	578.12
300043	574.31
603788	574.24
600109	528.6
000716	506.16
300145	501.93
600377	488.72
600015	483.39
600110	478.81
600597	461.55
300200	454.44
000728	449.1
01928	443.57
300207	442.04
000601	431.06
002126	423.78
600337	409.03
00027	393.15
00874	381.63
600585	375.13
000501	371.85
600019	343.0
000528	340.2
002618	338.9
601198	302.02
601788	301.78
300021	301.44
600600	296.51
000401	275.86
601328	273.11
02382	266.8
002583	265.48
603609	253.28
600004	245.2
601211	238.56
02318	224.76
600322	223.0
600622	220.0
603866	217.53
002355	210.9
002746	208.4
002548	207.2
300133	199.67
300408	175.65
002555	173.42
300136	171.16
300025	163.0
000050	160.07
300078	154.49
300081	146.83
000563	146.31
002470	145.61
02319	145.15
02018	143.51
00665	142.92
00867	136.22
00669	133.67
000869	123.75
000166	119.42
002092	114.97
300339	93.18
002343	91.67
002100	90.35
300088	83.63
300100	75.35
603328	75.33
600369	74.27
002649	70.04
601985	68.3
002179	57.62
002013	57.56
600779	49.89
601611	37.64
000799	35.7
600132	30.38
002373	29.88
600315	28.84
601127	20.68
300285	17.95
002383	17.92
002657	16.48
0	15.0
300037	14.34
002294	13.6
002055	12.86
002292	11.98
601966	6.6
300515	6.35
002799	4.71
603958	3.44
002802	2.46
603909	2.01