0	10.0
002415	0.6028
600887	0.5028
600519	0.4817
600028	0.335
600066	0.3088
600104	0.2557
002475	0.2315
000651	0.2309
600276	0.2294
000333	0.2275
600309	0.1942
000786	0.1926
600660	0.1836
601398	0.1767
300285	0.1759
000910	0.1571
002311	0.1451
600015	0.1382
601318	0.1382
000568	0.1359
600900	0.131
000422	0.1267
000538	0.1217
600138	0.1148
601939	0.1147
002366	0.1137
600585	0.1109
002583	0.1095
600557	0.1065
002509	0.1002
601328	0.0998
002310	0.0995
600547	0.0973
600035	0.0962
300088	0.0953
601098	0.0948
600856	0.0927
601211	0.0911
000018	0.0908
300097	0.0894
002085	0.0888
600062	0.0882
600382	0.0882
600565	0.0869
00939	0.0862
01359	0.0837
600036	0.0827
002611	0.0816
01398	0.0815
601169	0.0812
03988	0.0808
600196	0.0803
601688	0.0796
02318	0.0777
600693	0.0774
600019	0.0771
01117	0.0764
000881	0.0761
300342	0.0754
000748	0.0754
600976	0.0748
601006	0.0747
601566	0.0733
002126	0.0724
002398	0.0721
601288	0.0715
002394	0.069
600731	0.0673
600687	0.0656
002217	0.064
03899	0.0636
603001	0.0634
300357	0.0633
601155	0.0632
603766	0.0629
600682	0.0629
300168	0.0618
300282	0.0616
601988	0.0612
300410	0.0609
600109	0.0604
600674	0.0601
01177	0.06
600886	0.0586
002214	0.0581
300230	0.0579
000001	0.0577
02628	0.0577
600775	0.0577
00902	0.0576
300375	0.057
600888	0.0562
002299	0.0551
601668	0.0549
002234	0.0544
300228	0.054
00386	0.0538
600038	0.0533
000554	0.0528
002023	0.0526
601789	0.0524
300316	0.0522
603030	0.0521
300121	0.0516
002450	0.0513
002533	0.0503
300312	0.0469
600030	0.0469
300143	0.0467
002391	0.0467
00857	0.0467
300241	0.0462
000718	0.046
600667	0.0455
002273	0.0448
601333	0.0447
600883	0.0444
000858	0.0438
600477	0.0435
603611	0.0435
002738	0.0435
600048	0.0433
601233	0.0431
600093	0.0429
600060	0.0429
600750	0.0424
00966	0.0424
300070	0.0422
002050	0.0419
600267	0.0418
600509	0.0416
002458	0.0415
300183	0.0415
000778	0.0415
002395	0.0415
002672	0.0404
002185	0.0403
002694	0.0402
600125	0.0398
600703	0.0398
02357	0.0394
000877	0.0393
000725	0.0393
601857	0.0391
02727	0.039
600337	0.039
601997	0.0388
300253	0.0387
00570	0.038
00489	0.0378
300408	0.0369
002550	0.0369
600820	0.036
601899	0.0359
02186	0.0358
300059	0.0356
600816	0.0354
601633	0.0352
000998	0.0348
300431	0.0342
002821	0.0334
600000	0.0332
002464	0.0331
01618	0.0329
002452	0.0328
002142	0.0325
002683	0.0322
002573	0.0321
600688	0.0317
300210	0.0316
002396	0.0316
300231	0.0314
00175	0.031
600211	0.0306
600114	0.0305
600486	0.0304
300287	0.0301
600132	0.0301
600166	0.03
300156	0.0297
002053	0.0296
600409	0.0296
000887	0.0295
600426	0.0294
300017	0.0292
002341	0.0291
600742	0.0284
300075	0.0281
300332	0.028
300014	0.028
000977	0.0275
002245	0.0272
600834	0.0268
600826	0.0265
002323	0.0262
600686	0.0259
000630	0.0258
601818	0.0251
002051	0.025
600741	0.0241
000550	0.0219
600803	0.0219
300164	0.0217
600143	0.0214
600489	0.02
00700	0.018
600016	0.0151
002024	0.0132
601009	0.0126
002433	0.0114
300450	0.0103
000967	0.01
000776	0.0088
002466	0.0087
600837	0.0082
601088	0.0079
600787	0.0076
000063	0.0075
600089	0.0074
601390	0.0074
600961	0.0071
600736	0.0071
000551	0.007
002726	0.007
300040	0.007
601339	0.007
300508	0.0069
600919	0.0065
000100	0.0065
601998	0.0063
600172	0.0049
002640	0.0048
000423	0.0047
000726	0.0045
000625	0.0043
300258	0.004
600518	0.0039
600690	0.0038
600967	0.0037
601166	0.0037
002241	0.0037
002056	0.0034
000686	0.0034
002092	0.0031
000059	0.0026
600893	0.0025
000401	0.0024
601336	0.0024
600399	0.0023
600562	0.0023
002673	0.0022
000529	0.0022
002408	0.0022
600128	0.0021
002058	0.0021
600318	0.002
300327	0.002
603085	0.002
603660	0.0013
603298	0.0007
600027	0.0006
603218	0.0005
603416	0.0004
300568	0.0002
601375	0.0002
300582	0.0002
300537	0.0002
603886	0.0001
002828	0.0001
1	0.0
603239	0.0
002835	0.0
300586	0.0
002838	0.0