601318	155848.95
002466	104830.69
600036	104685.66
000651	93706.3
002310	82749.23
002236	78767.98
600030	70613.44
002460	64024.12
300367	62007.14
601607	61585.61
000333	60874.6
600622	59162.49
00700	57197.94
002340	56630.38
002008	54549.22
600110	52849.76
002027	49673.25
300267	48129.61
600519	47794.76
300324	47604.18
02238	47428.84
601601	46637.22
300418	46402.53
002456	46247.76
000858	45052.05
300104	43934.61
600409	40518.09
000063	39591.81
002050	38797.66
300271	35748.77
002142	35559.55
002078	34981.89
002617	34459.96
600887	34386.31
000915	34306.28
601166	33977.12
600340	33860.28
000403	33388.31
002241	32720.58
000488	32596.54
000568	32559.85
000661	32338.16
603799	32313.81
600681	32155.75
600885	32135.37
300456	31151.89
00939	30801.36
01398	30764.77
1398	30764.77
002531	30375.66
001979	29760.03
000001	28696.82
300364	28666.68
03888	28651.57
000513	28606.11
601933	28386.35
600594	28255.47
600643	28021.98
600027	28014.0
300332	27909.47
300199	27838.13
000963	27793.66
002624	27440.0
300003	27260.4
600518	26710.56
601398	25889.87
002019	25868.46
300033	25281.36
00005	24961.98
300115	24931.56
600742	24866.81
002308	24838.8
02328	24534.46
600176	24155.88
600276	24039.51
601939	24002.02
00570	23664.27
002570	23539.74
601997	23532.95
300203	22847.3
600048	22711.35
601336	22563.21
00966	22157.35
002475	22132.74
300136	21466.72
300287	21264.67
000811	20637.76
600827	20637.47
601169	20167.42
002766	20016.83
000776	19313.45
600068	18993.75
300408	18938.55
600566	18847.55
600104	18517.59
000426	18466.98
601818	18437.4
002311	18320.6
000418	18152.18
000823	18144.55
601888	18084.0
300197	17969.07
002175	17889.77
600491	17856.44
603158	17596.99
02018	17462.77
002640	17235.36
300101	17029.77
600335	16895.28
002583	16557.57
01336	16303.88
002146	16261.35
000639	16079.04
600282	15966.78
601668	15858.81
600507	15786.21
600884	15737.35
00175	15704.58
600085	15649.28
300012	15186.4
300467	15074.27
600270	14764.84
600426	14545.54
300616	14459.18
600406	14095.24
002714	13948.22
600466	13807.56
600529	13542.2
603883	13452.29
002384	13436.33
601699	13188.18
600703	13136.12
002450	12090.59
002415	11920.08
600348	11672.64
000983	11434.22
601009	11292.36
000423	11259.28
00371	11066.19
603899	10987.52
03968	10961.71
002065	10844.45
000049	10787.26
300450	10778.3
600549	10766.49
600362	10709.66
000830	10401.82
002411	10360.94
300316	10241.8
000910	9987.73
601088	9606.42
600338	9550.51
601717	9515.83
300403	9453.6
000895	9263.53
600309	9234.17
600837	8909.96
603993	8689.1
600183	8603.56
600019	8568.53
600089	8480.35
600516	8429.05
600056	8402.06
300100	8395.93
002638	8374.28
603556	8251.23
002434	7872.97
002636	7756.55
002614	7621.42
000671	7545.23
002717	7123.22
600230	7030.4
600856	6986.93
002376	6906.13
600966	6902.63
601012	6453.84
600997	6099.94
300274	6047.54
600028	5930.0
000820	5886.9
600864	5816.12
000878	5803.59
300340	5553.8
300144	5541.15
600547	5537.03
000975	5334.57
600489	5265.6
300323	5210.28
002032	4541.09
002635	4504.66
002041	4480.92
300070	4289.5
000898	4218.08
600267	4184.64
002126	3814.45
600153	3779.03
600031	3756.98
002223	3593.73
002110	3589.52
002035	3547.82
002202	3524.12
601111	3476.56
600195	3431.17
600660	3268.12
601288	3099.47
300571	3068.93
300073	3046.62
601155	3044.64
002400	2995.63
600999	2978.25
000860	2864.05
000807	2827.64
600826	2801.14
002174	2789.6
000630	2712.2
002568	2659.2
000603	2587.26
600388	2526.27
02318	2500.54
000018	2498.1
000002	2496.54
600808	2457.18
002302	2390.12
603626	2365.43
600123	2338.56
000949	2331.01
601225	2296.37
002101	2282.94
600072	2258.19
002541	2247.83
002563	2244.43
603816	2235.77
601899	2235.54
002074	2225.77
300166	2179.52
002131	2172.09
600197	2146.74
002503	2146.03
002343	2071.16
600310	2002.43
600782	1988.44
300058	1985.39
601600	1978.81
300365	1975.57
600271	1956.31
600585	1894.7
002385	1883.87
600016	1841.11
600873	1831.41
000060	1792.0
002444	1760.56
300308	1750.73
002304	1735.4
600180	1728.07
002383	1723.8
603898	1712.24
600000	1689.98
000725	1664.0
02382	1658.52
300294	1649.6
002138	1623.89
002694	1567.1
600015	1449.33
02388	1410.13
000959	1398.0
000050	1385.18
002372	1368.78
600581	1367.2
01299	1360.59
600146	1347.54
600352	1334.18
002508	1329.18
600297	1329.11
601231	1320.58
600990	1239.8
600188	1141.92
300083	1122.43
300433	1113.86
600614	1100.0
01728	1084.9
000700	1034.72
600741	1014.2
002036	1008.13
600266	970.11
002108	944.34
600546	892.52
000069	881.88
002024	875.25
000625	865.38
300182	864.97
300410	861.21
600066	859.96
000338	838.47
000030	835.09
000411	827.78
00285	806.12
601677	777.39
600477	776.38
00388	753.15
00751	727.38
300007	721.09
601211	712.31
002188	711.36
002494	688.89
603377	673.24
01293	641.18
002345	636.98
000524	623.57
600754	614.61
002555	610.87
000933	608.5
000587	596.14
600487	588.21
600258	587.0
000059	579.49
601007	577.26
000026	575.41
00027	571.85
600894	568.32
00762	563.8
600612	558.26
002739	551.95
300017	543.17
00874	539.89
600816	539.8
300409	532.25
600074	529.18
002539	522.61
00867	510.86
002092	496.82
600138	489.01
600801	488.22
01186	487.97
01882	486.6
002501	475.49
601636	472.69
000404	469.45
600511	466.17
002690	466.1
600261	459.9
00066	453.99
000620	448.59
600686	445.16
002426	422.4
000600	417.18
600850	416.72
000066	414.39
300061	412.72
300146	412.2
600998	393.25
000786	380.16
600761	378.51
000900	377.84
002271	371.0
000036	369.19
002496	368.96
600023	360.91
002203	360.2
000581	356.9
000402	351.6
000936	351.43
000521	347.65
600809	346.9
600038	333.66
600004	332.95
000540	308.23
600657	307.52
002589	305.84
002354	304.61
002221	303.35
000596	292.45
002081	276.04
002182	275.7
300257	274.04
300335	269.91
600893	259.35
300188	242.01
603108	238.95
600804	230.67
002217	227.24
300296	225.35
002230	219.45
600452	182.68
002215	172.41
000938	172.36
000525	172.33
000707	170.32
002195	170.03
600050	149.4
600061	78.4
601788	75.4
603043	9.14
0	5.0
603679	4.28
603286	2.7