0	25.0
1	7.0
600068	0.413
600519	0.376
300197	0.3611
600048	0.3282
601997	0.3025
601318	0.2954
000651	0.2777
001979	0.2657
002572	0.2618
600104	0.2483
002415	0.2311
000858	0.2053
00700	0.1882
000568	0.1849
002138	0.1761
002509	0.1755
002311	0.1741
002458	0.1727
002120	0.172
600820	0.1688
02238	0.1621
600030	0.1597
000538	0.1584
600325	0.1577
600138	0.1568
002583	0.1556
002202	0.1521
600338	0.1518
03888	0.1485
002299	0.1457
601818	0.1457
300351	0.1445
600867	0.1404
600500	0.1399
601668	0.139
603899	0.1377
300408	0.1356
600731	0.1346
000718	0.1323
002343	0.1316
600528	0.1308
002310	0.1301
600309	0.1282
601328	0.1275
600887	0.1268
000910	0.1262
601800	0.125
601717	0.1242
002050	0.1204
601398	0.1197
300017	0.1192
02357	0.1179
000018	0.117
600036	0.1157
600566	0.1128
600888	0.1124
300070	0.1114
600967	0.1107
601186	0.1106
000333	0.11
601211	0.1094
000554	0.1056
601688	0.1049
601789	0.1048
002250	0.1034
601390	0.1011
002456	0.0987
600990	0.0986
300078	0.0984
002142	0.0984
002236	0.098
600389	0.0979
600529	0.0973
600997	0.0973
002007	0.0963
600035	0.0962
300088	0.0953
600123	0.0948
600476	0.0941
002716	0.0937
300458	0.0933
002322	0.093
600856	0.0927
300241	0.0924
000606	0.0912
601333	0.0909
300210	0.0907
300316	0.0905
600883	0.0888
002085	0.0888
000001	0.0888
000070	0.0886
600885	0.0886
000422	0.0886
600382	0.0882
601198	0.088
002468	0.0874
300447	0.0872
600477	0.087
600565	0.0869
000748	0.0864
000630	0.0859
002016	0.0854
600969	0.085
002530	0.0841
002480	0.0837
002821	0.0834
600686	0.0834
300129	0.0832
600509	0.0832
000778	0.083
300237	0.083
002026	0.0825
601699	0.0817
002611	0.0816
601169	0.0812
002450	0.0801
002180	0.08
000685	0.08
600125	0.0796
601336	0.079
600547	0.0789
000963	0.0786
000877	0.0786
600585	0.0783
601155	0.0782
600409	0.078
002071	0.0779
601633	0.0774
600019	0.0771
002672	0.0766
000881	0.0761
600667	0.0754
600521	0.0744
002341	0.0744
600066	0.0739
002550	0.0738
600335	0.0738
000915	0.0735
000063	0.0733
601566	0.0733
601168	0.0728
002126	0.0724
600038	0.0722
000739	0.0722
002398	0.0721
002690	0.0719
601899	0.0718
000895	0.0717
600682	0.0711
000821	0.0696
000998	0.0692
002394	0.069
601669	0.0684
000826	0.0681
002281	0.0676
000418	0.0675
600498	0.0673
000069	0.0658
002059	0.0656
600687	0.0656
000921	0.0655
000059	0.0646
002683	0.0644
002106	0.0641
000820	0.0641
000960	0.0639
300357	0.0633
300097	0.0631
603766	0.0629
002640	0.0628
000796	0.0626
600362	0.0618
300168	0.0618
000887	0.0616
600689	0.0607
600961	0.0604
002665	0.0603
600674	0.0601
600718	0.0598
300342	0.0593
002217	0.0589
300006	0.0584
002214	0.0581
600271	0.0581
300230	0.0579
000661	0.0578
600775	0.0577
300285	0.0573
002408	0.0573
000065	0.0571
600155	0.0562
000625	0.0552
600976	0.0549
002234	0.0544
000983	0.0541
300238	0.0541
601166	0.0533
00570	0.0526
600872	0.0522
002047	0.0514
300080	0.0513
300463	0.0511
002013	0.0509
002399	0.0508
002616	0.0507
002032	0.0506
02018	0.0505
002045	0.0505
002357	0.0504
002544	0.0503
600619	0.0501
000937	0.0498
000513	0.0496
000411	0.0495
600584	0.0492
002068	0.0489
002733	0.0488
600875	0.0486
300122	0.0483
600028	0.0481
300124	0.0479
000725	0.0478
000678	0.0472
603883	0.0471
000426	0.047
002372	0.0469
00939	0.0468
002391	0.0467
300011	0.0465
300340	0.046
600146	0.046
600760	0.0458
000596	0.0455
600699	0.0454
300003	0.0449
002273	0.0448
002024	0.0448
300345	0.0446
600438	0.0446
600491	0.0446
300138	0.0446
002117	0.0445
002205	0.0445
600763	0.0442
600998	0.0441
002313	0.044
002057	0.0439
000928	0.0438
000949	0.0436
600439	0.0435
300223	0.0432
601233	0.0431
600561	0.0429
000402	0.0428
300365	0.0426
600750	0.0424
300050	0.0424
600525	0.0423
300409	0.0423
002262	0.0422
600444	0.0418
600267	0.0418
601857	0.0417
002023	0.0415
300183	0.0415
600719	0.0415
00392	0.0412
002627	0.0411
600448	0.041
300228	0.0409
300093	0.0408
600426	0.0408
600213	0.0407
600006	0.0407
601989	0.0406
600520	0.0403
002185	0.0403
601985	0.0403
600110	0.0399
600268	0.0398
300115	0.0398
600557	0.0398
600703	0.0398
002475	0.0394
000823	0.0393
601801	0.0391
601933	0.0391
600337	0.039
600376	0.0389
300253	0.0387
300302	0.0386
002500	0.0386
000590	0.0382
002089	0.0379
600697	0.0378
002659	0.0376
002041	0.0374
002425	0.0373
002216	0.0373
002108	0.0371
002519	0.0371
300436	0.0369
300284	0.0369
603001	0.0368
000528	0.0365
603308	0.036
002008	0.0359
002624	0.0356
300059	0.0356
000423	0.0354
601628	0.0351
601009	0.035
300203	0.0347
600970	0.0347
600611	0.0346
300455	0.0346
002223	0.0343
300431	0.0342
002019	0.0341
600661	0.0335
000550	0.0334
300291	0.0331
300061	0.0327
300271	0.0323
600233	0.0323
002123	0.0322
601098	0.032
300166	0.032
000967	0.0319
600643	0.0319
601607	0.0318
300450	0.0318
000925	0.0317
600896	0.0314
601117	0.0314
002507	0.0313
00005	0.0313
02388	0.0311
000783	0.0311
300496	0.0308
300033	0.0307
600211	0.0306
300106	0.0305
002422	0.0305
300189	0.0305
600258	0.0305
603160	0.0305
002048	0.0304
600486	0.0304
600007	0.0303
600132	0.0301
300287	0.0301
600729	0.03
600848	0.03
002179	0.0297
002053	0.0296
600151	0.0296
00388	0.0295
01299	0.0294
002094	0.0292
600919	0.029
300161	0.0288
002508	0.0287
002213	0.0286
000623	0.0285
600742	0.0284
603609	0.0284
300075	0.0281
600616	0.0281
600787	0.0281
300332	0.028
300014	0.028
600861	0.0277
000977	0.0275
002245	0.0272
02382	0.0271
000019	0.0268
002323	0.0262
000860	0.0262
600621	0.0261
600031	0.0255
000683	0.0255
002548	0.0254
002756	0.0253
600688	0.0251
002051	0.025
601965	0.025
002286	0.0246
603799	0.0239
01093	0.0235
600816	0.0234
601678	0.0233
000400	0.0232
601689	0.0231
600622	0.0229
600261	0.0229
600297	0.0225
300236	0.0223
603026	0.0218
002035	0.0211
002078	0.0209
000852	0.0206
600792	0.0204
002462	0.02
600489	0.02
300478	0.02
000913	0.0177
002599	0.0173
002726	0.0173
600736	0.0173
601339	0.0171
000551	0.0171
600016	0.0171
600761	0.0153
601006	0.0139
002570	0.0135
300071	0.0125
603085	0.0123
600593	0.0121
002594	0.012
600835	0.0115
600612	0.0114
002433	0.0114
600600	0.0114
600894	0.0113
600295	0.0108
601988	0.0108
603686	0.0107
600026	0.0107
000521	0.0106
002420	0.0105
600121	0.0105
300108	0.0104
002206	0.0104
601100	0.0104
000889	0.0103
603306	0.0103
603167	0.0101
300067	0.01
600642	0.0098
600963	0.0095
601377	0.0095
600079	0.0093
002739	0.0093
002466	0.0087
601088	0.0079
300246	0.0079
601939	0.0076
600089	0.0074
300040	0.007
000401	0.0066
000100	0.0065
600060	0.0064
000157	0.0062
000800	0.0059
000803	0.0057
600284	0.0056
600704	0.0051
600172	0.0051
600178	0.0051
600350	0.0051
601231	0.0051
601677	0.005
000930	0.0047
000732	0.0045
002781	0.0044
600576	0.0043
002777	0.0041
300258	0.004
002103	0.004
000002	0.004
600572	0.0038
300087	0.0038
600690	0.0038
600741	0.0037
600015	0.0036
600122	0.0035
002056	0.0034
000752	0.0034
600202	0.0032
002092	0.0031
300548	0.0031
600166	0.0031
002067	0.003
000815	0.003
300337	0.003
300416	0.003
300261	0.003
002813	0.003
002643	0.003
300521	0.003
603868	0.003
600641	0.0029
300219	0.0026
600893	0.0025
600562	0.0023
600399	0.0023
002673	0.0022
000529	0.0022
002058	0.0021
600128	0.0021
600318	0.002
300327	0.002
603298	0.0006
603218	0.0005
603416	0.0004