600990	87798.81
002371	82947.51
300073	73978.86
000568	70568.12
002179	67235.25
600885	62532.0
600855	62076.33
002010	60212.12
000901	58036.47
002338	57096.17
002635	54569.39
300342	52206.39
002594	52163.55
002007	51776.94
300296	51496.73
300207	51267.96
300145	49184.42
600391	48612.06
300114	48085.09
300159	47369.14
600519	43880.69
600316	41557.22
600489	40805.27
600547	39611.46
000661	38831.41
002138	38500.95
300365	37831.46
600338	36884.3
300252	36359.77
601799	35271.42
600335	33200.13
600559	32994.17
300219	32658.2
300389	30771.04
300302	27434.38
300065	26652.01
300101	26234.11
603883	25805.03
603898	24193.89
300353	24122.08
600667	24090.49
300310	23430.29
600779	23193.16
300136	22850.64
300458	22789.25
002368	22613.82
002445	22075.8
300279	21886.35
300258	21426.76
002111	20860.23
002418	20659.43
002466	20365.71
000423	19688.55
300340	19675.67
002643	19399.0
600298	19322.49
600988	19222.02
002522	19092.1
600038	18432.66
300005	18293.02
600459	17855.6
002048	17653.79
300008	17642.68
600677	17541.76
002439	17173.59
002773	16611.51
300161	16464.85
600029	16428.0
002281	16371.85
300284	16187.93
002098	16072.25
300336	15966.11
600203	15916.22
601111	15856.3
300256	15296.0
002605	15131.16
002400	14919.87
002155	14892.95
002077	14788.7
002343	14727.7
002614	14513.84
600115	14354.87
603799	13784.38
600521	13751.14
300226	13750.97
002572	13721.42
002384	13475.55
002049	13353.76
002322	13034.39
002460	12711.76
002236	12706.23
002056	12431.62
002094	12278.06
300047	12209.59
002402	12172.85
601899	11862.2
000975	11822.12
300210	11797.24
600066	11583.13
601069	11563.34
000021	11500.83
300097	11253.33
300456	11175.47
603456	11142.19
000858	11060.2
600604	11054.49
000983	10965.59
002224	10963.84
002215	10817.34
000070	10692.9
603111	10594.81
002549	10511.49
000903	10491.32
000895	10461.61
300325	10382.25
002450	10315.67
300212	10276.07
002511	10197.49
300420	10191.78
300016	10183.12
300329	10170.15
002718	10079.67
002304	10071.09
002716	10066.11
002709	9918.0
300011	9907.98
603368	9889.24
300091	9860.02
000333	9784.5
000089	9775.05
002458	9760.39
002108	9733.86
600702	9672.47
002428	9662.55
300100	9597.32
600305	9556.03
601225	9430.5
300367	9390.1
300304	9381.39
300183	9293.8
300300	9063.37
600360	9052.53
000821	9029.05
600110	8928.23
300223	8913.85
000687	8901.79
002035	8830.33
000910	8791.67
300115	8657.7
600593	8496.36
300247	8367.68
300326	8350.67
002662	8310.5
600289	8212.13
300278	8165.33
600386	8088.7
300160	8072.23
002394	8063.4
600199	8017.76
002245	7973.1
600715	7965.75
002260	7940.7
002366	7860.9
600576	7843.27
002297	7838.13
000783	7780.38
600887	7767.37
300395	7717.96
000550	7673.4
002733	7567.92
300182	7509.91
002600	7443.48
300467	7305.49
300012	7293.48
600200	7255.91
300236	7230.05
002006	7170.9
600984	7136.8
002247	7078.13
300351	7020.5
300128	7017.18
000685	6994.84
600198	6958.0
600188	6945.0
000002	6942.34
300261	6882.39
600756	6853.48
600419	6809.0
600109	6807.3
002273	6791.66
000418	6752.56
002673	6738.86
600479	6728.8
600619	6727.85
000718	6710.1
000971	6665.54
300098	6657.21
002427	6617.84
600651	6541.6
300232	6340.0
601198	6285.48
601137	6262.58
600580	6241.17
600303	6237.0
300503	6224.55
600845	6210.15
601933	6195.0
300507	6153.06
000951	6129.19
002413	6110.09
600136	6104.09
300084	6075.28
600967	6073.97
002456	6046.63
600666	5999.47
002452	5993.64
000810	5958.48
002415	5952.63
601788	5929.67
002659	5927.06
002301	5842.5
300058	5826.0
002151	5816.72
300410	5806.57
300213	5795.89
300373	5641.81
300017	5602.29
002675	5542.46
300508	5468.34
002546	5418.06
600850	5320.02
002303	5252.98
600520	5238.7
300056	5234.5
600309	5190.0
002126	5186.16
300238	5180.7
002532	5173.42
300299	5159.78
600382	5120.0
002508	5012.85
002745	5006.88
300499	4986.13
300491	4913.03
002780	4910.25
603701	4908.87
300359	4904.67
002398	4861.8
002380	4775.21
300382	4765.54
002340	4736.23
002206	4710.75
300195	4698.9
000651	4698.48
600821	4683.84
000748	4682.53
601566	4632.0
002533	4619.72
300202	4599.9
002611	4552.0
000802	4375.7
002521	4353.05
300095	4226.83
300303	4182.02
600184	4151.07
002351	4147.26
300102	4131.27
600271	4119.07
300156	4116.0
300143	4073.0
603158	4061.79
000532	4027.48
600570	3995.9
603609	3993.66
000593	3961.71
002324	3960.68
002513	3952.18
300196	3917.0
600337	3914.32
000727	3887.38
000650	3887.33
300137	3837.67
600268	3837.22
600452	3836.12
002117	3774.28
000060	3746.77
000799	3703.99
000887	3537.6
002548	3529.63
000426	3523.27
002547	3517.02
000078	3508.45
002339	3472.51
002367	3326.4
000059	3313.5
002230	3296.5
600557	3273.19
002475	3269.87
603601	3239.0
600362	3235.2
600093	3102.5
300370	3095.93
300335	3092.44
002152	3068.45
002727	2972.19
002013	2942.72
600682	2847.0
300080	2836.21
002706	2834.28
002065	2808.14
002609	2795.68
300033	2779.17
300379	2734.06
600478	2715.75
300072	2625.8
002543	2625.58
300233	2605.84
300007	2528.83
002123	2494.8
300274	2440.0
002041	2437.93
300356	2428.2
603703	2358.0
600612	2269.31
300054	2268.34
600699	2237.62
002425	2187.07
300409	2153.34
000596	2128.4
601208	2115.81
002350	2097.05
002299	2075.22
300138	2041.86
600439	2026.95
002695	2014.4
002243	1985.32
603009	1925.06
002534	1921.03
603012	1885.78
002665	1885.59
300245	1878.8
002617	1874.93
002443	1847.78
002361	1836.79
002191	1829.14
002627	1768.38
002124	1733.45
603939	1704.33
002472	1701.94
000561	1668.0
600589	1645.11
300322	1634.42
002421	1572.3
002241	1555.6
300022	1515.1
300112	1491.44
002227	1439.55
300267	1403.19
300224	1360.2
000829	1357.93
600826	1357.22
600498	1323.54
000606	1294.87
002656	1280.12
002001	1267.8
600485	1266.64
600122	1262.4
300266	1255.2
603686	1238.82
300468	1231.91
300041	1223.15
300316	1192.1
002583	1122.33
603308	1120.67
000601	1075.03
600000	1073.84
002714	1061.13
002672	1021.92
002462	1005.75
002325	986.49
002078	976.0
300144	946.58
002103	928.45
603866	895.57
002781	886.7
002240	875.93
002183	859.2
002072	852.51
002133	850.61
600054	844.73
300075	837.47
300287	811.05
300263	782.6
000028	781.2
300178	768.0
603718	755.55
002639	743.28
300250	737.39
300380	703.91
601318	698.31
600330	692.6
002694	687.6
002409	681.94
600528	670.9
603788	658.17
603002	652.8
601009	648.94
300369	645.67
300260	645.37
002535	645.27
001979	639.97
000978	630.6
300076	629.99
603010	628.05
000889	625.83
300297	620.0
002019	615.2
002743	605.63
300271	600.24
000413	598.38
300049	594.25
002565	592.74
600987	585.09
601800	573.84
000540	573.04
600150	570.52
601668	562.66
600325	531.36
600056	523.38
000957	518.94
600595	516.0
002688	514.86
600537	496.06
600240	483.26
600703	480.8
002074	473.64
300197	453.87
000848	450.52
000513	446.81
000402	440.41
300031	433.68
601699	425.88
002239	418.81
600497	414.45
600816	410.62
600741	407.5
601998	397.54
300471	377.22
600219	370.48
000043	368.28
600713	363.32
600276	361.95
002279	354.88
300003	340.36
300244	300.98
601311	297.75
000835	294.32
300444	293.58
300089	287.06
002180	285.3
300449	285.13
600745	283.97
000581	280.22
002076	277.45
002599	264.35
300068	241.29
000997	240.48
000967	221.82
300493	216.33
600721	215.88
300198	215.77
300133	199.67
002527	191.65
000638	177.38
300408	175.65
002555	173.42
600584	167.6
300025	163.0
000050	160.07
300078	154.49
300377	141.44
002341	141.11
601688	126.76
300191	109.29
002218	86.19
002593	82.13
300118	82.04
002079	80.98
002083	80.96
300457	36.32
0	22.0
300512	18.72
300285	15.96
002383	14.33
002292	10.48
002664	8.51
300131	8.27
002657	8.24
7	6.0
6	1.0
3	1.0