002572	125281.39
300136	117752.37
600056	111276.01
002475	109147.26
002217	104526.92
300197	98011.76
002310	95850.88
002035	75427.96
002508	63164.25
002043	62798.16
300145	58580.34
300355	58339.16
300296	57701.46
002640	56343.34
002415	53277.99
002236	52996.42
600522	51290.56
000651	50735.83
300115	49902.51
000333	48827.97
000963	47984.24
002511	46691.88
002456	44697.24
002127	41333.13
000568	41150.16
600887	35554.1
002120	34963.69
300156	34576.08
600196	34228.54
000820	33682.38
000423	32235.06
002311	26829.66
002466	25213.93
600557	24195.95
600660	23724.37
600009	18947.89
600007	18672.1
000089	18433.8
300476	18411.04
000858	17779.11
600519	17636.91
002460	15917.54
002530	14886.23
600426	14793.72
002045	14736.02
002032	14610.95
002411	14412.03
002241	14044.13
600691	13405.84
600240	13176.58
002343	12862.85
002635	12478.28
002589	12229.43
002838	11928.75
600703	11654.15
300406	11232.49
601888	10360.32
601689	9227.92
600068	9197.57
600201	9126.9
600036	9079.05
600674	9050.0
002142	8974.22
002322	8813.5
002384	8786.94
001979	8272.0
600739	8026.31
600535	8001.99
000065	7784.16
600146	7536.73
600110	7180.3
002709	7129.63
603355	6943.7
600864	6816.97
002727	6813.51
600993	6618.12
002008	6570.66
300308	6567.22
002303	6409.0
002675	6277.73
002714	6229.75
002332	6076.54
300340	6070.03
300273	5932.53
600804	5919.0
000776	5868.75
600867	5826.32
002509	5818.38
600585	5644.74
002583	5631.68
300274	5518.58
300106	5419.63
601607	5347.84
300450	5239.43
300161	5121.95
600664	5014.64
601318	4843.5
600267	4653.97
000661	4643.0
600518	4609.2
600183	4526.61
300097	4410.44
002027	4271.58
002195	4112.65
002480	3989.28
000403	3958.5
002462	3927.24
000919	3872.63
002449	3850.2
000928	3605.1
000049	3443.52
002568	3382.4
002202	3344.29
300347	3281.74
002245	3272.5
600066	3257.23
002223	3213.31
002108	3202.83
002636	3183.45
300229	3066.0
600487	2882.57
603626	2671.68
600566	2639.61
002562	2617.75
000970	2580.28
600884	2502.24
002833	2499.22
600109	2465.97
002554	2457.57
300263	2419.2
600392	2413.77
600967	2356.5
600072	2315.49
002185	2302.05
002273	2292.81
002541	2266.49
300342	2228.27
002051	2202.51
600525	2195.03
300317	2193.65
600335	2192.6
002537	2113.39
600834	2105.22
300061	2082.89
002479	2076.58
300129	2057.63
000921	2048.7
300088	2041.83
603808	1957.74
600768	1932.76
000039	1921.26
002609	1903.14
300031	1789.02
300545	1740.0
600750	1703.17
600258	1665.26
600751	1664.61
600779	1549.28
603686	1465.38
600990	1430.53
002353	1409.64
600048	1360.09
603040	1349.61
600061	1331.34
000799	1319.46
600104	1309.35
002304	1257.49
600885	1231.11
002777	1224.8
601012	1205.17
000967	1198.75
300065	1069.76
300463	1014.25
300072	970.15
601668	899.48
000910	818.89
300365	750.0
300025	689.04
600456	671.3
002376	650.95
600028	631.4
603589	628.56
300433	621.86
600511	616.13
300285	600.45
601800	573.12
000768	550.52
002179	466.05
300100	446.66
002036	442.39
002250	420.24
000998	396.95
002341	384.63
600029	371.57
600089	367.82
600977	346.75
300147	343.2
600138	314.35
000417	311.87
002230	275.32
002694	254.1
600332	230.04
600298	228.47
300207	201.0
600309	182.99
603898	165.42
000018	163.66
600271	163.59
600338	160.67
603169	151.28
601008	139.27
300068	127.34
603008	126.08
600255	123.89
000682	121.58
601111	114.07
002351	108.39
002204	108.33
600966	105.88
000513	103.46
300003	103.29
603018	102.43
600399	101.02
600033	100.95
600498	99.38
600273	51.76
002391	51.13
300621	6.21