600028	106757.91
000786	100081.78
600015	63048.42
00700	61206.84
601098	49622.97
000651	46410.83
600062	45857.44
000422	43956.44
601688	40247.88
601006	31579.32
600109	31346.56
600519	30720.57
02238	30158.82
000568	25252.54
03888	24569.74
002572	21553.42
00005	21475.41
00939	21186.81
600809	20685.56
600298	19692.87
600559	18741.44
300137	18542.28
000858	18199.87
000001	18037.62
00388	17989.97
000895	17810.96
600760	17753.0
600240	17636.9
02357	16086.9
002415	13562.78
600887	13525.25
01398	13514.12
002304	13496.58
000423	12862.19
02388	12597.5
300339	12032.78
02018	11570.15
601398	11513.11
00941	11397.15
601318	11372.32
600520	11249.1
000333	10492.49
03988	10379.6
01093	8340.5
300243	8303.04
002368	7967.87
600104	7963.12
000540	6992.97
03311	6946.3
002142	6690.73
02313	6652.21
300282	6636.23
300410	6564.55
600066	6440.8
300452	6271.31
300375	6139.68
601988	5637.62
603030	5608.7
00175	5547.9
002168	5431.48
002533	5420.91
600667	5388.12
02382	5332.96
000948	5319.58
600038	5099.76
300312	5058.61
00867	5050.8
601857	4977.72
601336	4816.38
600976	4789.5
02020	4762.82
603611	4685.37
601899	4676.0
000625	4524.52
600196	4511.86
002395	4474.45
600794	4395.96
601012	4394.91
600309	4203.57
300316	4155.34
000063	4143.65
600525	4107.45
601607	4053.79
002236	4045.32
300115	3857.94
601939	3720.25
600267	3644.52
000656	3630.7
600498	3625.45
002519	3596.0
000609	3545.02
002452	3533.53
600660	3490.17
000166	3487.54
002008	3482.66
601818	3472.68
600557	3470.65
300231	3387.16
002509	3245.72
603001	3206.0
300097	3178.34
300271	3135.08
300166	3103.62
002573	2969.8
002396	2923.2
601155	2902.25
601965	2880.24
000910	2864.77
002217	2863.92
600584	2853.5
600155	2809.96
600166	2781.0
300156	2750.7
300498	2738.45
300342	2680.13
600486	2650.9
002583	2642.0
600476	2603.78
600036	2556.28
000860	2530.92
000411	2474.84
01117	2368.68
000426	2350.74
600409	2341.5
000596	2274.26
603899	2265.07
600682	2236.2
601633	2204.22
600261	2168.72
00570	2097.62
03899	1974.64
300228	1918.5
002023	1868.32
01177	1862.76
002367	1748.34
600731	1677.79
01299	1674.97
300143	1658.8
601288	1606.15
002738	1544.67
600547	1460.4
601009	1456.98
000538	1412.58
600888	1400.66
000554	1316.03
00966	1315.0
600406	1300.8
600000	1296.8
000963	1253.52
02727	1208.06
600079	1204.63
600900	1189.41
000709	1175.75
00489	1172.82
600691	1151.98
601117	1150.9
02186	1113.04
600883	1107.65
600150	1104.4
600009	1060.8
601166	1044.74
01359	1043.14
600509	1037.44
000778	1035.03
600068	1010.78
600125	992.27
000600	983.2
000877	979.13
601668	975.14
600418	924.8
601328	893.65
002230	879.82
002271	867.6
600674	862.0
002465	859.38
600195	850.0
002188	845.0
300284	831.84
600377	828.08
300142	817.5
603808	801.8
000089	796.0
601997	789.0
601998	787.28
600271	783.24
300324	773.37
000069	771.45
600919	770.22
600741	768.63
600511	752.24
600022	750.0
000725	738.22
00392	721.24
601169	683.2
000513	619.4
600276	604.24
300203	595.35
002311	589.81
002581	587.58
000800	573.83
600816	573.26
600060	569.48
600031	568.83
601211	557.14
300100	544.0
300138	539.24
600822	535.2
000018	535.0
002013	533.43
600048	513.2
600585	510.16
002262	495.33
000027	491.61
601933	491.0
600643	453.96
000739	442.22
000528	427.64
600029	422.1
000776	419.17
300017	418.69
601628	411.94
603111	411.6
600266	399.9
002241	369.16
000400	362.89
002353	356.47
600552	353.86
000338	348.6
601111	316.8
300258	310.98
600690	294.13
600535	290.43
600820	286.26
600016	285.93
600030	273.02
002056	268.46
002069	266.4
300005	260.26
603823	240.74
000028	234.15
600562	231.19
000529	223.02
000998	214.3
600373	212.1
600128	211.06
002058	208.92
603085	205.31
600318	202.54
000967	143.43
000726	127.9
002466	124.61
600487	110.09
600503	105.03
002410	104.25
300199	101.77
300113	101.71
600755	101.44
600736	100.41
600996	70.47
600909	50.15
600967	48.86
603858	41.65
002092	41.14
600027	39.6
601020	34.3
000059	33.32
002821	32.9
600893	32.08
000401	30.94
600399	29.4
002673	29.08
002408	28.6
300327	26.72
603298	25.72
603218	20.64
603986	20.16
603708	18.58
002818	18.08
603416	16.17
300558	16.03
603900	15.65
603877	13.54
300537	10.0
300565	9.46
603886	7.94
300582	7.04
603239	5.82
0	4.0
1	0.0