600028	155382.31
600519	130492.79
000786	103394.84
000001	99250.88
000651	91424.31
601398	84375.33
600104	78084.69
00700	74232.33
600015	68306.52
000858	68299.0
600887	62695.31
002415	61834.62
601318	58925.26
601098	54939.93
601006	52391.48
600062	48465.46
601688	47028.77
601988	46894.84
000422	45777.6
600900	42148.21
601607	38925.47
601939	36849.58
000568	36812.75
000333	36313.86
600660	34627.7
600066	33318.57
601166	33120.48
002142	32654.05
601288	32100.55
000895	31762.05
600557	31414.6
600109	31346.56
02238	30158.82
002475	29393.35
000538	28589.43
002311	25549.39
03888	24569.74
601328	23649.33
600309	23642.09
00939	23607.97
600240	23394.87
300144	23297.71
002572	22832.14
600196	22812.79
000423	22586.32
601857	22058.51
00005	21475.41
601633	21456.78
600079	21223.04
600809	20685.56
600511	20533.01
600298	20339.91
601818	20152.93
000963	20066.32
000018	20009.34
600674	19681.55
601965	19461.68
600409	19243.5
600559	18741.44
00388	18694.61
300137	18542.28
600760	18254.27
600036	17946.41
002078	17550.39
601009	17308.4
600681	16840.22
00941	16636.16
000725	16373.09
02357	16086.9
600856	15979.34
002271	15467.66
01398	15245.1
300498	15215.19
600276	15187.09
601169	14657.82
002304	14413.54
601233	14287.94
600697	14092.86
000726	14020.61
002310	12791.6
02388	12597.5
002041	12590.18
000625	12465.14
600970	12453.96
02018	12291.73
600643	12119.12
300339	12032.78
002168	11286.8
600520	11249.1
03988	10379.6
600794	10252.25
601333	10251.6
601336	9923.96
002727	9733.12
000063	9460.54
600009	9288.58
000656	9172.02
000903	9105.81
000609	9077.34
600068	8943.97
600016	8764.6
600741	8710.32
600000	8397.24
01093	8340.5
600271	8323.95
300243	8303.04
002640	8290.71
002368	8273.97
601139	8186.97
600011	7673.08
600056	7440.68
000513	7379.35
300408	7332.75
000400	7214.07
600886	7150.25
600547	7101.54
000028	7054.37
000540	6992.97
03311	6946.3
601699	6922.06
002008	6862.26
002053	6717.24
600377	6685.68
02313	6652.21
002434	6645.17
300282	6636.23
000069	6607.72
300410	6564.55
002508	6555.42
300104	6551.98
601985	6545.72
600038	6544.16
000709	6390.32
300452	6271.31
00175	6240.74
600500	6219.69
601012	6215.95
002245	6178.65
601668	6173.18
000596	6163.37
002675	6148.74
300375	6139.68
600585	6056.5
600266	6000.5
600195	5953.18
000166	5952.72
002323	5948.66
002236	5905.66
02382	5861.4
603018	5760.14
002051	5675.25
000949	5620.2
603030	5608.7
002050	5511.72
000550	5502.18
600525	5432.7
002533	5420.91
600498	5388.59
600667	5388.12
02020	5377.91
600479	5361.87
000948	5319.58
600138	5161.98
002325	5094.26
600867	5071.32
300312	5058.61
00867	5050.8
600742	4861.26
600594	4828.5
600976	4789.5
601628	4766.24
002550	4751.45
300070	4735.61
603611	4685.37
601899	4676.0
603355	4641.38
600787	4605.75
000035	4599.56
000876	4593.65
300406	4575.85
600820	4558.14
002294	4536.3
000860	4510.92
300072	4495.26
300248	4492.37
002395	4474.45
600686	4457.02
000959	4390.26
601997	4388.93
601555	4339.85
601000	4286.28
002701	4277.84
300161	4167.37
002202	4159.91
600270	4159.02
300316	4155.34
600754	4124.28
600919	4122.45
300115	4108.12
600267	4089.06
600998	4077.33
002781	4073.49
600048	4054.27
000821	3834.85
300136	3801.31
000776	3721.25
000630	3662.31
000049	3621.43
002519	3596.0
600030	3564.35
000661	3544.87
300015	3536.26
002452	3533.53
002714	3484.88
600637	3462.18
600999	3443.19
000910	3437.77
300231	3387.16
002241	3325.37
601998	3321.98
600166	3316.22
600967	3293.23
002509	3245.72
603001	3206.0
300097	3178.34
600518	3173.0
002366	3154.4
002583	3141.59
300271	3135.08
002594	3129.84
600018	3109.94
300166	3103.62
600584	3087.54
601601	3083.21
000998	3080.14
300156	3068.83
000800	3046.64
300196	3009.42
000421	3004.28
000969	2981.26
002573	2969.8
002155	2963.06
600622	2955.49
002385	2928.67
002396	2923.2
601155	2902.25
600261	2884.94
000402	2880.06
600029	2879.1
002217	2863.92
300003	2859.37
002308	2852.36
601117	2822.89
600155	2809.96
002002	2788.75
000711	2741.49
02318	2740.35
300342	2680.13
600961	2679.64
600486	2650.9
000027	2645.27
001979	2618.47
600476	2603.78
000690	2595.6
600803	2566.52
000059	2532.34
002250	2525.11
601766	2505.42
603808	2501.28
600382	2500.64
600835	2498.56
600170	2494.82
000411	2474.84
06030	2461.86
600467	2435.4
600566	2430.18
600666	2425.1
600305	2405.3
000338	2372.48
01117	2368.68
300323	2357.27
000426	2350.74
01299	2341.75
600108	2305.16
600873	2297.9
603899	2265.07
000789	2248.4
600682	2236.2
601788	2207.88
002117	2180.79
300207	2154.24
002343	2130.66
000792	2116.78
300336	2115.11
00570	2097.62
600050	2077.21
300203	2075.3
002370	2065.87
600332	2058.4
600579	2035.99
601588	2026.62
002367	2004.67
002318	2000.0
600398	1991.73
03899	1974.64
600236	1959.02
600469	1951.6
002293	1932.68
002085	1926.73
002716	1920.62
300228	1918.5
603609	1901.87
002792	1895.25
00883	1889.64
600221	1888.86
000937	1878.34
002023	1868.32
01177	1862.76
600060	1822.83
300138	1812.8
601377	1773.42
600885	1769.71
000928	1753.99
601933	1743.05
300436	1731.19
002597	1703.68
002400	1700.9
000030	1700.0
601808	1695.28
000983	1693.52
600406	1683.29
600731	1677.79
600352	1667.01
600418	1664.64
300143	1658.8
600297	1636.17
02628	1634.34
002032	1607.72
000089	1600.32
000778	1593.39
601989	1590.84
002103	1552.87
600688	1550.75
002738	1544.67
002013	1521.09
601186	1431.46
601888	1423.21
600436	1419.26
600315	1417.02
600888	1400.66
600822	1398.59
002450	1372.63
002456	1371.2
002736	1366.7
603766	1365.98
600268	1365.91
002588	1361.76
000539	1353.3
002624	1349.94
600438	1344.07
00688	1327.04
002791	1324.44
002570	1319.61
000554	1316.03
00966	1315.0
002083	1272.54
002481	1269.8
002739	1267.72
000488	1253.46
002191	1249.18
000425	1233.84
600426	1215.82
600021	1208.53
02727	1208.06
600837	1205.04
300367	1202.4
002299	1196.61
002234	1180.5
601111	1179.79
601689	1176.8
00489	1172.82
601717	1168.74
600691	1151.98
600428	1150.56
002179	1146.9
000686	1142.38
000581	1137.7
600150	1134.49
600739	1123.4
02186	1113.04
002007	1111.12
600883	1107.65
600216	1085.36
600004	1083.93
000060	1082.88
600990	1081.78
000999	1076.24
600795	1074.5
601211	1061.67
600027	1049.4
600703	1046.43
01359	1043.14
000758	1042.06
600509	1037.44
600072	1022.97
300017	1022.75
002503	1020.64
600499	1020.6
600521	1009.29
000882	1006.32
600125	992.27
600690	987.8
000600	983.2
000877	979.13
600598	976.0
000739	969.32
600085	953.77
600570	942.8
000768	933.32
600251	932.49
002568	931.04
300329	919.62
000883	916.0
000902	904.86
002458	901.76
000911	895.5
300257	892.32
002230	879.82
300267	879.07
300291	868.97
000401	863.94
600153	860.11
002673	859.88
002465	859.38
000735	859.2
600496	855.98
002081	852.22
600132	852.14
300334	847.19
002188	845.0
601118	835.2
300284	831.84
600755	830.26
600535	829.8
600761	819.74
300142	817.5
600963	816.84
600717	806.4
002589	801.48
600872	795.81
601727	789.96
002531	787.89
600759	785.56
300324	773.37
300401	759.4
000972	756.0
002285	752.4
002010	752.0
600022	750.0
002029	747.98
000623	743.76
002221	743.32
600871	738.0
600373	735.68
300303	734.77
002643	732.07
002394	729.83
600335	729.0
002542	728.95
002372	727.52
00392	721.24
002537	719.94
601908	712.0
600223	707.9
002242	703.17
600019	701.59
600160	688.96
600340	688.32
002024	687.0
000783	686.22
002152	664.0
002595	663.21
600420	661.94
601311	655.98
600188	651.6
002821	647.3
600633	635.76
600567	633.5
600489	628.68
002556	623.4
300258	621.96
300096	608.01
600010	604.62
600299	604.24
600536	601.5
600172	590.04
002581	587.58
00857	586.28
002563	574.26
600816	573.26
600723	571.8
600031	568.83
002376	566.56
603308	561.6
002518	556.04
300322	554.4
000521	553.6
600804	548.25
00981	546.64
300100	544.0
002056	536.92
002677	534.34
002063	525.6
600291	513.07
000546	509.28
300033	502.09
002438	497.21
002262	495.33
601375	495.2
601168	487.57
000921	486.1
600007	483.56
300429	480.0
002215	479.1
600600	476.92
600089	474.76
000971	472.83
002042	458.4
603939	450.82
300326	444.8
600198	444.45
600834	444.0
000528	427.64
002462	425.13
600965	419.98
600859	417.84
600208	416.0
000732	413.62
603111	411.6
600419	410.47
002071	409.07
600969	406.36
000748	406.2
300351	396.86
000906	395.71
002384	392.2
600487	390.55
300508	390.2
603298	385.03
601799	385.0
600978	373.6
600350	372.21
002717	371.51
600111	368.1
002123	361.5
000967	358.51
002353	356.47
600376	355.24
000878	354.3
600552	353.86
002075	352.33
601801	351.4
600329	348.8
603616	346.95
300012	345.35
002829	339.75
300011	338.98
600176	334.56
000997	330.31
601566	326.56
002639	314.78
600821	306.37
000157	298.6
600612	296.35
600838	296.02
601390	295.75
600312	295.53
002745	291.92
002466	288.81
603823	277.7
600988	277.56
601258	277.0
603368	276.49
601886	273.07
002069	266.4
002683	266.4
600114	263.14
600475	260.95
300005	260.26
002034	256.49
000960	253.48
600896	247.13
603799	246.19
300113	240.46
002671	240.11
002004	238.9
000975	234.6
300263	232.16
600611	231.66
600562	231.19
300145	229.94
000529	223.02
002104	221.77
600259	215.0
601088	214.22
600128	211.06
002058	208.92
603218	206.4
603085	205.31
000825	203.3
600318	202.54
002192	200.78
000811	195.17
603986	181.44
600549	176.16
000050	172.99
600996	164.43
300133	161.55
000039	159.79
600909	150.45
603366	116.4
603258	108.44
603877	107.98
600503	105.03
002410	104.25
300199	101.77
600736	100.41
600728	94.36
600359	93.9
603660	83.79
600977	79.36
601919	78.6
000619	64.28
002635	59.7
002314	55.09
300200	54.77
603416	53.9
603123	52.5
002627	49.48
000663	49.03
300416	45.69
603858	41.65
002092	41.14
600992	36.49
600597	35.52
601020	34.3
600893	32.08
603000	30.55
603886	30.05
002440	29.74
600399	29.4
002408	28.6
601718	27.72
300327	26.72
603900	23.19
000930	21.77
002832	21.09
002777	18.94
603708	18.58
002818	18.08
300087	17.73
300582	17.6
603577	16.75
300558	16.03
603878	16.0
000752	15.57
603239	14.55
300516	14.33
300512	12.49
002835	12.1
300568	10.73
300537	10.0
300120	9.99
000062	9.94
300565	9.46
603319	8.14
603959	8.09
603131	7.39
603035	7.26
300515	6.95
603819	6.76
002819	6.16
0	6.0
603033	5.98
002799	5.43
603929	4.68
603058	4.27
002828	4.02
000869	3.6
603806	3.24
002838	3.12
000158	2.63
002512	2.61
600338	2.61
000970	2.54
300586	1.88
002840	1.19
002664	0.25
1	0.0