0	24.0
000651	1.122
601318	0.9531
002466	0.8877
002415	0.7794
600519	0.7273
002008	0.7247
600036	0.6968
002456	0.6565
002241	0.6524
002460	0.6466
002236	0.6312
000333	0.5654
000858	0.5331
600104	0.4861
600887	0.4749
000568	0.4719
300136	0.4493
00175	0.4405
002475	0.4297
000963	0.3803
600110	0.354
600056	0.3435
600566	0.3306
600703	0.329
002635	0.3167
601288	0.3111
300115	0.2813
000063	0.2811
601601	0.2809
600406	0.2806
601398	0.2775
600477	0.2711
002508	0.2663
002372	0.2583
000895	0.2499
002450	0.2443
601668	0.2432
002304	0.2387
002411	0.2364
603799	0.2359
600066	0.2279
600867	0.2241
600196	0.223
002310	0.1961
300450	0.1947
300408	0.1904
002271	0.1883
002035	0.1882
601933	0.1795
002714	0.1758
601607	0.1699
02318	0.1681
600884	0.1675
000002	0.1665
600643	0.1658
000661	0.1638
600885	0.1558
600062	0.1483
600998	0.148
300274	0.1451
600031	0.1441
002078	0.1427
00700	0.142
600498	0.1368
600153	0.1362
600660	0.135
600549	0.135
603626	0.1346
601939	0.1317
601088	0.1304
001979	0.1284
300367	0.1274
002202	0.1261
600019	0.1252
600340	0.125
601888	0.1236
002050	0.1225
600529	0.1201
000983	0.1143
600068	0.1137
601169	0.1135
600146	0.1122
300070	0.1121
300433	0.1118
000050	0.1118
600310	0.1112
002027	0.1111
000709	0.1093
002051	0.1088
600585	0.1085
600579	0.1083
600030	0.1083
002217	0.1064
600416	0.1061
002640	0.1054
002019	0.1053
000423	0.1042
600741	0.1041
600809	0.1035
300073	0.1022
601699	0.1022
002583	0.1018
600309	0.1013
002400	0.1011
601111	0.0998
002572	0.0996
01398	0.0994
300267	0.0989
03988	0.0987
300335	0.0981
600298	0.0979
300324	0.0978
000685	0.0965
600362	0.0955
300418	0.0953
600348	0.0949
300285	0.0934
000418	0.0932
00939	0.0931
000513	0.0928
601336	0.0917
600491	0.0908
002142	0.0905
600466	0.0904
002007	0.0903
300104	0.0902
002074	0.0901
600864	0.0893
300182	0.0888
000625	0.0886
600016	0.0884
002570	0.0884
000786	0.0881
002343	0.0854
002185	0.085
600516	0.085
300203	0.0846
002311	0.0834
600969	0.0829
300088	0.0826
601012	0.0822
000725	0.0814
000488	0.0813
300294	0.0808
02020	0.0804
03968	0.0803
600565	0.0799
600276	0.0795
002366	0.0788
603816	0.0779
000401	0.0764
300571	0.0749
600622	0.0747
000776	0.0745
300357	0.0735
300271	0.0734
300323	0.0732
603993	0.0726
600048	0.0714
600681	0.0708
300616	0.0708
600015	0.0697
600835	0.0694
002449	0.0692
600742	0.0683
01336	0.0675
600267	0.0642
002384	0.0631
600085	0.0621
600282	0.062
002298	0.0618
002531	0.0616
02628	0.0614
000400	0.0611
000639	0.0604
300197	0.0599
000403	0.0589
600873	0.0586
000065	0.058
603355	0.058
300364	0.058
300332	0.0573
002146	0.057
300012	0.057
002617	0.057
002368	0.0558
002573	0.0556
601166	0.0555
600270	0.0554
600739	0.0554
600997	0.0553
002223	0.0552
002766	0.0546
002250	0.054
002690	0.0539
000998	0.0534
002192	0.0534
000426	0.0534
00386	0.0532
000878	0.0526
000967	0.0523
600693	0.0522
601997	0.052
002773	0.052
600029	0.052
300456	0.0515
601328	0.0515
601600	0.0511
300122	0.051
002831	0.051
603788	0.0507
002589	0.0502
300316	0.05
000811	0.0499
002138	0.0496
300009	0.0496
02382	0.0495
000700	0.0494
000830	0.0489
300026	0.0486
600985	0.0485
600458	0.048
600775	0.0475
600487	0.0475
002507	0.0475
600584	0.0469
300403	0.0462
002182	0.046
300257	0.0458
002430	0.0457
02018	0.0454
000739	0.045
603833	0.0448
600180	0.0447
601899	0.0445
002340	0.0445
002596	0.0444
600004	0.0444
600188	0.0444
601009	0.0442
000059	0.044
600760	0.044
601717	0.0437
300287	0.0437
600116	0.0436
600893	0.0433
300410	0.0433
600686	0.043
002214	0.042
300033	0.0418
600054	0.0417
300577	0.0415
600089	0.0414
600547	0.0412
002568	0.0408
601155	0.0407
600999	0.0406
300124	0.0405
300188	0.0404
603556	0.0403
603108	0.0399
000028	0.0398
000949	0.0398
01299	0.0395
600183	0.0394
002292	0.0392
000999	0.0391
000863	0.0389
601801	0.0386
600804	0.0385
300340	0.0384
002563	0.0383
000860	0.0383
603020	0.038
601799	0.038
600409	0.0377
002081	0.0373
002131	0.0371
601628	0.037
002108	0.0367
002230	0.0366
002636	0.036
000718	0.036
000807	0.0358
300003	0.0355
601225	0.0354
000910	0.0353
000596	0.0353
00388	0.0352
00857	0.035
600027	0.035
002036	0.0349
600072	0.0347
002541	0.0345
002624	0.0342
600750	0.0342
300225	0.0342
300058	0.0339
000402	0.0336
600271	0.0334
002244	0.0333
603160	0.0333
300166	0.0332
002503	0.0329
600856	0.0325
002239	0.0323
002385	0.0322
02869	0.0321
600426	0.0319
000630	0.0319
000603	0.0318
300049	0.0318
000069	0.0317
002041	0.0313
002126	0.0311
603180	0.031
002110	0.0309
000018	0.0308
02388	0.0307
000779	0.0307
01293	0.0306
000792	0.0306
600390	0.0302
600176	0.0301
002444	0.0301
300308	0.0299
600122	0.0299
300027	0.0297
600581	0.0295
600388	0.0291
600200	0.0291
603158	0.0291
000429	0.0291
000820	0.0288
600894	0.0286
600328	0.0286
300101	0.0282
300347	0.0281
000882	0.0279
600839	0.0279
600511	0.0276
03328	0.0274
600879	0.0274
600688	0.0274
300017	0.0273
600507	0.0272
300251	0.0269
02601	0.0269
300106	0.0269
00762	0.0269
00027	0.0268
000920	0.0266
600691	0.0265
600801	0.0263
600708	0.0261
000997	0.0259
601231	0.0259
600827	0.0258
600875	0.0257
300144	0.0256
600537	0.0253
002494	0.0252
300365	0.0248
000089	0.0245
600826	0.0241
603806	0.024
002174	0.024
002501	0.0239
002532	0.0238
000968	0.0238
300145	0.0237
300467	0.0236
601908	0.0235
000404	0.0235
600028	0.0235
600377	0.0234
01186	0.0228
002517	0.0227
600297	0.0227
000620	0.0226
600706	0.0225
002353	0.0224
603898	0.0215
002426	0.0213
00066	0.0212
600990	0.0212
600850	0.021
000066	0.0209
300146	0.0207
600702	0.0201
603118	0.0198
603899	0.0197
002092	0.0196
600808	0.0194
000338	0.0192
600373	0.0188
601636	0.0187
000030	0.0187
600570	0.0186
603728	0.0186
600963	0.0177
002555	0.0176
002345	0.0176
000524	0.0172
300440	0.0171
600754	0.017
600690	0.0168
300497	0.0167
000587	0.0165
600258	0.0162
601007	0.0159
000026	0.0159
300269	0.0158
600000	0.0153
000671	0.0152
600061	0.015
601788	0.0145
002016	0.0118
000411	0.0113
600079	0.0105
000636	0.0104
002594	0.0099
600738	0.0099
600266	0.0079
600074	0.0072
002539	0.0072
600138	0.0067
600050	0.0063
601989	0.0055
600795	0.0035
601919	0.0017
002859	0.0016
002860	0.0013
601878	0.0012
603801	0.0005
600100	0.0004
603043	0.0004
603679	0.0
603286	0.0