002466	1.4967
002460	0.9468
002456	0.7549
002008	0.6889
002236	0.6138
300136	0.6056
600110	0.551
300450	0.5206
601318	0.4174
002635	0.3871
300115	0.3333
002475	0.3205
002411	0.2896
002050	0.2855
600885	0.2844
603799	0.2689
002415	0.2329
000651	0.2323
600477	0.2289
600183	0.2047
600884	0.2026
000063	0.1935
600406	0.1826
600338	0.1747
002241	0.1727
000823	0.1709
300065	0.1677
300197	0.1657
001979	0.1654
600703	0.1616
002085	0.1609
600549	0.159
002384	0.1535
00700	0.1527
00175	0.1527
300073	0.148
000858	0.147
000333	0.1441
300296	0.1439
002025	0.1436
600036	0.1409
002217	0.1372
603883	0.1352
603626	0.1349
300567	0.1308
300323	0.1282
601211	0.1276
600519	0.1263
300207	0.1259
300408	0.1254
300577	0.125
600056	0.1236
600566	0.1219
600038	0.1196
600340	0.1172
600335	0.117
002311	0.1142
000963	0.1115
002179	0.106
600066	0.1042
002831	0.1031
603939	0.103
300142	0.1013
300616	0.1002
600990	0.0989
002833	0.0989
600887	0.098
601601	0.0979
002636	0.0972
002142	0.0964
300595	0.0962
600362	0.0955
600031	0.0951
002185	0.0948
300365	0.0933
002310	0.0924
000662	0.0897
600686	0.0896
601888	0.0896
300308	0.0877
02018	0.0874
600563	0.0865
601689	0.0848
600146	0.0834
600104	0.0833
300355	0.0825
300340	0.0807
600062	0.0792
600739	0.0789
600079	0.0779
002372	0.0778
002273	0.0774
002665	0.0769
601288	0.0762
002138	0.0757
002508	0.0755
600176	0.0753
000498	0.0742
000895	0.0713
600030	0.0705
300619	0.0703
601088	0.0703
600426	0.0692
600068	0.0689
300226	0.0676
300007	0.0676
000568	0.0669
300337	0.0669
002589	0.0667
600750	0.0667
600603	0.0658
600372	0.0657
600196	0.0657
000878	0.0655
300324	0.065
600360	0.0646
600466	0.0645
600487	0.0641
601699	0.0638
000938	0.0637
000983	0.0636
601688	0.063
600029	0.0615
600015	0.0613
000002	0.0611
601166	0.0601
600998	0.0598
600516	0.0593
601111	0.0581
600893	0.0578
002640	0.0573
000423	0.0569
600348	0.0566
002572	0.056
600997	0.0553
002450	0.0548
600879	0.0545
000597	0.0545
300613	0.0531
002013	0.0527
300252	0.0523
300274	0.0523
601933	0.0518
601607	0.0513
600643	0.0512
601997	0.0511
600298	0.0504
600562	0.0503
002343	0.05
002175	0.0499
02382	0.0495
603078	0.0494
002271	0.0491
603808	0.0488
300097	0.0487
600967	0.0469
300287	0.0461
02318	0.046
300335	0.0457
002188	0.0455
002727	0.0452
603833	0.0448
002570	0.0442
300145	0.0441
000429	0.0441
600660	0.0441
002426	0.0441
002127	0.044
002449	0.0437
300083	0.0435
000338	0.0431
002304	0.0425
300203	0.0423
603869	0.042
002078	0.0419
603186	0.0407
000725	0.0407
300294	0.0404
603993	0.0403
002074	0.0403
002035	0.04
002024	0.0397
603588	0.0396
01299	0.0395
000999	0.0391
600270	0.0384
02020	0.0384
002773	0.0372
002108	0.0367
300571	0.0363
000418	0.0361
00388	0.0352
000830	0.0351
002325	0.0341
000928	0.0329
600718	0.0324
002048	0.0315
300367	0.0307
600004	0.0302
000639	0.0302
300433	0.0292
600388	0.0291
300012	0.0285
002439	0.0279
000661	0.0272
00027	0.0268
600377	0.0234
600808	0.0233
01186	0.0228
600308	0.0215
000900	0.0213
002203	0.0212
00066	0.0212
601339	0.0212
600269	0.021
600229	0.0209
000069	0.0207
000581	0.0202
600816	0.0196
000543	0.0187
600856	0.0185
002244	0.0178
600622	0.0173
600309	0.0166
000540	0.0166
002354	0.0164
002221	0.0164
601012	0.0161
002081	0.0149
000960	0.0134
000997	0.0128
002092	0.0123
000776	0.0111
600160	0.0106
600085	0.0095
002564	0.009
600498	0.0085
002019	0.0067
000488	0.0066
000400	0.0066
600409	0.0065
600050	0.0063
600755	0.0063
600499	0.0062
600312	0.0061
601989	0.0055
600795	0.0035
601919	0.0017
002859	0.0016
002860	0.0013
601878	0.0012
600100	0.0004
603801	0.0003