000333	190895.0
601318	148327.48
600887	139994.41
600693	132137.2
002415	129507.48
000651	129430.01
002366	123672.08
002694	121921.84
002475	121474.57
002153	113650.0
600703	112876.83
002236	112497.71
002466	106511.02
002311	99870.11
002310	98131.6
600196	86334.45
600056	85912.61
600660	76021.21
600519	75013.15
002456	74987.8
000568	74200.62
000858	73666.76
600622	72444.48
002572	71194.88
002103	70453.85
002384	69635.58
00175	69593.0
000034	69270.42
300197	65209.88
300136	62928.94
300159	62901.16
002464	62861.12
300296	61897.02
300225	61353.94
601933	60647.15
600409	53458.77
002555	50386.17
300050	49222.32
601012	49150.7
603799	48695.59
300408	46563.03
600030	45722.12
002460	44827.71
300115	44731.51
600068	42169.0
002217	41965.18
002343	40342.91
300365	40323.61
300156	39875.18
601607	39840.18
000820	39684.43
002035	39271.68
601717	38997.78
600566	37841.63
002680	37318.08
000418	37140.33
002185	36780.89
300355	36273.2
001979	36168.84
300450	35817.17
002008	35511.89
300145	34805.91
002078	34497.38
002617	34459.96
002271	33480.27
002027	33350.31
000488	32730.96
02020	32527.11
300456	32407.44
600681	32155.75
600884	31871.92
300567	31235.5
002120	30951.31
002833	30683.25
002766	30426.78
600885	30395.21
002531	30375.66
002624	29439.92
600723	29256.22
002439	28755.62
300616	28679.06
002180	28539.47
600500	28524.57
002508	28238.08
002614	28108.81
600967	27893.1
002273	27825.24
600426	27738.98
600233	27632.44
600340	27301.83
601888	27223.54
002450	27175.47
002045	27062.08
002340	26875.79
600110	26773.76
300458	26366.05
000538	25571.13
600038	25534.91
600036	25532.77
601601	25503.02
300033	25281.36
600176	25247.87
300097	24739.46
002635	24457.23
600389	24128.78
000063	23582.28
002714	23244.94
300007	22759.99
002126	22696.79
002400	22071.19
002583	22012.94
600258	21941.79
002419	21857.14
000423	21499.19
002179	21455.49
000776	21314.11
300367	21271.68
600031	21109.1
601233	20818.92
300166	20772.79
300308	20538.0
000513	20436.22
002599	20273.11
300101	20046.69
300335	19808.81
601398	19808.19
300279	19764.32
300287	19638.17
002138	19618.54
600089	19592.83
300607	19433.7
300476	19196.06
300316	19155.87
603006	19014.67
603899	18842.34
601668	18706.26
600690	18676.38
002195	18510.41
600867	18379.07
002260	18066.25
600491	17949.36
603111	17920.9
000823	17736.46
002241	17685.09
300568	17603.33
603158	17596.99
300340	17574.22
300403	17554.85
300383	17504.71
002411	17421.7
600742	17204.08
600827	17062.23
603883	16992.17
300231	16989.18
000830	16949.92
600990	16923.15
600335	16895.28
000811	16751.32
600584	16502.78
603208	16330.1
000417	16303.26
002146	16261.35
600406	16179.44
600674	16092.53
300595	16087.78
002449	16053.2
600282	15966.78
601997	15853.0
600085	15649.28
600507	15420.27
002773	15390.63
601799	15345.02
300267	15192.79
600741	15161.64
002640	14653.51
000768	14533.08
000915	14384.04
300467	14289.0
002175	14179.08
600893	13996.67
002142	13989.33
300252	13956.0
002050	13890.29
600879	13452.99
300623	13440.07
300503	13327.4
000998	13256.84
300310	13206.86
00991	12958.95
603197	12860.06
002127	12730.25
002117	12624.98
601111	12595.26
000400	12583.34
000661	12509.13
000938	12472.55
300212	12466.79
600104	12444.75
002829	12371.25
603179	12332.28
600900	12304.0
002589	12213.34
600487	12175.13
600062	11933.45
603869	11920.21
300070	11798.78
000519	11682.8
300447	11668.41
600593	11656.04
002743	11617.12
603678	11456.48
002247	11311.28
600993	10890.14
002077	10767.0
002139	10713.24
000901	10701.04
603579	10605.79
002192	10521.59
00916	10352.55
600016	10261.54
000967	10239.96
603788	10093.15
603868	10083.61
002387	9942.12
300232	9833.94
002522	9820.11
600779	9722.39
600531	9666.25
603228	9652.92
002239	9395.57
601021	9328.39
600337	9245.63
002529	9169.3
600048	9152.17
601166	9058.9
002073	9056.31
600998	9032.44
002662	9005.57
603128	8888.89
002434	8873.24
002399	8819.54
002368	8812.05
002507	8709.48
600339	8697.17
000821	8610.45
002609	8505.68
603337	8495.19
000050	8479.85
600297	8460.13
300338	8410.94
300188	8404.46
600277	8392.5
002465	8335.53
002367	8315.92
603589	8281.03
600338	8263.44
603556	8251.23
300577	8217.65
002230	8199.45
000711	8132.4
603626	8029.95
000662	7946.71
300207	7837.58
600563	7824.2
601006	7824.07
002049	7693.34
600718	7643.0
000921	7622.28
300196	7552.21
603005	7431.01
600079	7391.94
002094	7338.04
600309	7220.96
000567	7198.97
600547	7116.78
000065	7108.81
300017	7101.64
300122	7100.44
002530	7040.94
601988	7009.49
601989	6990.21
600856	6986.93
300210	6983.84
300124	6935.58
600270	6872.84
000028	6844.93
300337	6794.31
600971	6768.56
600114	6714.02
000928	6666.76
002157	6625.51
300068	6598.5
603306	6590.65
600489	6583.59
300144	6581.68
600845	6573.83
600477	6568.87
002206	6559.17
600188	6488.73
600525	6374.43
601688	6313.85
300226	6305.37
600958	6275.03
300083	6258.79
600029	6156.98
300619	6147.36
600054	6139.76
601699	6131.66
600261	6068.37
600028	5930.0
600572	5812.81
600201	5808.23
600549	5789.4
603186	5773.95
300244	5760.7
600603	5760.42
002706	5746.79
000910	5733.07
002051	5721.48
300078	5672.26
600360	5650.11
002150	5640.0
600873	5624.31
600019	5562.49
603601	5481.45
300065	5463.22
002494	5406.67
300302	5403.08
600985	5315.41
603737	5284.95
000862	5272.11
603108	5264.71
600865	5237.68
300009	5178.33
600765	5124.82
600458	5108.66
300058	5106.74
002739	5097.68
002262	5051.02
300142	5017.66
603517	4859.82
600686	4827.37
300347	4822.05
300015	4781.01
600004	4742.43
002202	4651.8
300433	4635.03
000937	4593.98
002354	4517.36
600809	4509.7
300285	4248.21
600862	4218.12
600419	4197.62
002436	4175.33
600150	4172.64
603686	4165.17
000018	4134.08
600383	4130.7
600666	4080.57
000681	4071.64
002705	4044.34
000997	3979.6
603888	3977.99
002537	3897.98
002013	3881.14
601288	3775.98
600582	3763.8
000606	3754.82
300001	3688.8
600373	3665.84
300364	3608.59
002110	3589.52
603816	3586.86
603716	3566.08
300346	3547.57
002332	3491.57
600388	3465.83
600850	3389.44
600195	3339.9
600015	3315.17
002174	3299.6
002437	3278.91
300603	3273.29
300324	3219.95
600498	3202.42
603588	3178.84
00700	3167.17
600118	3165.67
000725	3159.93
600620	3141.93
603368	3138.09
601088	3124.05
002727	3120.68
600872	3111.0
600184	3096.39
000628	3069.57
601600	3061.08
603008	3046.22
300184	3027.2
000801	3015.5
000963	3001.33
600999	2897.14
600197	2893.56
300114	2864.3
300116	2851.5
000826	2843.67
000881	2839.87
600826	2801.14
000049	2795.03
600153	2787.32
002365	2779.27
600792	2656.29
600777	2628.16
300418	2610.16
002425	2589.88
600784	2550.47
000001	2409.0
000906	2381.75
000970	2354.64
002517	2313.88
600875	2289.62
300092	2270.89
300463	2263.74
002188	2251.91
300088	2229.28
002048	2211.58
300038	2202.96
600750	2197.35
300409	2179.64
601328	2174.56
002036	2172.56
002396	2166.42
600501	2154.09
600760	2152.8
002444	2150.04
300323	2108.2
000671	2055.94
600073	1995.96
603099	1989.68
002596	1971.03
000983	1960.62
600315	1947.0
002675	1914.86
601169	1910.14
601336	1872.72
002665	1869.04
300271	1835.3
000756	1818.95
002007	1810.18
603808	1780.38
002468	1778.7
600066	1755.63
600021	1741.99
600562	1734.75
600682	1734.3
600180	1728.07
601899	1721.04
601628	1703.7
000002	1683.0
002777	1670.4
002123	1666.5
002581	1664.69
002131	1655.41
601231	1640.12
300457	1635.85
603818	1610.26
000786	1607.84
600348	1480.68
600316	1447.54
000876	1427.79
600000	1421.6
000807	1383.64
002372	1368.78
002245	1353.21
000630	1309.92
600328	1301.64
600596	1293.36
600677	1288.7
002520	1283.44
300527	1256.18
002338	1246.1
603993	1244.86
600240	1241.72
000603	1229.26
601689	1219.11
002294	1216.35
000920	1209.79
02018	1185.93
300424	1179.25
601211	1148.97
002496	1138.16
603660	1136.09
002223	1132.74
002221	1131.99
300133	1107.58
000669	1105.57
002685	1091.6
000700	1034.72
000800	1024.94
300110	1013.21
300406	1004.06
603160	1003.0
002435	987.3
601009	986.94
600518	980.69
002430	952.65
300106	942.11
000779	923.33
600702	914.05
600420	910.02
600816	893.14
03311	892.85
600329	882.68
600011	878.16
600372	868.5
603968	868.42
002304	867.7
300410	861.21
300613	856.06
600109	849.23
002831	840.0
000411	827.78
300294	824.8
603078	810.34
300303	803.87
300309	792.63
000403	773.5
600667	766.7
600060	750.92
03968	741.95
300284	729.45
000960	709.62
600570	705.16
601939	676.5
300630	642.45
02388	641.85
01293	641.18
02318	625.16
600138	614.11
300061	601.89
300025	590.25
600266	573.17
600894	568.32
600100	564.8
00762	563.8
603728	559.96
600581	553.05
601991	548.14
002564	547.8
300452	536.25
02238	535.07
601677	531.96
000895	530.8
600074	529.18
00388	525.44
002539	522.61
002501	517.56
01336	516.85
000426	489.02
601818	486.0
300203	483.66
600966	480.1
002543	475.18
600116	467.75
600511	466.17
002690	466.1
601098	460.85
601225	455.59
600499	451.71
600713	450.41
000620	448.59
600587	444.5
601186	443.74
000537	441.07
600516	426.6
002426	422.4
600685	417.1
000066	414.39
300113	398.93
002500	382.43
002101	382.24
600276	378.21
000900	377.84
000666	374.9
300306	372.28
600886	370.48
000036	369.19
600298	367.34
000030	362.34
600497	361.95
002203	360.2
000936	351.43
000521	347.65
300073	345.67
600643	326.2
000540	308.23
600657	307.52
300182	283.88
000625	281.08
002081	276.04
002182	275.7
300257	274.04
603600	250.75
002590	238.31
600804	230.67
600160	216.54
600961	184.82
600115	179.95
002215	172.41
000525	172.33
600362	172.31
000707	170.32
000338	153.65
002413	149.18
002032	149.05
600699	141.2
603355	139.28
600166	138.59
002019	135.27
000758	132.42
600183	131.54
300183	129.02
600755	128.59
002055	128.42
600312	125.03
600221	120.52
601155	119.58
603885	112.64
600522	108.45
300602	101.95
000089	100.14
601666	97.38
601998	93.6
300291	80.02
300063	73.06
600410	70.88
300525	70.5
002071	69.72
300494	69.57
0	24.0
603286	1.35
002879	1.06