601318	12
002466	12
000651	12
600703	10
002008	10
002456	9
002415	9
600519	9
000333	9
600036	8
002460	8
002475	8
002311	7
600887	7
300136	7
002236	6
000568	6
601398	6
601601	6
601166	6
002273	5
002450	5
000063	5
002241	5
600409	5
000858	5
300115	5
000418	5
300408	5
002508	5
600089	5
0	4
600153	4
002640	4
002027	4
300083	4
600426	4
600584	4
300450	4
600030	4
603799	4
601328	4
300567	4
600566	4
002384	4
002635	4
601668	4
002185	4
601288	4
600884	4
601600	4
600062	4
600016	4
300365	4
000830	4
002343	4
601933	4
002572	3
002050	3
600660	3
600201	3
601006	3
002230	3
000661	3
601699	3
002411	3
600104	3
000963	3
002833	3
300335	3
601988	3
000630	3
600867	3
000915	3
002035	3
002589	3
600562	3
000776	3
603660	3
600622	3
600487	3
000820	3
600388	3
300403	3
600879	3
600196	3
600197	3
600056	3
002439	3
600885	3
601607	3
600497	3
600309	3
600990	3
300316	3
300097	3
000725	3
601012	3
000756	3
002127	3
600693	3
600110	3
300287	3
002195	2
002117	2
600073	2
002599	2
000998	2
002624	2
300078	2
300070	2
600856	2
600850	2
002529	2
600581	2
000400	2
600240	2
000811	2
600406	2
600816	2
002564	2
603108	2
600865	2
601717	2
603626	2
000910	2
002583	2
600563	2
300188	2
002739	2
300340	2
601666	2
002496	2
300447	2
000960	2
002078	2
002174	2
000002	2
300231	2
300232	2
603899	2
600875	2
002675	2
300302	2
300308	2
600000	2
300156	2
601998	2
002354	2
600873	2
300383	2
002138	2
300476	2
600777	2
300279	2
002434	2
002436	2
300197	2
300296	2
002310	2
002262	2
601233	2
002048	2
600491	2
600499	2
603883	2
603337	2
000937	2
600068	2
000423	2
300310	2
002444	2
600019	2
600549	2
000681	2
300616	2
002221	2
601169	2
601088	2
002120	2
002537	2
603868	2
002013	2
300210	2
600337	2
600233	2
002714	2
00700	2
00175	2
601888	2
603006	2
000488	2
002271	1
000030	1
002372	1
000628	1
600893	1
601225	1
300364	1
002051	1
600958	1
300252	1
300257	1
002110	1
000970	1
300494	1
600150	1
000028	1
01293	1
603186	1
600074	1
000537	1
600373	1
000538	1
000921	1
000920	1
600985	1
300088	1
002596	1
600383	1
002590	1
600477	1
300291	1
000997	1
300603	1
300607	1
600270	1
600276	1
300073	1
002332	1
601186	1
000669	1
000662	1
000666	1
601677	1
300106	1
300101	1
002522	1
603816	1
000065	1
600582	1
600587	1
002247	1
002245	1
300452	1
600750	1
601211	1
600755	1
600038	1
603818	1
600031	1
02318	1
002413	1
002142	1
300203	1
002094	1
600328	1
002665	1
002662	1
000567	1
002465	1
02388	1
002468	1
300338	1
000700	1
03968	1
600690	1
300144	1
002203	1
002365	1
002366	1
600718	1
600593	1
600862	1
600713	1
600329	1
002101	1
300568	1
000036	1
002192	1
600784	1
603197	1
300503	1
600666	1
000521	1
603968	1
600792	1
600360	1
300017	1
002036	1
002032	1
002581	1
600971	1
300630	1
000983	1
00762	1
300068	1
300346	1
300347	1
300061	1
300063	1
600282	1
603556	1
600826	1
600827	1
300065	1
00916	1
300114	1
000603	1
300113	1
001979	1
002555	1
300525	1
002399	1
600742	1
600620	1
603099	1
600183	1
603808	1
000967	1
002175	1
002071	1
600489	1
600525	1
000001	1
600138	1
601336	1
000411	1
600258	1
600312	1
600315	1
600316	1
000823	1
000826	1
600967	1
300306	1
300303	1
002773	1
300309	1
600410	1
300015	1
000786	1
601991	1
002217	1
300409	1
603111	1
300406	1
600702	1
002829	1
601098	1
600681	1
002139	1
600685	1
002500	1
02020	1
600674	1
02018	1
300595	1
002182	1
600507	1
603888	1
600195	1
000513	1
002435	1
002437	1
600511	1
600516	1
601688	1
002766	1
000049	1
002727	1
300196	1
300058	1
000906	1
300294	1
600420	1
000900	1
600297	1
601899	1
601111	1
000938	1
002543	1
002387	1
000089	1
601231	1
002045	1
002049	1
300225	1
600498	1
600085	1
000018	1
000540	1
000936	1
600998	1
600999	1
00991	1
300092	1
600547	1
000338	1
300166	1
300619	1
300613	1
600011	1
300367	1
600266	1
600261	1
300007	1
300001	1
600845	1
002831	1
002123	1
002126	1
002081	1
002539	1
002530	1
002531	1
601939	1
300267	1
600603	1
603600	1
000050	1
600160	1
600765	1
600184	1
600028	1
600029	1
600180	1
603869	1
600021	1
600188	1
603788	1
002019	1
300212	1
600118	1
603306	1
600335	1
000807	1
000801	1
300285	1
300284	1
300323	1
600348	1
002304	1
603005	1
600804	1
300623	1