000651	122
000858	100
600519	90
000568	73
600068	68
000333	61
000423	55
000963	53
002475	51
600887	46
002456	43
002572	42
601318	42
300156	42
600104	41
002236	37
600056	36
002241	35
002508	34
300136	33
600703	31
002415	30
300115	29
600036	28
300145	28
002035	28
000538	27
600276	26
601328	26
002466	25
601398	25
601607	25
002043	25
601009	24
000065	24
002635	24
600518	24
600196	23
600340	23
002310	21
600900	21
300197	20
002450	20
601166	20
002008	20
000928	19
601186	19
002142	19
601668	19
002460	19
300408	19
600048	18
600779	18
300296	18
002311	18
601933	18
601939	18
000063	17
600741	17
000049	17
002185	17
600298	17
601288	17
600089	17
600660	16
002007	16
600028	16
600332	16
600584	15
000910	15
002217	15
600309	15
601012	15
600110	15
002304	15
000661	14
002589	14
000820	14
600643	14
300072	13
600029	13
000895	13
002051	12
002050	12
600079	12
601988	12
001979	12
600487	12
000418	12
601155	12
002434	12
600885	12
002273	11
002271	11
000028	11
600201	11
300450	11
603589	11
600522	11
601336	11
601800	11
002045	11
600166	11
601006	10
300203	10
600109	10
600240	10
300144	10
600867	10
000921	10
603808	10
002507	10
601117	10
300433	10
600066	10
600019	10
002714	10
600258	9
002117	9
600030	9
600585	9
000968	9
600566	9
300083	9
600622	9
000001	9
000786	9
002138	9
002509	9
002640	9
300355	9
600886	9
000018	9
000338	9
600690	9
601888	9
0	8
300070	8
600038	8
002299	8
002583	8
000089	8
000596	8
601689	8
600009	8
601628	8
601111	8
300124	8
600884	8
300285	8
000625	7
002372	7
603588	7
600426	7
600477	7
600535	7
300207	7
000967	7
600146	7
002581	7
300068	7
000513	7
601899	7
600015	7
00700	7
002343	7
002120	7
002019	7
600116	7
000711	7
300161	7
601633	6
000925	6
002024	6
300088	6
000999	6
600750	6
002094	6
002366	6
002511	6
002195	6
601997	6
300065	6
000776	6
601818	6
002250	6
600521	6
300232	6
300015	6
600879	6
603686	6
300271	6
02018	6
002431	6
600674	6
002384	6
002262	6
601601	6
600016	6
603833	6
000725	6
601169	6
002127	6
002179	6
600183	6
603898	6
600338	6
00175	6
600809	6
002570	5
600273	5
000768	5
300456	5
603818	5
002462	5
000630	5
601766	5
002108	5
601717	5
600760	5
002555	5
00371	5
600406	5
000002	5
600525	5
600312	5
000823	5
600963	5
03888	5
300308	5
000739	5
600872	5
600197	5
02238	5
600511	5
000581	5
300129	5
600491	5
600686	5
300097	5
600547	5
300365	5
600593	5
002400	5
600502	5
002081	5
600153	4
600155	4
002027	4
603355	4
000998	4
002624	4
002479	4
601699	4
002426	4
600033	4
002411	4
002060	4
000400	4
002664	4
002705	4
000541	4
300332	4
300142	4
000799	4
002202	4
002568	4
600718	4
002103	4
002192	4
603626	4
600664	4
000915	4
002036	4
002636	4
02020	4
600820	4
000778	4
002078	4
600409	4
603899	4
601333	4
600966	4
600000	4
300011	4
600873	4
002530	4
600176	4
600195	4
002003	4
603377	4
300122	4
600739	4
002368	4
002044	4
002683	4
000425	4
600305	4
002616	4
300367	4
300003	4
002222	4
601088	4
600693	4
600489	4
600114	4
600436	4
300324	4
300138	4
603008	4
601857	4
600452	3
002573	3
603388	3
000970	3
300258	3
002677	3
600373	3
000923	3
002694	3
600297	3
000860	3
600271	3
002332	3
002230	3
300100	3
002480	3
002244	3
000069	3
603778	3
603678	3
603799	3
002410	3
002258	3
603703	3
600325	3
000403	3
000401	3
000404	3
000811	3
000709	3
300418	3
601390	3
603108	3
601366	3
000402	3
000039	3
002294	3
600376	3
600667	3
002032	3
603366	3
603368	3
600562	3
000980	3
002739	3
00939	3
002074	3
600520	3
601965	3
603328	3
600138	3
600967	3
002675	3
300306	3
300302	3
002773	3
600557	3
000789	3
603338	3
603111	3
002353	3
600702	3
002502	3
300476	3
600060	3
002439	3
000800	3
002394	3
600420	3
000888	3
002398	3
601233	3
600498	3
600085	3
000429	3
600998	3
600993	3
300310	3
300316	3
600399	3
600466	3
002614	3
002223	3
603288	3
600691	3
002085	3
600335	3
300284	3
300568	3
002303	3
00005	3
300031	3
300137	3
002277	2
002279	2
002376	2
601225	2
601228	2
300364	2
000821	2
603939	2
300393	2
603737	2
01398	2
601901	2
002285	2
600072	2
002026	2
600985	2
600987	2
0371	2
300089	2
600383	2
00981	2
600578	2
000869	2
600208	2
000997	2
600429	2
002235	2
000669	2
000666	2
601179	2
300106	2
300104	2
600581	2
002245	2
002020	2
01299	2
002146	2
603579	2
600031	2
02318	2
600600	2
601595	2
002463	2
02388	2
03968	2
300148	2
000797	2
03311	2
600372	2
002567	2
002564	2
600105	2
000027	2
00867	2
300244	2
600143	2
000919	2
300017	2
600926	2
600219	2
000983	2
300183	2
300061	2
600285	2
603556	2
601669	2
600735	2
300351	2
603040	2
000606	2
002554	2
002493	2
600742	2
00570	2
601618	2
002029	2
300231	2
600485	2
600132	2
300336	2
000829	2
000417	2
000826	2
600256	2
002672	2
000550	2
300303	2
002777	2
600004	2
600419	2
600559	2
00874	2
601107	2
002601	2
00027	2
601998	2
002358	2
300406	2
601098	2
600682	2
002756	2
002180	2
002188	2
601377	2
600054	2
600198	2
300025	2
600456	2
002430	2
002497	2
300054	2
002727	2
300058	2
300294	2
002314	2
600835	2
600837	2
603018	2
603019	2
600308	2
300078	2
601058	2
600306	2
002387	2
000848	2
600637	2
000100	2
601600	2
002047	2
002048	2
300224	2
603883	2
002680	2
00494	2
600990	2
02382	2
000949	2
000948	2
00388	2
300007	2
002341	2
601678	2
600392	2
002838	2
600699	2
002126	2
002128	2
300267	2
000059	2
000697	2
603768	2
300463	2
600803	2
600020	2
002013	2
300212	2
000807	2
300049	2
300287	2
000975	2
000718	2
603005	2
600804	2
300033	2
300038	2
600586	1
300426	1
600723	1
600897	1
601229	1
600267	1
600787	1
002053	1
000153	1
600784	1
601555	1
01112	1
300252	1
03988	1
300392	1
00914	1
300496	1
600151	1
300498	1
01093	1
000530	1
000539	1
600377	1
300084	1
002022	1
600011	1
300081	1
002690	1
002595	1
002458	1
600389	1
600362	1
600352	1
603986	1
601919	1
601008	1
01530	1
601000	1
600270	1
002338	1
600856	1
600855	1
600850	1
603179	1
603178	1
600859	1
603806	1
601677	1
002521	1
603996	1
603816	1
000882	1
000066	1
002247	1
002242	1
600614	1
000951	1
600751	1
601211	1
603017	1
300204	1
300202	1
002090	1
002666	1
600977	1
000567	1
002669	1
002464	1
002709	1
002468	1
000960	1
000965	1
300337	1
300257	1
000032	1
300588	1
000708	1
00966	1
000705	1
600816	1
002841	1
000792	1
300021	1
300147	1
000020	1
002200	1
002204	1
601985	1
002562	1
300410	1
000678	1
600864	1
600713	1
00902	1
600327	1
002101	1
600919	1
600565	1
000035	1
300567	1
600661	1
600792	1
000911	1
000916	1
300432	1
02282	1
002422	1
002421	1
000553	1
601566	1
01336	1
600167	1
000597	1
000590	1
300180	1
002270	1
000516	1
300188	1
002638	1
002637	1
002738	1
300340	1
300347	1
300064	1
002322	1
300012	1
600823	1
600731	1
600827	1
300349	1
601666	1
002707	1
300116	1
300113	1
603989	1
600888	1
601688	1
300447	1
002396	1
000070	1
002390	1
002391	1
300526	1
002252	1
600745	1
300273	1
603868	1
02386	1
600027	1
002172	1
002175	1
00934	1
603611	1
002076	1
300238	1
600486	1
000411	1
000415	1
600315	1
000822	1
600255	1
002599	1
600007	1
00392	1
00257	1
600008	1
000952	1
002414	1
02628	1
002160	1
601021	1
01658	1
002600	1
002609	1
300159	1
000783	1
300152	1
601991	1
002214	1
000608	1
002351	1
601799	1
600708	1
600062	1
300383	1
002821	1
600688	1
600681	1
600685	1
600117	1
300274	1
300275	1
00285	1
002503	1
600172	1
002182	1
600775	1
600771	1
600192	1
000519	1
600055	1
002002	1
002004	1
600128	1
300279	1
600458	1
600528	1
000529	1
002766	1
300141	1
002643	1
603303	1
600425	1
300291	1
002701	1
600428	1
300299	1
03993	1
000887	1
600833	1
600834	1
000881	1
000938	1
002399	1
002541	1
002383	1
000930	1
002385	1
601231	1
600633	1
600635	1
000166	1
002049	1
300226	1
002162	1
300229	1
601877	1
300545	1
603979	1
603727	1
000543	1
600061	1
600050	1
300312	1
00991	1
300317	1
002449	1
01316	1
600461	1
01919	1
002765	1
000729	1
000728	1
002308	1
02899	1
300590	1
01186	1
600894	1
002611	1
600266	1
300362	1
300009	1
002340	1
000756	1
600115	1
000615	1
603169	1
600845	1
603515	1
002174	1
002831	1
002833	1
002087	1
600597	1
600594	1
300263	1
600169	1
06881	1
603601	1
300461	1
600768	1
000682	1
603866	1
300101	1
600188	1
000504	1
002153	1
600527	1
300219	1
300214	1
600509	1
600500	1
603306	1
600337	1
002716	1
300323	1
000978	1
000876	1
01928	1
603006	1
000899	1
600801	1
300621	1
300134	1
000878	1