002371	9
300296	9
300073	8
300389	7
300207	6
000568	6
002179	6
600489	6
600885	6
600547	6
300136	6
0	5
002418	5
002466	5
300336	5
300145	5
002368	5
300304	5
601799	5
002138	5
600779	5
002007	5
600519	5
300367	5
300252	4
600988	4
002594	4
002522	4
603799	4
600667	4
002635	4
601069	4
000002	4
600559	4
600702	4
600459	4
601899	4
600887	4
002049	4
603883	4
600990	4
300008	4
300101	4
002155	4
002400	4
300219	4
600338	4
002716	4
000975	4
000821	3
002281	3
002458	3
002456	3
002450	3
600203	3
300379	3
002338	3
002230	3
600855	3
000661	3
002247	3
002245	3
300458	3
300456	3
002108	3
002511	3
000910	3
002583	3
300340	3
300342	3
300065	3
002322	3
000901	3
002460	3
300114	3
000070	3
603898	3
002675	3
002773	3
600419	3
300017	3
002215	3
002508	3
300279	3
600199	3
603158	3
002549	3
002048	3
002339	3
000423	3
300310	3
002445	3
300161	3
300365	3
002340	3
002010	3
300213	3
300210	3
600110	3
600335	3
002273	2
002056	2
300258	2
002117	2
000021	2
600382	2
600479	2
300373	2
002236	2
000748	2
6	2
000060	2
600109	2
000810	2
002662	2
600593	2
300245	2
002513	2
002299	2
300012	2
002297	2
600666	2
600360	2
600362	2
002035	2
002745	2
002380	2
603368	2
000983	2
002733	2
600289	2
002325	2
300115	2
300112	2
002394	2
002077	2
600521	2
600520	2
600316	2
000418	2
002673	2
002672	2
600570	2
300300	2
300302	2
600000	2
002609	2
300159	2
300011	2
000601	2
002472	2
300278	2
300195	2
002643	2
300299	2
300128	2
002547	2
300047	2
300223	2
300410	2
600066	2
600303	2
300098	2
600391	2
000687	2
300007	2
002224	2
600845	2
300261	2
002533	2
002151	2
600337	2
002659	2
300284	2
300287	2
000971	2
300322	2
300326	2
000650	2
002303	2
002301	2
002304	2
000718	2
603009	2
300033	2
002279	1
300420	1
600721	1
002593	1
601225	1
002727	1
300250	1
300256	1
002572	1
002111	1
300395	1
600150	1
300491	1
300493	1
000028	1
300003	1
300499	1
601318	1
600651	1
601311	1
000532	1
300058	1
300084	1
300080	1
002695	1
002694	1
600987	1
300089	1
600386	1
002452	1
600478	1
600576	1
603456	1
002475	1
600200	1
000997	1
002743	1
601009	1
002627	1
300178	1
300377	1
300370	1
300072	1
000848	1
300075	1
002239	1
600850	1
300102	1
300100	1
002527	1
002521	1
601699	1
600580	1
300512	1
600584	1
600589	1
002243	1
002240	1
002241	1
600612	1
600619	1
300457	1
600756	1
600038	1
002413	1
002415	1
600271	1
002065	1
600537	1
300202	1
002094	1
603703	1
603701	1
000402	1
600240	1
002664	1
002665	1
000561	1
002462	1
002709	1
002706	1
000967	1
300335	1
002123	1
600816	1
601137	1
300025	1
300022	1
300143	1
000799	1
300144	1
002206	1
002565	1
002367	1
002366	1
002361	1
000638	1
601788	1
600715	1
600713	1
600093	1
002098	1
600325	1
300244	1
300247	1
002103	1
300260	1
002534	1
002292	1
300266	1
002191	1
7	1
002428	1
600604	1
002421	1
002427	1
002425	1
601566	1
000089	1
600219	1
000596	1
000593	1
002639	1
300182	1
300183	1
300068	1
000858	1
601198	1
600821	1
600826	1
601668	1
300118	1
001979	1
603111	1
002555	1
601688	1
600984	1
000078	1
002398	1
300449	1
002324	1
600745	1
600741	1
601208	1
002781	1
002780	1
300508	1
002079	1
002078	1
002072	1
002074	1
002076	1
300238	1
600528	1
600485	1
300236	1
603718	1
002152	1
600136	1
000829	1
000413	1
002402	1
300233	1
603939	1
600967	1
000550	1
002599	1
300303	1
600557	1
000957	1
000951	1
002605	1
002600	1
000783	1
300016	1
300156	1
601998	1
600439	1
300409	1
300408	1
000606	1
002350	1
002351	1
600703	1
3	1
002133	1
600682	1
603686	1
300274	1
300271	1
600677	1
000043	1
300471	1
002180	1
002183	1
600056	1
600054	1
600198	1
002001	1
002006	1
002439	1
600452	1
000581	1
300054	1
300056	1
300198	1
300197	1
300196	1
300191	1
300297	1
300444	1
000903	1
600298	1
300359	1
300356	1
300353	1
300351	1
603012	1
000887	1
603010	1
000889	1
601111	1
300078	1
000426	1
600276	1
002543	1
002546	1
002548	1
002383	1
601800	1
002384	1
002260	1
300076	1
002041	1
600497	1
300226	1
300224	1
300380	1
300382	1
600498	1
600122	1
300329	1
600309	1
000540	1
600305	1
002443	1
002688	1
000513	1
300316	1
300091	1
300095	1
300097	1
002218	1
000727	1
002532	1
000685	1
000333	1
002614	1
002617	1
300160	1
000835	1
300005	1
600268	1
300369	1
002343	1
002341	1
002227	1
600699	1
002126	1
002124	1
002083	1
601933	1
300503	1
300507	1
600595	1
300263	1
300267	1
002535	1
000059	1
300468	1
603601	1
000050	1
300467	1
603609	1
600184	1
600029	1
603866	1
600188	1
603788	1
002019	1
002013	1
002409	1
300212	1
603308	1
600115	1
300232	1
600330	1
000802	1
300041	1
002714	1
002718	1
300049	1
002657	1
002656	1
300285	1
000978	1
300325	1
000651	1
300138	1
000895	1
603002	1
002611	1
300031	1
300137	1
300133	1
300131	1