300136	0.7934
300115	0.7769
002456	0.7289
002572	0.6747
002475	0.6267
600056	0.6056
300197	0.46
002310	0.4215
002217	0.4167
000651	0.389
002236	0.3807
002589	0.3717
002415	0.3595
300156	0.353
000423	0.3492
300145	0.3377
002466	0.3327
000065	0.3185
000963	0.309
000568	0.294
002043	0.2854
002460	0.2777
600068	0.2708
600703	0.2616
000858	0.2592
002035	0.2539
000820	0.2464
600522	0.2344
002045	0.2281
000333	0.2247
300355	0.2206
300296	0.2184
002411	0.2111
002635	0.2075
002241	0.1979
002508	0.1914
600240	0.1849
002008	0.1823
300450	0.1688
601689	0.1664
600887	0.166
000928	0.1595
600519	0.1587
002384	0.1563
601318	0.1526
600196	0.1489
002511	0.1479
300161	0.1473
002311	0.1471
002709	0.1449
300308	0.1422
300097	0.1415
002332	0.134
601607	0.1331
600867	0.1286
002583	0.1222
600201	0.121
600146	0.1126
002195	0.1113
600518	0.111
300476	0.1072
000049	0.1069
600183	0.1052
600487	0.1048
002120	0.1034
000661	0.1024
600864	0.1012
600834	0.0959
002343	0.0957
002479	0.0946
000998	0.0945
300088	0.093
002273	0.0918
300406	0.0911
002640	0.0892
600768	0.0881
600009	0.0875
000039	0.0875
002530	0.0872
002609	0.0867
002462	0.0866
002250	0.0861
300285	0.086
600557	0.0843
600456	0.0838
300274	0.0819
300031	0.0815
600884	0.0808
603355	0.0805
600739	0.08
600066	0.0786
600751	0.0758
300433	0.0739
600566	0.0731
603040	0.0728
002714	0.0722
600977	0.072
600110	0.0718
002562	0.0714
002202	0.0708
600007	0.0703
000089	0.0694
600267	0.0691
002838	0.069
000768	0.0688
002509	0.0687
002833	0.0682
002777	0.0661
600691	0.0659
002127	0.0654
600585	0.0654
300065	0.0642
600967	0.0631
002051	0.0628
300342	0.0623
600061	0.0607
600660	0.0595
002537	0.0591
600332	0.0589
300347	0.0587
000921	0.0585
000776	0.0585
600298	0.0585
300061	0.0582
600779	0.0567
002036	0.0552
002727	0.0552
300129	0.0551
002032	0.055
002179	0.0525
603808	0.0524
300072	0.0522
600674	0.052
002675	0.0509
300100	0.0503
600089	0.0503
002568	0.0502
002027	0.0495
300147	0.0492
600750	0.0486
000799	0.0483
300273	0.0481
002223	0.0477
001979	0.0476
300545	0.0475
601668	0.0475
000403	0.0467
002304	0.046
000919	0.0457
002449	0.0455
600258	0.0446
000910	0.0442
601012	0.0441
300106	0.0439
603686	0.041
300207	0.041
600664	0.0407
000513	0.0402
300003	0.0401
603018	0.0398
300340	0.0393
600990	0.039
000417	0.0389
600498	0.0386
002245	0.0386
002353	0.0385
600993	0.0381
300365	0.0371
600426	0.0371
002303	0.0369
002694	0.0364
300229	0.0362
603898	0.0349
000018	0.0345
600072	0.0344
300025	0.0341
600028	0.034
600804	0.034
603589	0.0339
600338	0.0339
600885	0.0336
002541	0.0336
000967	0.033
600048	0.0328
300317	0.0326
300068	0.0326
600335	0.0326
002480	0.0323
002376	0.0322
600104	0.0316
002230	0.031
601800	0.0309
002108	0.0301
002636	0.0299
600511	0.0299
603626	0.0297
601111	0.0292
600109	0.0291
002554	0.029
601888	0.029
000970	0.0289
300263	0.0286
300463	0.0284
600392	0.027
002185	0.0258
600036	0.0254
600525	0.0254
002142	0.0251
002322	0.0247
600535	0.0224
002341	0.0207
600273	0.0201
002391	0.0199
600029	0.018
600138	0.0152
603169	0.0102
601008	0.0094
600309	0.0089
600255	0.0084
000682	0.0082
600271	0.0079
002351	0.0073
002204	0.0073
600966	0.0072
600399	0.0068
603008	0.0068
600033	0.0068
300621	0.0003