601398	164
000001	156
600519	139
601318	123
600104	119
000858	109
600028	104
000333	94
601988	91
601288	91
000651	88
601939	84
600900	82
002142	78
601166	74
600887	71
601375	68
600036	67
601009	57
603298	57
601006	52
600276	52
000963	48
601857	48
002415	47
601328	47
000568	47
601607	47
000625	46
002792	44
000423	44
600016	43
000895	43
601169	43
002791	41
600079	38
601098	38
600068	37
600030	36
603218	35
600048	34
601818	34
600547	33
600637	33
600518	32
600000	30
601336	30
000725	30
600660	29
600820	29
002508	29
600066	29
601628	28
600309	28
600015	28
000063	27
601668	27
000538	26
601688	26
600009	25
600511	25
600886	25
300498	24
002202	24
600138	24
000998	23
600741	23
600919	23
002236	22
002475	22
603877	22
300070	21
300144	21
601998	21
000069	20
601333	20
600056	20
600409	19
601985	19
002311	19
0	18
600584	18
600703	18
600498	18
002572	17
603986	17
000661	17
600060	17
600643	17
600998	17
600377	16
600271	16
600867	16
001979	16
600315	16
600266	16
002570	15
601633	15
601186	15
600566	15
601997	15
600674	15
000860	15
002310	15
000018	15
600803	15
600585	15
002594	14
000876	14
000401	14
002701	14
601989	14
601766	14
000786	14
000513	14
600305	14
000630	14
002294	14
600062	14
600794	13
002450	13
601211	13
000400	13
600240	13
002250	13
000609	13
600298	13
600999	13
002343	13
00700	13
603416	13
002241	12
601601	12
002325	12
002781	12
601965	12
600195	12
002008	12
600018	12
000726	12
002155	12
002400	12
002271	11
600074	11
300207	11
601689	11
002507	11
600885	11
000166	11
002041	11
600085	11
600398	11
601933	11
600763	11
600335	11
002714	11
000028	10
600418	10
002739	10
000776	10
002557	10
600489	10
000550	10
300156	10
600688	10
300291	10
600297	10
601899	10
002385	10
000422	10
600996	10
600011	10
601012	10
600332	10
000656	10
002304	10
601555	9
002024	9
000930	9
600535	9
000709	9
600108	9
002583	9
002736	9
000921	9
601233	9
603808	9
002078	9
002179	9
600967	9
000959	9
300015	9
300408	9
600873	9
002002	9
002007	9
000800	9
002640	9
600426	9
601117	9
002299	9
002168	9
603886	9
000421	9
600019	9
000338	9
600598	9
300508	9
000910	8
600850	8
600038	8
002065	8
002366	8
601788	8
002103	8
002032	8
000089	8
600436	8
002456	8
600004	8
300011	8
002353	8
600872	8
600681	8
300196	8
600737	8
600739	8
600909	8
000059	8
600166	8
600021	8
000801	8
601888	8
300033	8
600963	7
300003	7
600795	7
002029	7
02357	7
600579	7
000999	7
002624	7
600031	7
300203	7
603258	7
600978	7
600816	7
600667	7
000521	7
300017	7
000596	7
600406	7
002673	7
002217	7
600438	7
600089	7
601377	7
300582	7
600221	7
600837	7
601111	7
300124	7
300436	7
000546	7
600050	7
600267	7
600261	7
601088	7
002531	7
600340	7
600809	7
600259	6
603823	6
600362	6
000949	6
600007	6
601699	6
600109	6
000402	6
000404	6
002462	6
600350	6
002609	6
600666	6
600651	6
300068	6
600822	6
300351	6
600622	6
00939	6
600525	6
600487	6
000411	6
600961	6
000739	6
601021	6
300401	6
600196	6
603878	6
02238	6
002643	6
300145	6
300078	6
300098	6
002543	6
601808	6
603239	6
000425	6
300367	6
002221	6
002835	6
600691	6
600600	6
300197	5
600893	5
002051	5
002050	5
600150	5
600155	5
000157	5
000971	5
000539	5
002597	5
600188	5
600572	5
600856	5
600855	5
000748	5
300100	5
002246	5
300450	5
002410	5
603577	5
600754	5
603799	5
002092	5
600970	5
600329	5
002368	5
002367	5
601717	5
000901	5
002588	5
000902	5
002635	5
000778	5
600153	5
00570	5
600486	5
03888	5
002408	5
600469	5
601155	5
002821	5
000498	5
600686	5
002503	5
600170	5
600172	5
600223	5
000049	5
300054	5
600835	5
601800	5
603123	5
002372	5
600990	5
00388	5
600861	5
002832	5
600597	5
600029	5
603866	5
600027	5
600527	5
601588	5
002716	5
300327	5
000711	5
600787	4
002117	4
01398	4
600072	4
600373	4
600987	4
600382	4
600420	4
600208	4
000750	4
600859	4
002489	4
002481	4
002242	4
600479	4
600755	4
02318	4
000881	4
603708	4
002511	4
603929	4
600976	4
600570	4
603035	4
002568	4
601390	4
000027	4
002518	4
002519	4
002138	4
002589	4
601258	4
601198	4
02382	4
603128	4
300119	4
002553	4
300443	4
002391	4
300526	4
603660	4
600742	4
600521	4
603939	4
002470	4
600557	4
600419	4
002826	4
000783	4
002214	4
601799	4
02018	4
603268	4
600055	4
002727	4
600352	4
603018	4
600105	4
601118	4
000937	4
603611	4
300537	4
603616	4
600497	4
600057	4
600549	4
600467	4
000686	4
300161	4
002831	4
002126	4
600690	4
300263	4
002537	4
600160	4
603609	4
600522	4
002019	4
603308	4
01359	4
600115	4
600236	4
300284	4
00175	4
603001	4
000488	4
600146	4
00005	4
300138	4
300133	4
002293	4
300038	4
600587	3
002370	3
600894	3
600151	3
002671	3
01093	3
601311	3
000928	3
300429	3
002595	3
000911	3
600476	3
002627	3
300071	3
002230	3
002564	3
000666	3
000690	3
300108	3
300232	3
000066	3
01299	3
600612	3
000882	3
000878	3
00857	3
000060	3
002795	3
002094	3
603928	3
600821	3
002466	3
002465	3
02388	3
000967	3
300336	3
601139	3
000792	3
300148	3
002563	3
002567	3
601908	3
300296	3
600864	3
600093	3
603588	3
000915	3
002035	3
002581	3
002421	3
002425	3
601566	3
600567	3
600565	3
000903	3
000590	3
300463	3
600285	3
002323	3
300012	3
601100	3
300115	3
300449	3
601618	3
603806	3
000002	3
600529	3
002152	3
600132	3
601339	3
300303	3
600586	3
600775	3
000789	3
000600	3
603111	3
002509	3
300271	3
600176	3
02628	3
600198	3
002433	3
300586	3
000529	3
300058	3
600428	3
002318	3
002426	3
300287	3
600273	3
300496	3
300433	3
002262	3
600736	3
600633	3
002375	3
603085	3
002043	3
300316	3
300096	3
300097	3
600399	3
600875	3
000728	3
002308	3
600251	3
002838	3
002123	3
002085	3
600593	3
600596	3
600594	3
600761	3
600760	3
000501	3
002013	3
002010	3
600500	3
603306	3
600338	3
000820	3
300329	3
000977	3
300323	3
603000	3
300136	3
600804	3
03988	3
600258	2
002573	2
300425	2
000623	2
002376	2
600723	2
000972	2
600896	2
601225	2
600729	2
000418	2
002053	2
002056	2
002055	2
002726	2
300257	2
002267	2
300255	2
300258	2
600256	2
002285	2
603188	2
000530	2
300087	2
000554	2
600575	2
600576	2
300326	2
600209	2
000997	2
600895	2
601003	2
601000	2
000869	2
300072	2
002338	2
000428	2
002245	2
01117	2
000100	2
02727	2
603898	2
002798	2
002069	2
002141	2
601669	2
600531	2
1	2
000811	2
603368	2
000004	2
03899	2
000960	2
000969	2
300334	2
600699	2
02186	2
601231	2
603030	2
603319	2
002840	2
300142	2
002206	2
002277	2
000636	2
603108	2
600502	2
00902	2
300184	2
002150	2
002101	2
000039	2
300488	2
300565	2
000030	2
600376	2
002191	2
600094	2
002195	2
601718	2
000919	2
000528	2
002528	2
002038	2
603997	2
300129	2
002422	2
600216	2
000983	2
000982	2
600616	2
300183	2
300261	2
000920	2
600731	2
600827	2
000090	2
300114	2
300113	2
000035	2
00941	2
002396	2
600520	2
01378	2
300231	2
00489	2
01177	2
300298	2
600316	2
000821	2
000825	2
002672	2
000551	2
600969	2
603355	2
002477	2
300302	2
600552	2
00392	2
000735	2
002414	2
000732	2
601020	2
600730	2
300159	2
601992	2
002215	2
600871	2
002829	2
600682	2
603686	2
600759	2
300570	2
300479	2
002182	2
002188	2
600771	2
002556	2
002439	2
600458	2
000807	2
300251	2
601727	2
000581	2
01618	2
300177	2
600959	2
600299	2
000887	2
000883	2
000768	2
000045	2
00371	2
300370	2
002541	2
002542	2
601801	2
000848	2
600548	2
600883	2
600888	2
000606	2
603979	2
002048	2
600621	2
300223	2
600491	2
600499	2
600125	2
600123	2
02020	2
600642	2
603900	2
000540	2
000426	2
600718	2
300317	2
000877	2
000948	2
600391	2
600717	2
002309	2
002402	2
00386	2
300005	2
600268	2
300369	2
000926	2
603160	2
603288	2
600369	2
000758	2
300092	2
002120	2
00966	2
002083	2
600697	2
002533	2
300267	2
300106	2
600606	2
000050	2
603869	2
600022	2
600026	2
603377	2
002108	2
300212	2
600509	2
300230	2
600110	2
600337	2
002517	2
300322	2
000978	2
300324	2
603718	2
300568	2
002303	2
603008	2
601126	2
002063	1
300168	1
300421	1
600683	1
002374	1
300567	1
000158	1
002371	1
600892	1
600728	1
603131	1
300364	1
300365	1
601636	1
000973	1
600255	1
002059	1
002058	1
600114	1
300252	1
300253	1
002118	1
300256	1
300393	1
002721	1
002116	1
300394	1
300490	1
300558	1
600158	1
002281	1
600790	1
002677	1
600798	1
600075	1
000534	1
600372	1
603858	1
002699	1
002023	1
002694	1
002758	1
002690	1
000598	1
002458	1
600358	1
002452	1
600389	1
600010	1
600475	1
601388	1
300305	1
300306	1
600295	1
300355	1
600291	1
300375	1
600270	1
002332	1
600039	1
002239	1
002238	1
002233	1
002234	1
600853	1
000663	1
600858	1
000567	1
000913	1
601677	1
600793	1
300104	1
000547	1
002500	1
002484	1
002529	1
300512	1
300515	1
000062	1
300516	1
300518	1
600611	1
300452	1
300456	1
002412	1
600750	1
600834	1
603819	1
002052	1
002502	1
002799	1
002147	1
002062	1
02313	1
002064	1
600536	1
002149	1
300200	1
600100	1
002098	1
000403	1
600320	1
002664	1
600977	1
603369	1
000566	1
002463	1
002705	1
300339	1
300398	1
002833	1
000966	1
603959	1
300332	1
600819	1
600810	1
000707	1
603033	1
300259	1
600973	1
300149	1
000796	1
03311	1
300143	1
300029	1
300147	1
002200	1
002562	1
002468	1
600694	1
000631	1
300410	1
600862	1
600711	1
002099	1
002283	1
300422	1
600325	1
00867	1
600327	1
002530	1
300243	1
300248	1
002512	1
002510	1
002106	1
601919	1
300010	1
000036	1
06030	1
002192	1
603585	1
603589	1
603968	1
000525	1
300182	1
600363	1
002034	1
002036	1
002745	1
002039	1
002639	1
603990	1
002398	1
603366	1
600562	1
300437	1
600213	1
600477	1
000980	1
00883	1
002688	1
002738	1
300340	1
300342	1
2	1
300345	1
300347	1
300061	1
000925	1
002321	1
002322	1
002327	1
300348	1
600826	1
000777	1
603658	1
601600	1
600993	1
600881	1
002819	1
002818	1
600988	1
002550	1
601238	1
002491	1
600636	1
002394	1
002395	1
600984	1
603399	1
601898	1
600634	1
300088	1
002444	1
603118	1
002173	1
002071	1
002073	1
002072	1
002075	1
002076	1
603899	1
300234	1
600814	1
601137	1
300169	1
600312	1
300025	1
002045	1
600318	1
002661	1
000823	1
000826	1
00981	1
00688	1
002675	1
002016	1
000555	1
000683	1
600157	1
002777	1
600416	1
600008	1
600559	1
600577	1
000738	1
600480	1
300341	1
600838	1
002603	1
002601	1
603456	1
300014	1
300150	1
300157	1
002213	1
002216	1
002359	1
002033	1
300406	1
002357	1
600879	1
603058	1
002161	1
002828	1
600689	1
002131	1
603883	1
600501	1
600528	1
600685	1
002501	1
600677	1
600676	1
600121	1
000043	1
000012	1
002180	1
002205	1
600778	1
600965	1
603989	1
002004	1
002438	1
601928	1
002434	1
601929	1
300583	1
601579	1
002663	1
002387	1
600141	1
300199	1
300059	1
000906	1
300294	1
300295	1
300357	1
002390	1
600359	1
002258	1
000558	1
002314	1
600831	1
000888	1
600308	1
300120	1
300122	1
002251	1
002544	1
002546	1
002420	1
002383	1
600571	1
600252	1
600882	1
600738	1
002042	1
600422	1
603838	1
600496	1
002166	1
002165	1
300416	1
300228	1
600995	1
300548	1
300545	1
600128	1
002407	1
603727	1
000544	1
000429	1
000975	1
600992	1
002683	1
002440	1
300312	1
300319	1
002762	1
300095	1
300091	1
002037	1
002532	1
000662	1
300164	1
300166	1
002611	1
300162	1
000667	1
300360	1
000665	1
002344	1
600452	1
002223	1
000752	1
603167	1
000619	1
600841	1
300049	1
600847	1
601168	1
002087	1
300265	1
000639	1
603766	1
002382	1
603006	1
600702	1
001696	1
000014	1
002017	1
002409	1
002011	1
600069	1
300213	1
600481	1
300591	1
600503	1
600111	1
300247	1
600330	1
600331	1
300246	1
002081	1
300236	1
300040	1
002717	1
600227	1
002104	1
000970	1
300282	1
300321	1
000657	1
002298	1
002146	1
601886	1
000718	1
600801	1
002384	1
000620	1
600582	1
300137	1
002457	1