0	27.0
002456	1.5129
600703	1.4967
002466	1.305
000651	1.2912
601318	0.9971
002475	0.9629
002460	0.9183
600056	0.9143
300136	0.9028
002013	0.8758
002236	0.8746
002008	0.853
600519	0.7995
000333	0.7986
300115	0.7245
002415	0.6287
000858	0.6166
000568	0.6037
600887	0.5972
002635	0.5949
300450	0.5837
002035	0.5707
000063	0.5707
603799	0.5682
002310	0.5575
002241	0.5475
300365	0.4911
002450	0.478
600693	0.4752
600566	0.4568
002384	0.4462
300197	0.4396
002572	0.4335
601601	0.4254
300065	0.4227
600036	0.4216
600622	0.4178
002555	0.3883
600030	0.3832
601166	0.3789
600104	0.3722
600409	0.3708
002508	0.3645
002185	0.3587
600884	0.3438
002311	0.3377
002343	0.3281
300083	0.3215
601111	0.3193
600584	0.3186
002366	0.3184
000418	0.316
300367	0.3144
600297	0.314
002411	0.3114
300296	0.3096
601607	0.304
002027	0.3007
002439	0.2988
300308	0.2968
002050	0.292
300156	0.2909
600068	0.2898
600660	0.2889
601668	0.2887
601398	0.2881
300408	0.2875
002640	0.2874
002271	0.283
002624	0.2789
601933	0.2778
600029	0.2753
600477	0.2697
002766	0.2687
002273	0.2678
300232	0.2648
002217	0.2626
601717	0.2583
00700	0.2551
300567	0.248
000910	0.2433
000820	0.242
600879	0.2385
600885	0.2383
002195	0.2372
002507	0.2366
002599	0.2347
300124	0.2333
600337	0.2331
300145	0.2328
600196	0.2308
300476	0.2298
002078	0.2289
300287	0.2278
002045	0.2275
600406	0.2266
000776	0.2226
300310	0.2202
603626	0.2199
601012	0.2198
002833	0.2182
002230	0.2166
300279	0.2153
601699	0.2146
600562	0.2134
600990	0.212
000921	0.21
002583	0.2095
600110	0.2074
603006	0.2068
603337	0.2066
002138	0.2061
002120	0.2061
300355	0.2055
002694	0.2026
600038	0.2025
600865	0.1986
002400	0.1974
603816	0.1971
300383	0.1949
600089	0.1942
600153	0.1939
300007	0.1917
600867	0.1907
000963	0.1906
002614	0.1904
000915	0.1889
002153	0.1888
300231	0.1882
002675	0.1836
000756	0.1833
002179	0.1827
001979	0.1821
002127	0.182
600079	0.1815
601021	0.1814
600872	0.1792
000423	0.1787
600340	0.1763
000937	0.1742
600016	0.1725
600062	0.1707
600487	0.1706
000488	0.169
600893	0.1687
000050	0.1647
002117	0.1643
600201	0.1638
601689	0.1614
002680	0.1614
600809	0.1599
600258	0.1596
300210	0.1576
300284	0.1574
601233	0.1573
000538	0.1568
000725	0.1555
600681	0.1516
601288	0.1512
002465	0.1505
600309	0.1502
300616	0.15
300347	0.1497
300433	0.1478
600176	0.1444
600967	0.1438
300335	0.1437
300316	0.1436
000662	0.1431
300097	0.1428
002139	0.1423
600491	0.142
300595	0.1414
601600	0.141
601328	0.1391
002714	0.1389
300088	0.1383
002531	0.1383
300458	0.1379
002294	0.1377
600426	0.1361
600233	0.1354
600066	0.1341
300225	0.1336
300364	0.1323
600500	0.1305
300122	0.13
603678	0.129
300166	0.1275
300038	0.127
000661	0.1266
600383	0.1263
300070	0.1257
300447	0.1249
002517	0.1248
300409	0.1242
601169	0.1238
603179	0.1233
000830	0.1229
002103	0.1225
300188	0.122
300302	0.122
02018	0.1214
600240	0.1213
002174	0.1212
00175	0.121
600827	0.1203
002589	0.1202
600998	0.1196
603368	0.1196
300577	0.1188
002727	0.1183
600581	0.1182
600547	0.118
002126	0.1176
000028	0.115
000034	0.115
002739	0.115
600388	0.1139
603883	0.1136
601006	0.113
600316	0.1117
601888	0.1091
000998	0.1077
600498	0.1077
000018	0.1075
600054	0.1064
002434	0.1064
601231	0.1063
300613	0.1062
600723	0.1056
000768	0.1053
000630	0.1053
000513	0.1051
600015	0.105
600197	0.1047
603716	0.1046
002464	0.1044
300159	0.1044
002831	0.1042
600373	0.1036
600961	0.1032
600593	0.103
600549	0.103
603228	0.1018
300142	0.1013
600115	0.1005
600718	0.1003
601688	0.1
600282	0.0998
000811	0.0997
600777	0.0996
603899	0.0996
601989	0.0992
002665	0.0988
600779	0.0988
600685	0.0982
300403	0.0975
603111	0.0971
300212	0.097
600150	0.097
603868	0.0965
300196	0.0964
601666	0.0958
002180	0.0934
300285	0.0934
601998	0.0922
002706	0.0921
000681	0.0918
600019	0.0917
600985	0.0916
601997	0.0913
600497	0.0913
00991	0.0912
002007	0.091
600850	0.0906
601088	0.0903
002049	0.0902
603008	0.0896
002773	0.0894
002537	0.088
603601	0.0878
000881	0.0877
002368	0.0877
600875	0.0868
002202	0.0857
002529	0.0851
603589	0.0851
600765	0.0841
002048	0.0838
002743	0.0837
600873	0.0836
300078	0.0833
300406	0.0832
600563	0.083
002435	0.0818
300050	0.0818
002444	0.0816
600489	0.0814
000826	0.0813
600682	0.0812
300340	0.0807
600760	0.0807
300267	0.0792
600389	0.079
002419	0.079
002777	0.0782
300106	0.0781
603660	0.078
600118	0.0779
002372	0.0778
300203	0.0778
300101	0.0777
603108	0.0775
002413	0.0772
300457	0.077
600750	0.0769
300456	0.0759
600021	0.0759
000901	0.0758
002239	0.0758
600073	0.0756
300463	0.0755
002142	0.0754
600420	0.0754
000938	0.0753
300207	0.0746
002247	0.0739
600862	0.0731
00916	0.0729
002396	0.0721
600531	0.0714
002530	0.0705
300619	0.0703
300017	0.0698
300271	0.0696
000400	0.0692
000002	0.0689
600690	0.0688
300323	0.0687
600516	0.0686
600742	0.0683
600570	0.0681
002564	0.0678
600221	0.0673
601628	0.0668
300068	0.0661
300568	0.0659
600603	0.0658
03311	0.0656
002073	0.0653
002262	0.0653
300324	0.065
600360	0.0646
600501	0.0642
603128	0.0641
000960	0.064
600000	0.064
002036	0.0633
601009	0.0632
603885	0.0629
600085	0.0621
002101	0.0614
000823	0.0614
002609	0.0613
300607	0.0606
600507	0.0603
002367	0.0599
603208	0.059
000417	0.0588
300073	0.0585
600031	0.0585
600335	0.0585
002449	0.058
300144	0.0579
002387	0.0573
002146	0.057
002617	0.057
000001	0.057
000711	0.0569
002221	0.0569
300418	0.0564
300061	0.0564
002399	0.0558
600114	0.0558
000049	0.0554
601988	0.0547
603993	0.0543
600674	0.0537
000426	0.0534
300244	0.0533
300630	0.0532
002192	0.0529
601336	0.0529
000519	0.0528
300603	0.0524
300424	0.0523
300252	0.0523
002496	0.0522
600315	0.0521
601225	0.052
002662	0.0519
000967	0.0515
600713	0.0514
002685	0.0514
002522	0.0512
600856	0.051
601211	0.0508
600184	0.0508
000983	0.0507
603788	0.0507
601186	0.0506
600048	0.0505
000537	0.0503
002175	0.0499
601799	0.0497
300009	0.0496
000801	0.0495
603078	0.0494
000700	0.0494
600741	0.0491
600458	0.0489
300338	0.0485
300184	0.0485
600699	0.0483
000669	0.0481
300113	0.0481
300015	0.0479
300110	0.0477
603808	0.0476
600166	0.0474
002206	0.0473
601098	0.0472
300114	0.047
603005	0.047
002430	0.0461
002182	0.046
300257	0.0458
002223	0.0456
002188	0.0455
600270	0.0453
000758	0.0453
002494	0.045
300306	0.0449
300058	0.0449
300182	0.0447
600180	0.0447
002581	0.0445
601899	0.0445
002340	0.0445
300452	0.0444
000625	0.0443
300183	0.0442
002055	0.044
603737	0.044
603186	0.0439
002436	0.0438
002354	0.0437
300116	0.0436
002051	0.0435
300410	0.0433
601677	0.0432
603818	0.0431
600845	0.0426
000089	0.0425
002304	0.0425
002094	0.0423
000786	0.0421
603869	0.042
300623	0.0419
300033	0.0418
603306	0.0417
300503	0.0416
000567	0.0415
002425	0.0415
002501	0.0412
600958	0.041
600572	0.0407
600338	0.0407
002150	0.0406
002260	0.0406
000671	0.0405
300294	0.0404
603517	0.0404
603556	0.0403
603197	0.0401
600686	0.0401
600261	0.04
600499	0.0396
600004	0.0394
02238	0.0393
600339	0.0393
600419	0.0389
300309	0.0388
002829	0.0386
603686	0.0386
002543	0.0386
00388	0.0386
600372	0.0385
600804	0.0385
600329	0.0384
02020	0.0384
600348	0.0383
600011	0.0382
300133	0.0381
01336	0.038
600277	0.0379
300025	0.0378
603968	0.0378
600138	0.0378
002705	0.0374
600587	0.0368
600900	0.0367
000807	0.0358
000065	0.0357
000876	0.0357
600643	0.0356
03968	0.0355
300346	0.0355
600525	0.0354
300303	0.035
603355	0.0346
603579	0.0343
600522	0.0336
300337	0.0335
603160	0.0333
603600	0.0333
000928	0.0329
600993	0.0325
000606	0.0324
600816	0.032
600518	0.032
000603	0.0318
002590	0.0316
601818	0.0311
300226	0.0311
002110	0.0309
600667	0.0308
600971	0.0308
002332	0.0307
02388	0.0307
000779	0.0307
01293	0.0306
002468	0.0305
02318	0.0299
002157	0.0299
601155	0.0297
600188	0.0295
603158	0.0291
600894	0.0286
600582	0.0286
600328	0.0286
002123	0.0286
000821	0.0282
600109	0.0282
600100	0.0282
002365	0.0278
603588	0.0274
600298	0.027
00762	0.0269
000920	0.0266
002131	0.0265
000997	0.0258
603888	0.0258
000403	0.0257
000800	0.0256
600596	0.0255
600677	0.025
600999	0.025
002520	0.0249
000666	0.0245
600060	0.0245
300527	0.0244
002338	0.0242
002077	0.0242
600116	0.0242
000970	0.0241
600826	0.0241
601991	0.0239
000862	0.0238
300467	0.0236
002690	0.0235
300291	0.0235
600028	0.0235
002245	0.0232
000620	0.0226
600195	0.022
000895	0.022
300063	0.0215
600666	0.0213
002426	0.0213
000066	0.0209
600410	0.0208
300525	0.0207
300494	0.0205
002071	0.0205
600702	0.0201
000900	0.0192
300001	0.0192
000036	0.0187
603728	0.0186
000030	0.0184
002203	0.0183
000936	0.0178
000521	0.0176
002437	0.0171
000540	0.0166
002081	0.0149
600886	0.0143
601939	0.0133
000411	0.0113
600160	0.0106
600657	0.0095
000338	0.0091
002032	0.0088
600620	0.0082
000628	0.008
600266	0.0079
600966	0.0076
300602	0.0075
600074	0.0072
002539	0.0072
600792	0.007
600276	0.0068
002500	0.0068
600784	0.0067
002019	0.0067
600183	0.0065
600511	0.0064
600755	0.0063
000906	0.0062
600312	0.0061
300092	0.006
600362	0.0053
000707	0.0053
000525	0.0053
002215	0.0053
002596	0.0052
603099	0.0052
603286	0.0014
002879	0.0011