300136	130332.25
002572	112636.76
002508	101006.36
002640	92485.6
300017	83671.48
002236	83137.92
002127	81789.65
300207	80091.0
002043	61415.62
600521	61044.42
002482	58678.08
002511	58426.52
002699	55876.3
300115	48048.04
300456	46820.92
002035	46442.53
002475	45594.02
002138	45551.26
000333	42324.72
600136	41548.29
002405	39512.71
002617	39272.78
002180	39092.41
002120	37168.75
300266	37136.04
600500	37100.93
300090	37065.0
600233	35650.11
002456	34208.67
600584	32638.21
300356	31308.89
002445	31285.41
000915	30929.56
002085	30810.0
600180	30553.27
300285	28207.68
603808	28051.05
300396	27912.0
600389	27018.44
300012	26535.54
300202	26468.84
300054	26011.94
300197	25788.68
600967	25742.24
002045	25296.95
000910	24876.27
000070	24833.34
000967	24588.2
300378	24570.0
002310	23778.71
600522	23750.04
300145	23605.95
002427	23438.43
600661	23100.51
600056	23052.52
300144	22853.66
000821	22624.16
002340	22568.42
000423	21891.4
002271	21608.21
300301	21361.6
300203	20838.3
002425	20639.2
002450	20518.77
300265	20486.79
300403	20386.74
002582	20271.69
600309	19873.84
002241	19546.45
600869	19470.0
000028	19446.83
600418	19239.4
300408	19225.49
002668	19064.22
300271	19031.03
300383	18695.56
300306	18515.31
000971	18406.02
000651	18275.5
000158	18055.19
002053	18034.61
002131	17580.97
002343	17443.63
300025	17396.71
300031	17329.18
300215	16640.4
000711	16559.2
300033	16160.52
601899	15536.4
002672	15055.87
002239	14889.51
601668	14808.05
000568	14568.51
600487	14389.85
000403	14280.17
600146	14013.18
002247	13713.54
600885	13554.3
600693	12822.15
002384	12675.36
300113	12542.34
000983	11998.57
000404	11936.92
300087	11644.87
300219	11640.74
001696	11559.66
601699	11458.92
600098	11188.89
000786	10821.28
002169	10706.73
300070	10496.64
000703	10435.95
002584	10356.32
600739	10350.44
600867	10278.93
002426	10179.2
002221	9763.76
002352	9626.55
002435	9610.89
600566	9427.01
300182	9291.29
600382	9267.28
600750	8840.42
002366	8748.75
000049	8746.3
002358	8736.87
600328	8723.12
000488	8711.5
600547	8638.9
600856	8475.3
002394	8420.0
300061	8300.68
002479	8269.18
002701	8145.73
002517	8140.81
300238	8012.04
002173	7943.58
002662	7897.0
002398	7800.0
600998	7746.56
300013	7697.06
002583	7697.02
000725	7558.55
000963	7487.86
000503	7367.3
600392	7265.6
000671	7179.73
600958	7141.18
002773	7001.97
600079	6960.98
300244	6939.09
002092	6937.08
002611	6885.04
300065	6820.67
601555	6807.24
600517	6660.94
000513	6601.48
002383	6528.22
300058	6521.51
300221	6497.95
002050	6460.65
000953	6374.7
601566	6120.0
000524	6105.41
600746	6104.3
002188	6091.81
300015	6049.36
600771	5950.77
600979	5928.02
300430	5914.9
300132	5909.56
600535	5866.82
002509	5833.93
603686	5824.84
002048	5802.27
002719	5796.92
600847	5792.83
002240	5771.92
002693	5766.03
600305	5752.8
000820	5750.03
300282	5742.1
300214	5729.25
600833	5701.57
002635	5677.18
002080	5615.07
600276	5604.05
002609	5516.75
000662	5486.81
002400	5462.97
000687	5359.2
002410	5244.64
002159	5221.68
300324	5099.44
600325	4907.28
600060	4860.38
601677	4853.85
002664	4785.43
600990	4733.6
600337	4732.64
600268	4728.17
002126	4720.14
300241	4710.52
002468	4616.94
600498	4607.69
002492	4573.15
300477	4427.48
002519	4375.39
600489	4373.56
000034	4297.58
002569	4296.26
002520	4237.17
600894	4209.62
600834	4101.96
002761	4090.11
300088	4083.66
000625	4047.6
300050	4044.43
002008	4028.6
600261	4014.24
603026	4008.67
601311	3978.42
002025	3958.92
600525	3951.24
600551	3924.06
300476	3892.29
600029	3850.64
002543	3771.06
600038	3762.17
002727	3758.61
600201	3745.98
300196	3736.62
300002	3731.02
000678	3596.32
002027	3565.04
600485	3562.0
600061	3515.12
601166	3513.4
002707	3496.4
600151	3394.36
300304	3356.21
000547	3346.33
002281	3339.72
600050	3332.6
300232	3311.67
600608	3289.0
600329	3276.82
600439	3135.86
300080	3074.77
600285	3061.87
600000	3057.12
600720	3048.87
300367	3036.44
600761	3027.01
603898	3020.68
002234	3006.68
300300	2980.91
002350	2973.54
002283	2946.45
300138	2941.87
002243	2940.16
002322	2939.45
600240	2926.24
600419	2822.69
000608	2797.63
002313	2796.07
300121	2771.36
002631	2683.41
000590	2671.14
002372	2628.46
300347	2610.42
603555	2565.99
300135	2565.0
002078	2353.01
002013	2346.53
300156	2314.09
603899	2214.83
002026	2211.79
002303	2203.21
600529	2127.21
000998	2090.27
000596	2067.1
600519	2061.54
600336	2021.67
600816	1984.02
002250	1953.6
600340	1912.02
002068	1718.17
002507	1696.17
000035	1696.08
600643	1694.95
300416	1689.31
300223	1672.05
300401	1602.14
300137	1599.5
600062	1596.8
300316	1491.55
000933	1443.0
600678	1437.81
600882	1405.02
601636	1401.38
600997	1401.1
300059	1387.91
600030	1368.72
000999	1366.98
600330	1362.37
002071	1356.63
300267	1355.18
002325	1338.92
600963	1317.2
002333	1284.55
002041	1262.57
603611	1249.29
300032	1246.84
002059	1231.1
601198	1145.88
300269	1145.3
300373	1101.45
000739	1092.8
600110	1057.71
000656	1041.88
000606	1024.35
000609	1019.71
000928	1005.42
600794	997.87
002434	939.98
600873	928.4
601800	924.65
600681	905.05
002167	865.27
600198	859.13
600803	854.98
601398	810.78
300359	805.5
600559	768.74
600028	763.02
300379	738.37
000887	676.2
300458	662.15
000951	626.67
300340	622.92
600872	602.8
600763	599.08
601169	595.68
000796	595.47
002297	594.8
601678	593.0
300072	590.5
601328	579.77
002494	574.7
600109	572.35
600477	564.79
300344	564.4
000002	563.18
000911	558.7
002149	550.24
300302	544.66
002155	540.9
601186	540.6
000538	540.1
600701	527.9
002638	525.81
603838	520.88
600376	519.02
601155	517.12
002480	508.17
300098	504.41
000790	503.97
600697	502.47
601818	501.23
300011	495.61
002087	495.3
601238	495.12
601857	493.7
600055	487.82
002406	482.0
002265	477.85
000063	477.09
000752	474.88
300326	463.74
300338	463.71
002308	461.96
600568	456.02
600248	442.33
601988	438.1
000925	436.62
002133	417.57
002179	414.9
601799	410.05
300237	406.14
000980	402.31
000975	400.23
300124	399.43
002756	394.32
600984	391.05
600327	391.05
000581	389.11
002726	389.07
600508	386.03
603167	384.81
000698	384.65
601998	379.01
002168	378.89
601939	378.14
600104	378.01
300148	377.2
002567	372.85
600009	361.4
600528	359.96
603989	349.19
002568	345.69
600491	345.47
002200	344.02
002207	341.85
600036	339.48
001979	338.36
002299	330.4
002364	324.61
300296	324.05
600448	322.26
300284	315.59
600338	315.06
002081	313.04
600409	312.4
600561	312.36
000917	311.8
600153	310.52
600605	310.04
002627	307.4
600985	306.99
600727	304.11
600054	302.76
002619	298.2
300005	297.62
600719	297.04
002057	293.48
600332	293.28
600859	289.46
600099	285.93
601225	284.5
002049	283.34
002458	274.96
600497	255.69
600048	251.64
600900	239.4
002368	218.95
603108	218.92
601139	215.97
600740	208.79
600978	206.46
601588	205.68
000100	202.91
600845	196.26
600721	194.64
000997	191.97
002665	180.77
002355	174.18
002007	169.86
600970	146.54
002476	115.19
002636	107.92
000823	101.04
002319	101.02
600475	92.76
000004	83.16
000613	78.44
002718	77.69
300210	77.54
002493	77.18
603158	77.09
300018	76.82
002771	76.7
600393	76.64
600898	75.81
603883	71.06
0	20.0
600893	16.81
002673	16.6
002302	15.68
002657	14.81
600399	14.7
600908	9.23
300541	6.67
002815	5.9
300534	5.58
1	3.0
300536	2.45
300548	1.69
002813	0.89
2	0.0