002466	143879.31
601318	84908.63
600887	74848.52
002236	72540.43
600110	72163.83
00175	70287.69
000333	67627.08
002415	66597.9
002460	57761.61
002456	55063.73
002475	50089.12
600885	47926.11
300197	46190.89
600196	44761.94
300136	42259.57
002311	38695.91
600660	37357.27
002217	36312.59
000823	36193.92
300450	35985.71
002008	35840.31
600056	34187.37
600335	33790.56
300296	32629.73
02020	32527.11
000651	31776.82
002310	31448.81
300408	30565.27
601888	29099.8
603883	28984.83
300616	28918.36
300355	28094.07
002384	26499.69
600703	26394.95
603799	26157.77
002050	25049.57
600338	24994.38
300115	24512.12
600884	23261.2
002273	21471.5
600031	21200.97
600426	19958.0
002343	18032.68
300340	17574.22
002411	17368.78
300207	16549.36
600549	16083.11
603626	15935.65
600406	15245.58
300145	15013.68
002175	14179.08
300252	13956.0
002635	13744.24
300226	13147.38
300337	13054.47
300097	13014.0
000568	12700.86
300567	12452.75
000938	12397.55
002572	12001.37
603869	11920.21
600036	11823.46
002570	11769.87
002450	11750.23
300308	11523.33
300203	11246.95
300274	11194.87
001979	11164.9
002833	11009.7
600183	10658.29
600362	10537.35
002773	9937.0
600466	9894.85
603833	9607.33
601607	9328.24
600340	8744.11
601997	8706.16
002636	8663.92
300287	8629.42
002035	8574.78
600270	8257.93
300367	8203.38
300365	8159.95
000639	8039.52
601933	7854.77
000662	7851.1
300012	7593.2
601088	7351.67
000661	7228.91
300323	7154.38
000858	7051.08
601699	7037.94
000983	7016.0
000928	6666.76
600718	6562.37
600516	6541.2
600146	6471.93
600348	6237.6
002025	6174.63
600030	6163.79
300619	6147.36
600997	6099.94
600477	5974.45
300007	5910.08
000878	5857.54
600603	5760.42
600360	5650.11
002185	5630.7
601688	5508.35
600038	5141.92
300142	5017.66
601689	4712.42
002179	4562.88
600739	4382.71
600990	4297.53
002589	4201.82
600176	4183.64
600079	3860.34
002138	3668.37
002449	3392.75
000063	3291.24
300324	3219.95
002241	3195.82
002085	3180.5
000423	3159.31
600372	3063.56
600029	3045.0
600015	3037.65
600998	2959.92
601111	2878.69
300571	2818.97
600893	2691.51
600066	2649.7
601211	2646.19
600879	2540.13
600388	2526.27
300073	2478.49
00700	2464.4
002013	2455.91
600566	2428.68
601601	2382.97
600562	2343.49
600519	2340.38
002188	2251.91
002727	2238.77
600967	2187.31
000963	2065.53
002142	1890.98
000069	1864.15
600686	1754.18
600068	1732.76
600563	1712.55
002426	1698.15
000429	1599.32
300595	1580.4
600622	1559.79
603939	1543.46
600104	1465.87
601166	1463.87
002640	1393.42
002372	1368.78
600062	1358.33
601288	1341.33
002508	1329.18
02018	1308.77
300065	1275.43
000002	1248.27
600643	1223.14
002665	1152.0
002048	1141.46
300433	1113.86
002078	1076.46
002831	1074.45
002127	1070.77
02382	1057.05
000830	1013.61
600808	1001.22
600750	999.06
02318	982.3
300577	960.05
002108	944.34
600308	924.81
000900	917.1
000895	915.61
601339	912.49
002203	910.54
000776	903.38
600269	902.37
600229	899.09
002024	875.25
002304	867.7
01299	843.65
000725	832.0
300294	824.8
000498	817.47
000597	816.05
603078	810.34
600085	776.81
00388	753.15
000418	736.5
600498	696.36
000338	660.0
600298	646.75
002271	630.33
603588	592.8
600487	588.21
00027	571.85
603808	536.97
002325	511.0
000999	501.59
01186	487.97
00066	453.99
603186	447.8
603993	444.07
002074	443.91
300613	428.03
002439	417.55
600004	387.84
600816	364.35
300083	351.12
600856	343.54
000540	308.23
600309	307.31
002354	304.61
002221	303.35
600377	300.76
601012	297.88
002081	276.04
300335	269.91
600160	216.54
002564	182.6
002019	135.27
000400	134.7
000488	134.42
600409	131.31
600755	128.59
600499	125.77
600312	125.03
600050	101.74
601989	88.62
000581	84.43
000543	78.24
002244	74.46
000960	56.07
600795	55.91
000997	53.32
002092	51.44
601919	27.12
002859	26.48
002860	20.85
601878	18.79
600100	7.2
603801	4.75