300456	62171.28
002699	56485.6
002572	48301.29
002120	46975.69
600136	41548.29
300356	40938.09
600233	39911.61
002405	39512.71
002617	39272.78
002180	38798.76
600500	37100.93
300136	36794.19
300266	36538.39
300159	35548.68
002445	31285.41
002085	29426.1
002482	29339.04
002456	29250.79
600885	29235.59
002045	29100.89
600389	27018.44
002530	26977.89
300396	25803.91
300202	25799.82
600967	25742.24
600867	24216.91
300061	23629.5
600547	23581.55
002427	23438.43
300115	23327.64
000070	23265.33
300156	22830.95
002340	22568.42
300285	22521.65
300232	21369.4
600693	21335.05
002665	21165.11
300073	21148.83
300340	20661.86
300408	20405.77
600521	20355.3
000821	20001.79
600697	19720.47
002694	19690.88
000590	19678.01
300302	18981.02
002415	18922.75
000687	18537.9
300090	18532.5
000826	18114.7
002053	18034.61
002007	18033.26
300008	17387.97
002411	17342.0
600335	17141.78
603108	16944.5
002762	16881.89
002464	16867.5
601717	16604.0
300121	15624.9
600030	15623.98
002236	15591.97
600489	15491.08
600566	15344.53
300017	15299.6
002511	15004.68
600661	14782.04
300104	14746.72
002250	14166.97
601166	14074.05
002247	13713.54
002175	13659.91
600309	13600.02
002640	13577.38
002138	13434.1
600487	13229.75
300263	13167.46
600338	13070.46
600110	12984.44
002588	12729.09
300420	12413.26
000952	12294.43
300378	12285.0
300310	12261.0
600276	12221.04
002662	12148.22
000983	11816.35
600050	11669.44
000568	11637.87
001696	11559.66
300149	11488.98
300113	11448.93
603808	11255.95
300429	11204.34
000403	11155.95
300341	10996.82
002387	10951.03
300301	10680.8
000703	10435.95
600188	10420.51
002108	10401.77
002384	10352.27
300403	10193.37
000858	10008.31
600584	9946.77
002466	9930.39
601225	9865.94
600419	9815.51
601898	9331.58
002343	9258.13
000975	8968.57
002094	8813.9
300520	8799.29
002709	8704.0
600715	8431.92
000060	8152.0
002517	8140.81
000820	8139.14
002311	8119.3
300142	8017.8
002436	7858.76
300345	7774.44
002450	7771.09
002582	7744.01
300215	7728.19
300013	7697.06
300404	7430.35
002127	7318.98
000651	7189.45
300347	7162.28
600958	7141.18
300279	7062.25
601555	6807.24
002626	6735.2
000953	6374.7
000818	6221.55
600622	6129.7
300430	5972.21
600979	5928.02
002693	5910.8
300132	5909.56
002460	5879.6
300221	5859.16
002240	5858.99
002352	5850.22
600833	5837.7
002719	5796.92
600847	5792.83
600746	5776.48
300214	5729.25
002635	5677.18
000625	5481.31
600750	5453.16
002494	5280.67
002475	5222.34
603899	5215.26
300409	5193.35
002325	5134.46
000063	5121.21
000418	5120.57
600763	5056.64
300373	4893.65
300342	4887.02
300458	4740.12
002173	4737.78
600268	4728.17
603011	4702.86
002468	4616.94
002548	4613.74
002773	4608.04
002733	4418.88
000423	4403.0
300474	4316.05
600894	4209.62
600098	4191.63
002044	4179.75
603021	4147.24
600519	4061.05
000948	4034.28
300187	3982.5
300228	3953.99
300327	3893.45
300359	3817.46
002023	3783.49
300196	3736.62
300037	3635.91
300144	3632.57
600682	3624.4
002761	3620.93
000678	3596.32
300452	3593.57
002394	3583.31
300210	3417.41
300304	3356.21
002308	3339.23
603308	3321.77
603601	3314.48
300370	3310.57
300203	3290.55
600491	3289.0
002631	3286.16
300130	3250.83
603368	3236.62
000028	3231.28
002322	3227.61
002706	3195.83
600486	3139.07
600439	3135.86
002170	3122.89
300364	3089.05
300080	3074.77
300455	3069.55
300284	3061.68
603658	3033.67
600614	2998.07
002529	2980.91
002350	2973.54
600529	2956.64
300138	2941.87
002243	2940.16
600198	2935.55
300463	2933.03
600240	2926.24
600257	2826.95
002155	2824.7
000608	2797.63
002313	2796.07
300106	2777.57
002081	2769.2
603555	2565.99
000333	2562.6
300047	2543.24
600816	2512.23
300065	2510.08
002117	2509.39
002149	2452.01
600183	2368.4
300084	2331.8
300300	2329.36
600559	2306.22
002425	2290.16
600538	2273.68
002627	2246.27
601789	2227.68
002273	2219.59
300271	2204.55
300078	2190.5
300137	2175.54
002185	2171.24
300088	2161.91
300252	2157.9
002001	2150.58
002036	2149.92
002193	2148.67
000963	2129.7
002581	2095.8
600888	2078.84
300128	2070.94
600511	2060.37
600266	2050.5
601800	2028.47
600336	2021.67
000910	2013.3
603020	1944.3
000662	1934.19
603703	1899.27
600731	1892.6
601699	1890.29
600562	1872.02
002339	1866.12
300400	1852.57
002050	1830.46
600689	1819.84
600195	1807.05
002659	1798.51
002740	1767.69
000561	1759.5
000998	1711.01
000035	1696.08
600643	1694.95
000911	1676.1
300223	1672.05
600995	1657.09
300036	1633.12
300056	1630.17
600884	1626.37
601186	1621.8
300401	1602.14
600701	1583.7
300296	1579.76
002775	1577.83
300025	1575.61
002103	1562.68
000001	1554.08
000010	1545.76
002409	1541.4
002084	1523.62
002214	1514.41
002400	1502.21
300326	1493.64
002371	1483.85
300383	1478.51
300287	1457.3
000933	1443.0
002717	1440.89
002664	1415.37
600997	1401.1
600363	1393.86
600963	1317.2
600687	1316.98
603010	1285.5
002333	1284.55
300033	1270.4
300379	1262.26
002609	1238.55
600883	1233.95
002059	1231.1
600083	1226.4
000606	1224.94
002241	1209.2
000065	1203.99
002035	1197.11
600593	1195.87
002078	1184.81
600699	1183.35
300253	1174.7
002319	1168.15
300365	1142.5
603883	1141.79
000554	1136.42
000422	1100.45
600476	1096.22
600749	1094.61
000739	1092.8
601318	1066.3
300069	1062.93
000731	1060.5
600784	1059.22
002043	1055.0
300265	1049.94
600060	1044.83
000928	1005.42
600751	1004.96
600988	997.8
600509	987.5
002476	978.04
002462	973.71
000501	961.5
300068	956.11
002026	932.83
600325	932.3
300431	923.59
000971	921.77
002368	915.42
300059	905.37
600681	905.05
300168	904.88
600821	891.58
300199	881.6
600826	875.4
000711	872.02
300250	867.39
600803	854.98
002563	854.8
600475	846.71
300213	843.2
002636	842.84
002055	830.96
600600	827.06
000530	823.2
000968	820.0
002383	815.73
002354	801.26
300109	786.57
600771	781.13
600056	774.6
000547	774.12
000697	772.2
002262	768.16
300031	766.1
002126	745.16
300494	739.6
002509	736.12
600479	728.57
600066	727.98
600702	715.66
000925	710.04
300182	706.8
002766	706.13
002316	685.36
000021	678.29
000978	669.6
000708	658.61
300339	653.27
002565	650.34
601618	647.17
000426	643.36
600282	635.0
300096	622.5
601009	621.14
603377	605.18
300103	603.9
600520	597.43
000796	595.47
601678	593.0
000058	591.56
300291	586.06
000922	584.88
300166	579.69
000835	569.0
002406	568.66
000938	564.3
600990	563.11
600760	562.59
000538	540.1
601211	535.22
001979	534.91
600859	526.41
000810	521.7
601155	517.12
601668	515.46
601998	514.59
300219	502.51
002358	500.27
002087	495.3
600055	487.82
300444	487.44
600015	477.88
300465	474.01
600064	471.54
600000	470.76
600703	462.65
300471	438.55
000623	434.69
002395	429.94
002133	417.57
002630	409.03
000980	402.31
002435	392.33
600984	391.05
600327	391.05
002726	389.07
600508	386.03
603167	384.81
000698	384.65
300197	375.23
002567	372.85
600528	359.96
600998	342.19
002299	330.4
600448	322.26
300377	321.78
300224	319.19
600561	312.36
600605	310.04
300422	309.71
600985	306.99
600727	304.11
600054	302.76
600340	301.78
300005	297.62
600719	297.04
002279	294.72
002057	293.48
600099	285.93
002077	282.59
002410	280.42
002458	274.96
300294	268.32
600576	255.85
600497	255.69
600285	254.37
600048	251.64
002071	248.63
600028	247.86
300212	247.59
300119	238.2
002739	228.75
300322	218.52
601601	215.63
600740	208.79
600557	204.43
601006	202.88
002245	155.2
600671	152.1
002332	149.16
603669	147.91
002183	147.55
600781	134.03
000597	133.6
300289	133.58
600613	133.22
002412	132.85
600267	116.32
300012	114.75
603989	111.74
300278	109.4
000823	101.04
600281	91.39
002564	89.38
002105	86.26
002272	86.17
002687	85.68
000004	83.16
000782	82.78
300450	82.65
300029	82.38
300410	81.23
000609	79.85
600337	78.8
000613	78.44
002718	77.69
002493	77.18
603158	77.09
300018	76.82
002771	76.7
600393	76.64
600898	75.81
0	32.0
002281	20.85
600893	16.81
002673	16.6
002092	16.58
002302	15.68
002657	14.81
600399	14.7
600418	13.88
000752	11.55
603008	10.65
600688	8.66
603118	8.16
601198	8.13
002510	8.1
7	2.0
5	0.0