0	9.0
00700	0.4624
600028	0.4341
000001	0.3689
02238	0.3212
03888	0.2939
02357	0.2751
601318	0.258
601398	0.2232
000651	0.2196
600015	0.2031
600104	0.2024
002142	0.1961
000786	0.1926
600519	0.1555
000538	0.1486
00570	0.1432
600887	0.1406
600309	0.1349
02018	0.1319
000568	0.1304
002415	0.1302
601098	0.1268
000422	0.1267
000895	0.1239
600667	0.1209
601988	0.1163
000858	0.1136
000333	0.1096
00939	0.1003
300316	0.0982
00005	0.0967
601899	0.0938
601607	0.0933
600406	0.0912
300097	0.0894
600062	0.0882
000166	0.0874
600038	0.0863
601818	0.0855
601857	0.0837
002188	0.0826
00392	0.0824
00388	0.0823
600409	0.0804
300142	0.0799
601688	0.0796
000625	0.0787
01093	0.0777
01117	0.0764
300324	0.0756
300342	0.0754
600066	0.0739
000063	0.0735
02382	0.073
300137	0.0719
600760	0.0689
600240	0.0684
600731	0.0673
000069	0.0658
002572	0.0657
000860	0.0642
03899	0.0636
600809	0.063
600682	0.0629
02388	0.0624
002168	0.062
300282	0.0616
601633	0.0612
300410	0.0609
601006	0.0608
600109	0.0604
600036	0.0604
600674	0.0601
600298	0.06
01177	0.06
600559	0.0571
300375	0.057
600155	0.0562
600888	0.0562
600976	0.0549
600261	0.0541
300228	0.054
600584	0.0536
000554	0.0528
002023	0.0526
002581	0.0522
600476	0.0521
603030	0.0521
601336	0.052
600079	0.0518
601939	0.051
002533	0.0503
600794	0.0502
002236	0.05
000411	0.0495
000423	0.0476
000426	0.047
300312	0.0469
300143	0.0467
300339	0.0467
601965	0.0465
00175	0.0458
600009	0.0456
000596	0.0455
603899	0.0453
600883	0.0444
00941	0.0441
600520	0.0436
300498	0.0436
601668	0.0435
603611	0.0435
002738	0.0435
601009	0.0431
00966	0.0424
600525	0.0423
002262	0.0422
600267	0.0418
300203	0.0418
600509	0.0416
000778	0.0415
002395	0.0415
000656	0.0414
600029	0.0413
002304	0.0411
601012	0.0406
000609	0.0404
603111	0.0402
03988	0.0401
600031	0.0399
600125	0.0398
300115	0.0398
600557	0.0398
02020	0.0393
000877	0.0393
01398	0.0391
600266	0.0391
02727	0.039
601166	0.0387
00489	0.0378
002271	0.0374
600498	0.0374
600196	0.0372
002519	0.0371
603001	0.0368
600060	0.0366
600195	0.0366
000528	0.0365
002008	0.0359
02186	0.0358
601211	0.0358
600816	0.0354
601628	0.0351
002509	0.035
600660	0.0344
01359	0.0336
002452	0.0328
600585	0.0326
300271	0.0323
300243	0.0322
002573	0.0321
300166	0.032
600048	0.0316
002396	0.0316
300231	0.0314
601155	0.0313
000739	0.031
002368	0.0309
002217	0.0309
000910	0.0309
600486	0.0304
600166	0.03
300156	0.0297
01299	0.0294
600547	0.0292
300017	0.0292
002583	0.0285
000540	0.0271
03311	0.0269
600000	0.026
02313	0.0257
002353	0.025
300452	0.0243
601288	0.023
600150	0.0222
000948	0.0206
00867	0.0195
000709	0.0195
601117	0.0195
600691	0.0192
000963	0.0177
002367	0.0173
002230	0.0172
600068	0.0168
002465	0.0168
000089	0.0164
600271	0.0154
600418	0.0154
603808	0.0145
600900	0.014
300284	0.0138
601169	0.0134
600511	0.0132
601997	0.013
600919	0.0128
600022	0.0124
000800	0.0119
002311	0.0113
300138	0.0108
300100	0.01
000967	0.01
601933	0.0098
000600	0.0098
000018	0.0097
600741	0.0096
601998	0.0094
000725	0.0094
300005	0.0088
600030	0.0088
000776	0.0087
002466	0.0087
601328	0.0082
600377	0.0082
000028	0.0079
600967	0.0074
600373	0.0072
000338	0.0071
000513	0.0067
600552	0.0066
000400	0.0066
601111	0.0066
600276	0.0065
600822	0.0062
002092	0.0062
600016	0.0059
002013	0.0057
002069	0.0054
000027	0.0053
000059	0.0052
600820	0.0052
600487	0.0052
600535	0.0052
600893	0.005
600643	0.005
600503	0.005
002410	0.0049
600736	0.0048
300113	0.0048
300199	0.0048
600755	0.0048
000401	0.0048
600399	0.0046
002673	0.0044
002408	0.0044
000998	0.0042
300258	0.004
300327	0.004
600690	0.0038
002056	0.0034
603823	0.0028
000726	0.0026
600562	0.0023
000529	0.0022
600128	0.0021
002058	0.0021
600318	0.002
603085	0.002
002241	0.0013
603298	0.001
603218	0.0009
600996	0.0008
603416	0.0006
600027	0.0006
600909	0.0005
603858	0.0004
601020	0.0004
603877	0.0004
002821	0.0003
603886	0.0002
603900	0.0002
300558	0.0002
603986	0.0002
300565	0.0002
300582	0.0002
002818	0.0002
603708	0.0002
300537	0.0002
603239	0.0
1	0.0