002466	21
002460	16
002008	14
002456	11
002236	9
300136	9
601318	8
600110	8
002635	7
300450	7
002475	6
002050	6
600183	6
000651	6
300115	5
002411	5
600885	5
000858	4
000063	4
001979	4
603799	4
600338	4
600884	4
600406	4
000823	3
300567	3
603883	3
300197	3
300408	3
000333	3
600703	3
603626	3
600477	3
300577	3
300073	3
002636	3
002241	3
601211	3
600036	3
002415	3
600340	3
300323	3
002384	3
601607	3
300207	3
002273	2
300226	2
300308	2
000878	2
600056	2
600066	2
600062	2
000429	2
600068	2
300296	2
600686	2
600990	2
002085	2
600549	2
002217	2
600566	2
300616	2
000830	2
002138	2
600563	2
002078	2
600466	2
002589	2
600270	2
002185	2
601088	2
002831	2
600196	2
601933	2
300340	2
600519	2
002048	2
02018	2
300065	2
600426	2
002025	2
600038	2
600335	2
600031	2
002142	2
000938	2
00700	2
002311	2
00175	2
601888	2
000963	2
000568	2
002179	2
600887	2
600487	2
002833	2
300337	2
600312	1
002019	1
002271	1
000418	1
603939	1
002572	1
600967	1
300203	1
002372	1
600816	1
600499	1
600498	1
000498	1
02020	1
600085	1
601878	1
600004	1
300142	1
603078	1
600643	1
300145	1
002203	1
600309	1
000540	1
002570	1
601989	1
002727	1
000423	1
300252	1
600998	1
600104	1
600997	1
000639	1
002859	1
600718	1
002449	1
600660	1
300097	1
600795	1
300012	1
00027	1
603186	1
00388	1
000928	1
600372	1
600079	1
600377	1
000338	1
002108	1
002024	1
300083	1
002354	1
601919	1
300619	1
600879	1
600146	1
601012	1
600388	1
300367	1
300365	1
601111	1
300007	1
603588	1
600269	1
600893	1
002343	1
600015	1
600360	1
600362	1
002221	1
002508	1
300571	1
000997	1
300274	1
000999	1
002035	1
603993	1
600176	1
603833	1
002773	1
600562	1
601166	1
002175	1
002127	1
002081	1
600050	1
600856	1
000597	1
01186	1
000661	1
000983	1
002439	1
600603	1
601997	1
600160	1
000002	1
600516	1
600029	1
002325	1
601689	1
000488	1
601699	1
000581	1
000776	1
002244	1
002013	1
000069	1
00066	1
01299	1
002640	1
000725	1
300294	1
600298	1
000900	1
600750	1
300355	1
300595	1
600755	1
600030	1
601688	1
002188	1
02318	1
000543	1
002310	1
000662	1
601288	1
002860	1
600308	1
601339	1
600622	1
300287	1
002092	1
600229	1
600348	1
600100	1
300324	1
603808	1
600409	1
603801	1
002426	1
002304	1
000895	1
002665	1
600808	1
603869	1
002564	1
000400	1
002074	1
02382	1
002450	1
601601	1
600739	1
000960	1
300433	1
300613	1
300335	1