002572	207577.12
600056	151525.69
002035	141065.75
300197	137948.08
002217	133363.47
002310	130162.59
002475	129996.9
300136	127398.15
002508	122776.98
600519	101738.54
000333	94969.2
002127	91805.62
000568	87901.19
000651	79999.54
000423	79979.05
300296	79231.29
600522	73378.88
300145	72850.07
300355	71640.85
002271	69909.14
002236	68072.54
002415	63062.39
002456	61478.0
002043	61426.0
000963	60279.7
002450	58218.65
002640	56343.34
600867	53135.4
000418	51400.9
002511	46691.88
000858	40382.98
002311	36777.47
002008	33251.34
002120	32017.77
600585	30980.47
002466	29016.09
600110	26947.68
600885	26676.9
002502	25970.24
600019	25963.43
001979	25772.38
002138	25392.89
300049	25246.66
603818	25034.87
600674	24661.29
600340	24599.06
600566	24545.32
600309	24486.75
600622	24364.12
600584	24124.24
600426	23292.2
600809	22987.67
000538	22130.37
600335	21674.51
300285	21325.98
600559	21209.28
600298	20951.34
600887	19678.9
600196	19630.48
300070	19513.85
600009	18947.89
600007	18672.1
000089	18433.8
002303	18241.0
600993	17648.26
002108	17403.33
601988	17373.54
002032	16749.91
000895	15715.27
601328	14952.0
603899	14932.7
600258	14627.15
600338	13977.35
000596	13896.06
600183	13776.13
000823	13758.76
300115	13712.43
600900	12807.01
603883	12318.09
600068	11509.18
300406	11232.49
600240	11091.6
600660	10884.87
601012	10183.07
600521	9672.68
600779	9621.22
601689	8503.59
600739	8026.31
002460	7643.67
600201	7416.7
002241	6952.62
603355	6943.7
002675	6836.03
002727	6813.51
002714	6229.75
300273	5932.53
600804	5919.0
000776	5868.75
002051	5761.39
600664	5699.54
000928	5614.05
300106	5419.63
600691	5359.19
300156	4754.75
000829	4411.8
002027	4271.58
600557	4203.1
600741	4006.08
002480	3989.28
300097	3456.68
002583	3237.09
601318	3178.42
002195	3121.36
300308	2777.69
002273	2692.22
002562	2617.75
300450	2565.0
002833	2499.22
601818	2466.0
000820	2382.34
600967	2356.5
600525	2195.03
300161	2105.14
300129	2057.63
600703	1973.2
603808	1957.74
600518	1886.6
002304	1801.87
002709	1754.78
300545	1740.0
000065	1714.33
000799	1697.93
603377	1682.29
000925	1628.39
600990	1430.53
002353	1409.64
600166	1406.1
300310	1285.66
002202	1240.49
601668	1202.9
300078	1189.56
300306	1160.54
600879	1133.44
601009	1105.84
601288	1070.27
002279	1025.94
300072	970.15
002589	934.44
002244	842.4
300038	817.2
600406	787.26
000625	755.23
601398	743.04
600048	734.52
600823	727.91
600028	727.83
000543	727.53
000539	726.49
002142	724.57
601939	724.44
601166	722.71
000888	715.14
601607	662.71
000028	632.35
603589	628.56
600511	616.13
300007	604.8
601800	573.12
600146	562.81
601933	550.0
002235	508.2
601766	458.55
002250	420.24
600419	402.26
600029	371.57
300065	370.8
300147	343.2
600138	314.35
600837	308.5
002400	286.06
600637	270.48
002694	254.1
601998	212.02
600089	211.16
600271	196.14
300456	132.56
601098	125.79
000513	103.46
300003	103.29
603018	102.43
600498	99.38
600332	92.53
002299	87.93
002117	85.61
300011	82.56
600273	51.76
002391	51.13
002242	47.26
002422	41.34
600633	39.8
601088	34.85
000697	30.9
600176	29.57
603833	22.36
601228	13.13
601888	11.34
603768	10.43
603388	7.5
603178	3.72