002475	20
300136	20
600519	19
000651	17
002572	16
300156	16
002456	15
002236	14
000568	14
300115	14
000858	13
600056	13
600068	13
002415	12
300145	12
002466	11
002635	11
000423	11
000333	11
002241	9
000963	9
002589	9
002217	9
600703	9
002508	9
002310	9
002311	9
300197	8
600522	8
002008	8
300296	8
600887	8
000065	7
002035	7
600196	7
601318	6
002411	6
600104	6
002460	6
600183	6
600201	5
300355	5
600036	5
601398	5
600487	5
000820	5
000049	5
002185	5
600779	5
600518	5
601607	5
002045	5
002043	5
002273	4
600426	4
300072	4
300450	4
002142	4
002709	4
600146	4
002138	4
002583	4
601689	4
300408	4
002434	4
002640	4
600885	4
600089	4
300097	4
601012	4
002343	4
600110	4
002304	4
000928	3
002027	3
601009	3
002479	3
000661	3
000968	3
300144	3
601988	3
600867	3
002108	3
000039	3
600660	3
300068	3
300065	3
603808	3
600009	3
600879	3
603686	3
002384	3
600884	3
600066	3
300161	3
002127	3
600691	3
603588	3
600029	3
00175	3
002372	2
300365	2
600664	2
000925	2
000921	2
002450	2
603355	2
000998	2
002332	2
300100	2
600584	2
603818	2
600030	2
300207	2
002094	2
601328	2
600240	2
600977	2
002462	2
000967	2
300332	2
000799	2
002202	2
002511	2
002195	2
603626	2
601366	2
603589	2
600566	2
000089	2
002636	2
600079	2
02020	2
000776	2
601668	2
002250	2
300088	2
002179	2
000001	2
000418	2
300308	2
600557	2
002507	2
300476	2
002003	2
601899	2
601288	2
601111	2
000541	2
300433	2
601800	2
600739	2
002426	2
603833	2
002222	2
002838	2
002120	2
601933	2
002530	2
600511	2
600335	2
600338	2
002714	2
300285	2
300031	2
002271	1
002570	1
300426	1
002376	1
0	1
002051	1
002050	1
300393	1
000020	1
000530	1
000929	1
600072	1
002694	1
002029	1
00981	1
600048	1
601008	1
600273	1
600271	1
600276	1
002230	1
300106	1
002480	1
002528	1
600585	1
000063	1
002245	1
002243	1
603778	1
600750	1
600751	1
600033	1
600535	1
300203	1
600109	1
002090	1
000403	1
000400	1
002664	1
002705	1
300025	1
300148	1
300147	1
002568	1
002204	1
002562	1
000630	1
600864	1
00902	1
00867	1
300568	1
002295	1
002192	1
000919	1
000910	1
002036	1
002032	1
002581	1
603366	1
600563	1
300263	1
300340	1
300342	1
300347	1
300061	1
002322	1
001979	1
002554	1
002555	1
002391	1
300526	1
601818	1
00371	1
600741	1
00570	1
002078	1
600525	1
300232	1
600138	1
600258	1
000417	1
000823	1
600255	1
600256	1
600967	1
600966	1
002675	1
03888	1
300302	1
002777	1
600007	1
002609	1
002216	1
002351	1
002353	1
300406	1
600708	1
600702	1
601155	1
601098	1
002821	1
00874	1
002509	1
300274	1
002502	1
600676	1
02018	1
002180	1
600771	1
600195	1
000513	1
02238	1
002007	1
600456	1
002431	1
300273	1
300621	1
600674	1
002727	1
002641	1
300294	1
600298	1
300291	1
600297	1
300299	1
600835	1
600834	1
000768	1
603018	1
300129	1
002541	1
300432	1
600637	1
000166	1
00700	1
002044	1
002048	1
300389	1
300229	1
600498	1
603883	1
300545	1
000018	1
00494	1
600309	1
600061	1
600993	1
600990	1
300317	1
002449	1
600399	1
000949	1
600392	1
000682	1
300164	1
002616	1
600267	1
300003	1
002341	1
002340	1
002223	1
603169	1
600019	1
603040	1
002833	1
600690	1
601939	1
002537	1
600167	1
600166	1
300463	1
600768	1
000729	1
600028	1
600188	1
300219	1
600114	1
603306	1
603898	1
600332	1
002718	1
300049	1
000970	1
600340	1
601888	1
002303	1
600804	1
603008	1
600900	1