600885	24411.89
600335	15222.7
600035	12320.0
600338	12086.74
000910	12033.0
002250	11980.19
603883	11903.37
600856	11868.0
600382	11293.08
002611	10449.95
600110	10096.62
000823	9944.0
601566	9382.7
002108	9370.29
002398	9234.4
000568	8857.25
002394	8840.0
002138	8828.08
600138	8388.0
600565	6678.0
600056	3281.23
300115	3254.76
002456	3225.34
601398	2894.28
600195	2691.58
000590	2555.51
300145	2438.74
600093	2320.0
002409	2232.0
000422	2203.51
300365	2075.0
002241	2011.28
000001	1878.67
601318	1807.52
300411	1792.4
600083	1715.7
600731	1677.79
600519	1608.23
002412	1522.9
600409	1481.74
601857	1439.98
600888	1400.66
603001	1357.51
002426	1330.47
000554	1316.03
000651	1309.6
002475	1280.89
600596	1180.22
600085	1167.34
600691	1151.98
600036	1121.77
600104	1115.29
600883	1107.65
600619	1076.38
600509	1037.44
000778	1035.03
600919	1032.09
600068	1010.78
600362	1003.8
000639	993.56
600125	992.27
000877	979.13
600028	960.51
600418	924.8
601939	881.87
600547	876.24
601989	871.64
600674	862.0
002196	838.6
300284	831.84
002758	822.58
601117	812.4
601800	808.41
601288	807.18
601328	807.1
600477	804.0
600000	797.77
601997	789.0
601668	753.16
600022	750.0
300224	740.8
600826	710.32
002033	692.5
601009	692.33
600060	685.21
600689	665.33
601211	650.65
601166	630.62
000625	622.4
000858	615.12
000776	606.96
600616	604.42
600016	599.06
000019	576.36
600015	561.05
600031	546.99
002756	544.38
600741	539.11
601988	510.08
600787	487.97
600309	483.56
600358	473.47
600900	468.42
002781	452.61
600816	451.85
600208	450.51
601633	441.63
300017	418.69
600048	404.64
002142	403.19
600585	389.74
002205	372.47
002057	367.4
600561	359.35
600444	350.39
600719	347.42
002627	344.13
600448	343.45
600213	341.36
600079	337.95
000423	323.22
300258	310.98
000333	309.87
000726	307.34
601333	297.15
601390	295.75
600690	294.13
002056	268.46
600518	267.75
600688	262.56
601688	260.76
601998	252.43
600848	251.55
601336	240.79
600562	231.19
000686	224.09
000529	223.02
601628	213.85
601601	213.15
600128	211.06
002058	208.92
603085	205.31
600318	202.54
000967	143.43
002466	124.61
601012	110.2
600487	110.09
600503	105.03
002410	104.25
002581	102.18
300199	101.77
300113	101.71
600755	101.44
600736	100.41
603660	83.79
002635	59.7
600027	39.6
600030	32.12
601375	21.36
603298	14.78
300516	14.33
300512	12.49
300508	11.78
300568	10.73
300537	10.0
000062	9.94
603239	8.73
603959	8.09
603131	7.39
300515	6.95
603218	6.88
603877	6.43
002799	5.43
603416	5.39
002828	4.02
603886	3.97
000158	2.63
002512	2.61
601699	2.58
600259	2.55
000970	2.54