600885	0.1391
600035	0.0962
000910	0.094
600093	0.0933
600856	0.0927
002409	0.0898
600382	0.0882
300365	0.0835
600056	0.0818
002611	0.0816
300115	0.0811
002456	0.0804
600519	0.0789
601566	0.0733
300411	0.0721
002398	0.0721
000422	0.0717
600083	0.069
002394	0.069
600731	0.0673
600138	0.0655
601318	0.0645
300145	0.0608
600335	0.0602
600674	0.0601
600195	0.0586
600104	0.0568
600888	0.0562
000590	0.0556
600028	0.0549
000554	0.0528
600565	0.0521
000001	0.0517
600619	0.0501
600338	0.0479
002250	0.0474
603883	0.0471
002205	0.0445
600883	0.0444
002057	0.0439
600409	0.0434
600561	0.0429
600444	0.0418
600509	0.0416
600719	0.0415
000778	0.0415
002627	0.0411
600448	0.041
600213	0.0407
601989	0.0406
600362	0.0404
002241	0.04
600110	0.0399
600125	0.0398
000823	0.0393
000877	0.0393
601668	0.0379
601398	0.0379
601800	0.0376
002108	0.0371
000568	0.0369
002138	0.0349
000651	0.034
002196	0.0337
002426	0.0332
002412	0.0331
601328	0.0329
600477	0.0323
002475	0.0319
600689	0.031
600848	0.03
300224	0.0298
601166	0.0296
603001	0.0295
600596	0.0294
300017	0.0292
600826	0.0286
600616	0.0281
600016	0.0274
000019	0.0268
600036	0.0267
600031	0.0255
600085	0.0254
002756	0.0253
600060	0.0242
000639	0.0216
601211	0.0211
601288	0.0211
600309	0.0201
600919	0.0193
600691	0.0192
600816	0.0188
601633	0.0183
002758	0.0179
600000	0.0176
601857	0.0174
600048	0.0168
600068	0.0168
002142	0.0167
600585	0.0162
600418	0.0154
002033	0.0151
601628	0.0142
601601	0.0141
300284	0.0138
601117	0.0134
601997	0.013
600547	0.0127
600022	0.0124
601939	0.0121
600358	0.0103
000967	0.01
600741	0.0099
600208	0.0098
000858	0.0089
000776	0.0088
002466	0.0087
600015	0.008
601009	0.0077
600787	0.0076
601390	0.0074
601333	0.0074
600900	0.0068
601988	0.0066
600688	0.0066
601998	0.0063
000625	0.0055
601012	0.0052
600487	0.0052
600503	0.005
002410	0.0049
002581	0.0048
300199	0.0048
300113	0.0048
600755	0.0048
600736	0.0048
000423	0.0047
000726	0.0045
000333	0.0045
300258	0.004
600518	0.0039
600690	0.0038
002056	0.0034
000686	0.0034
002635	0.0029
601688	0.0026
601336	0.0024
600562	0.0023
000529	0.0022
002781	0.0022
600128	0.0021
002058	0.0021
600318	0.002
603085	0.002
603660	0.0013
600079	0.0011
300516	0.0011
300512	0.001
300508	0.0009
603298	0.0007
601375	0.0007
300515	0.0006
603131	0.0006
600027	0.0006
600030	0.0006
603959	0.0006
603218	0.0005
000062	0.0005
002799	0.0004
603416	0.0004
603877	0.0003
300568	0.0002
300537	0.0002
600259	0.0001
603886	0.0001
002512	0.0001
002828	0.0001
601699	0.0001
000970	0.0001
000158	0.0001
603239	0.0