002466	1.756
002456	1.3051
000651	1.2439
002460	1.1062
002008	1.0858
002236	1.0851
300136	0.8858
601318	0.6408
600519	0.6371
300450	0.62
000333	0.5941
600110	0.5801
002050	0.5521
002475	0.4926
002635	0.4916
300115	0.4887
300197	0.4665
000568	0.4538
002241	0.4535
000858	0.4496
000063	0.4476
600622	0.4425
002035	0.4299
600703	0.4291
002217	0.4224
603799	0.4153
300296	0.4144
002508	0.4047
002415	0.3986
001979	0.3568
600884	0.3399
002310	0.3318
600885	0.3284
600056	0.306
600036	0.3
002411	0.2896
601601	0.2885
002450	0.2694
600038	0.2538
600183	0.2514
300355	0.2464
600477	0.2289
600887	0.2252
002025	0.2233
002027	0.2209
000921	0.2204
600104	0.2135
002572	0.2113
300207	0.1958
600487	0.1936
300142	0.1925
300365	0.1912
600029	0.1889
000963	0.1862
600867	0.1847
600406	0.1826
002078	0.1825
002271	0.1787
002185	0.1778
600338	0.1747
300616	0.171
000823	0.1709
300065	0.1677
002179	0.1656
002311	0.1619
603626	0.1611
002085	0.1609
600990	0.1596
600549	0.159
603883	0.1572
600741	0.1548
002127	0.1545
002384	0.1535
00700	0.1527
00175	0.1527
601699	0.1519
600030	0.1519
002640	0.149
600068	0.1481
300073	0.148
600079	0.1456
002195	0.1427
600491	0.1391
002636	0.1386
300383	0.1362
000002	0.1327
002599	0.1322
601689	0.132
600372	0.1314
600176	0.1314
300567	0.1308
300145	0.1292
000418	0.1285
300323	0.1282
601211	0.1276
002340	0.127
600383	0.1263
300408	0.1254
300577	0.125
300324	0.1229
601111	0.1224
601933	0.1221
600566	0.1219
600340	0.1172
600335	0.117
600893	0.1156
002175	0.1133
300083	0.1113
600062	0.1109
600879	0.109
603808	0.1057
002013	0.1054
600066	0.1042
600998	0.1035
002831	0.1031
603939	0.103
601012	0.103
000938	0.1028
002449	0.1024
002727	0.1024
000830	0.1016
600660	0.1009
002188	0.1009
600562	0.1006
600865	0.0993
002833	0.0989
600419	0.0984
300335	0.0981
002221	0.0976
002410	0.0965
002142	0.0964
300595	0.0962
600362	0.0955
600031	0.0951
600967	0.0938
002589	0.0933
300287	0.0904
000662	0.0897
600686	0.0896
601888	0.0896
601939	0.088
002581	0.0878
300308	0.0877
02018	0.0874
000937	0.0871
600563	0.0865
000900	0.0849
000997	0.0843
600146	0.0834
300078	0.0833
600568	0.0816
300340	0.0807
601166	0.0793
600739	0.0789
002773	0.078
002372	0.0778
002273	0.0774
002665	0.0769
600693	0.0764
601288	0.0762
600201	0.0761
000661	0.0761
002138	0.0757
300090	0.075
000400	0.0743
000498	0.0742
300279	0.0741
002614	0.0737
300232	0.0735
002048	0.0734
002439	0.0724
000895	0.0713
600808	0.0713
603006	0.071
300033	0.0707
002530	0.0705
300619	0.0703
601088	0.0703
600426	0.0692
300310	0.0685
002174	0.0682
300226	0.0676
300007	0.0676
600309	0.0674
300337	0.0669
300156	0.0668
600750	0.0667
600308	0.0663
300367	0.0662
300068	0.0661
600603	0.0658
600196	0.0657
000878	0.0655
603588	0.065
300231	0.0647
600360	0.0646
600466	0.0645
600584	0.0643
000983	0.0636
002421	0.0634
002036	0.0633
601688	0.063
300003	0.0614
600015	0.0613
002203	0.0607
300347	0.0597
600516	0.0593
002240	0.0583
300128	0.0581
002081	0.0579
002617	0.057
000423	0.0569
600348	0.0566
000028	0.0565
600409	0.0553
600997	0.0553
601398	0.0545
000597	0.0545
000998	0.0538
300476	0.0535
002192	0.0534
002303	0.0533
300613	0.0531
300252	0.0523
600095	0.0523
000967	0.0523
300274	0.0523
002120	0.0523
300212	0.0521
300456	0.0515
601607	0.0513
600643	0.0512
601997	0.0511
603788	0.0507
600298	0.0504
002343	0.05
600777	0.0498
600900	0.0497
02382	0.0495
603078	0.0494
002705	0.0491
601799	0.0491
601231	0.0487
300097	0.0487
300015	0.0479
002049	0.0472
600674	0.0469
002126	0.0468
300144	0.0464
000910	0.0463
02318	0.046
600809	0.0458
002365	0.0455
603818	0.0454
600089	0.0451
603833	0.0448
600661	0.0446
601336	0.0446
600690	0.0443
002570	0.0442
002426	0.0441
000429	0.0441
300447	0.044
002354	0.0437
600872	0.0435
002714	0.0435
600875	0.0434
000338	0.0431
002032	0.0426
600845	0.0426
300017	0.0425
000089	0.0425
002304	0.0425
601339	0.0424
300203	0.0423
603869	0.042
600269	0.042
000069	0.0418
600229	0.0418
002496	0.0415
000596	0.0413
000030	0.0411
002444	0.0408
603186	0.0407
000725	0.0407
300294	0.0404
603993	0.0403
002074	0.0403
000538	0.04
000826	0.04
600258	0.0398
002024	0.0397
000968	0.0397
601636	0.0395
01299	0.0395
000999	0.0391
002065	0.0385
600233	0.0385
600270	0.0384
02020	0.0384
600073	0.0378
300116	0.0378
300072	0.0376
002043	0.0376
300271	0.0374
600197	0.0373
002108	0.0367
300571	0.0363
300346	0.0355
00388	0.0352
000065	0.0345
002139	0.0343
002325	0.0341
601169	0.0341
000928	0.0329
000786	0.0328
300219	0.0328
600312	0.0326
600993	0.0325
600718	0.0324
002766	0.0324
300049	0.0318
600837	0.0316
603338	0.0311
600971	0.0308
000050	0.0306
000639	0.0302
600004	0.0302
002555	0.0299
002624	0.0297
002638	0.0297
300327	0.0297
002101	0.0296
600188	0.0295
300433	0.0292
600388	0.0291
603158	0.0291
300012	0.0285
300284	0.0285
300101	0.0282
600297	0.0279
603868	0.0277
002262	0.0276
600276	0.0269
00027	0.0268
300124	0.0261
603888	0.0258
603816	0.0252
600166	0.0242
300467	0.0236
600377	0.0234
01186	0.0228
002223	0.0226
00066	0.0212
600160	0.0212
603601	0.021
000581	0.0202
600816	0.0196
600966	0.0196
000036	0.0187
000543	0.0187
600856	0.0185
002564	0.018
002244	0.0178
000936	0.0178
000521	0.0176
000540	0.0166
600688	0.0165
000960	0.0134
002019	0.0134
600016	0.0132
000488	0.0132
600755	0.0126
600499	0.0124
002092	0.0123
600734	0.0123
600657	0.0119
000776	0.0111
600085	0.0095
600498	0.0085
600620	0.0082
000628	0.008
600792	0.007
600784	0.0067
600050	0.0063
000906	0.0062
300092	0.006
600593	0.0056
601989	0.0055
300403	0.0054
002596	0.0052
603099	0.0052
600795	0.0035
601919	0.0017
002859	0.0016
002860	0.0013
601878	0.0012
600100	0.0004
603801	0.0003