0	39.0
002120	0.7144
600233	0.4294
002572	0.3979
002456	0.3648
600110	0.361
600885	0.3478
300142	0.3219
300017	0.3197
300115	0.3174
300136	0.3174
002045	0.3055
300340	0.2907
600500	0.2641
002530	0.2484
600566	0.2483
300073	0.2465
002640	0.2457
002180	0.2414
600867	0.2376
000070	0.2354
300302	0.2316
300061	0.2298
000687	0.2262
002582	0.2217
600521	0.2217
002511	0.2214
600967	0.2166
002343	0.2118
002665	0.1998
300232	0.1901
002308	0.19
002250	0.1845
002709	0.1808
001696	0.1807
603108	0.1805
002325	0.1804
300359	0.1791
000590	0.1787
002411	0.1773
600547	0.1747
300156	0.1738
601800	0.1727
000423	0.171
600389	0.1691
002468	0.1675
000910	0.1652
600276	0.1646
002494	0.1637
300347	0.1591
000651	0.1552
300196	0.1534
300379	0.1461
600519	0.1447
300458	0.1404
300159	0.1396
600763	0.1395
002236	0.1374
002155	0.1365
300008	0.1361
002050	0.134
600060	0.134
600419	0.1324
600325	0.1323
600030	0.131
002007	0.131
600198	0.1295
000971	0.1287
002127	0.1285
600559	0.1284
300202	0.1253
002001	0.1236
002460	0.1221
600338	0.1177
300285	0.1166
300065	0.116
002085	0.1156
000820	0.1146
000821	0.1145
002415	0.1141
300113	0.1131
002662	0.1125
600240	0.1104
000983	0.109
300088	0.1086
002627	0.1072
600622	0.1069
300304	0.106
000963	0.1059
002044	0.1057
300047	0.1045
300271	0.1042
002699	0.1033
600487	0.1026
300284	0.1007
300456	0.1006
300404	0.1002
002475	0.1
002273	0.0996
601699	0.0989
600888	0.0989
002319	0.0968
000063	0.0966
600697	0.0966
600693	0.096
000911	0.0933
300121	0.0931
002476	0.0927
000952	0.0922
600661	0.0911
601186	0.0903
600731	0.09
000333	0.0898
603555	0.0897
600701	0.0882
300031	0.0874
300036	0.0873
002482	0.0867
000568	0.0865
300149	0.0862
603011	0.0843
603883	0.0841
002084	0.0833
002636	0.0832
300341	0.0825
300364	0.0825
002126	0.0824
002322	0.0823
000925	0.0811
300197	0.0811
002631	0.0803
000035	0.0803
300396	0.0792
002247	0.0792
600183	0.0791
600528	0.0778
600475	0.0776
300409	0.0776
002384	0.0776
600643	0.0773
603808	0.0773
002352	0.0772
002311	0.0772
002173	0.077
600562	0.0763
001979	0.0756
600557	0.0756
300373	0.0755
300210	0.0754
300356	0.0751
002548	0.075
002773	0.0749
002626	0.0734
000678	0.0734
300520	0.0727
300279	0.0726
002450	0.0718
002036	0.0718
002185	0.0718
002299	0.0714
603601	0.0707
300444	0.0705
300465	0.0699
600816	0.0691
000606	0.069
300370	0.0688
600576	0.0685
603368	0.0672
002630	0.0668
600335	0.0667
000001	0.0665
002706	0.0664
002466	0.0662
600749	0.0662
300474	0.0658
002394	0.065
600439	0.064
300080	0.0627
300250	0.0626
300400	0.0619
300310	0.0613
300144	0.061
000975	0.0609
002436	0.0609
002333	0.0608
002350	0.0607
603703	0.0606
300345	0.0601
002529	0.06
002243	0.06
300138	0.06
000948	0.0596
002458	0.0595
002409	0.0593
002339	0.0589
002462	0.0589
603021	0.0589
600491	0.0589
002609	0.0587
600883	0.0587
300137	0.0585
002149	0.0579
600584	0.0574
002659	0.0573
002313	0.057
300327	0.057
600257	0.0569
000697	0.0568
000933	0.0562
002078	0.0561
600489	0.056
000561	0.0556
000796	0.0556
600497	0.0553
002332	0.0551
300090	0.0548
002387	0.0547
600997	0.0546
002183	0.0545
600048	0.0544
000554	0.0541
002464	0.054
600614	0.0537
600136	0.0534
300408	0.0528
000625	0.0527
002775	0.0527
000028	0.0525
000608	0.0525
002138	0.0523
000422	0.0523
600995	0.0523
002694	0.0518
000010	0.0516
300033	0.0516
000818	0.0514
600884	0.0514
002761	0.0514
300296	0.0508
002405	0.0508
002035	0.0507
600056	0.0507
000501	0.0506
002617	0.0505
600784	0.0504
000731	0.0504
002316	0.0504
300106	0.0504
002053	0.0497
300025	0.0497
002371	0.0496
002103	0.0496
603899	0.0496
002081	0.0496
603010	0.0495
603658	0.0493
300342	0.0492
002241	0.0491
000021	0.0489
000418	0.0487
000708	0.0484
601155	0.0483
000978	0.0483
600448	0.0482
300287	0.0482
600699	0.0481
002717	0.0481
002059	0.048
002214	0.0478
300463	0.0477
300326	0.0476
002425	0.0476
300109	0.0476
002368	0.0474
300377	0.0474
600083	0.0472
002517	0.047
300266	0.047
600509	0.047
002565	0.0469
000826	0.0468
600561	0.0467
600282	0.0467
300383	0.0467
600963	0.0465
600605	0.0464
600826	0.0461
600985	0.0459
002117	0.0456
600727	0.0455
002406	0.0452
300430	0.0448
002664	0.0447
300215	0.0446
600719	0.0445
002509	0.0445
300103	0.0444
002733	0.0444
300013	0.0444
002762	0.0444
600363	0.0443
002026	0.0442
002094	0.044
300365	0.044
002057	0.0439
002055	0.0438
300300	0.0437
600687	0.0436
000823	0.0435
600309	0.0435
600600	0.0435
000403	0.0434
000530	0.0433
600267	0.043
000922	0.043
601717	0.0429
600681	0.0429
300059	0.0429
600099	0.0428
000058	0.0427
000968	0.0425
300199	0.0424
002077	0.0417
002245	0.0416
000938	0.0415
600958	0.0412
002563	0.0411
300069	0.0409
600538	0.0407
002108	0.0405
002383	0.0405
600593	0.0405
600803	0.0405
000538	0.0404
002262	0.0404
300212	0.0404
002445	0.0402
300187	0.0401
002043	0.0398
300228	0.0398
300420	0.0397
601555	0.0393
603020	0.0391
300253	0.0389
000858	0.0389
300119	0.0389
300104	0.0388
000065	0.0387
000739	0.0386
601318	0.0385
000547	0.0385
601166	0.0384
600988	0.0384
600066	0.0383
002023	0.0381
600336	0.038
600751	0.0379
600998	0.0378
600188	0.0377
000810	0.0376
300128	0.0376
300265	0.0371
300221	0.0369
600266	0.0367
600682	0.0365
300378	0.0363
300068	0.036
002175	0.0359
300429	0.0358
002635	0.0358
000004	0.0358
601225	0.0357
600702	0.0357
000928	0.0355
600476	0.0353
002693	0.0351
600479	0.035
300263	0.0346
600821	0.0343
300182	0.034
300203	0.0338
300339	0.0338
600054	0.0338
601898	0.0337
600833	0.0335
600340	0.0334
601678	0.0333
300005	0.0333
300084	0.0331
300213	0.0331
600689	0.033
002588	0.0329
600898	0.0327
600195	0.0324
600486	0.0323
300322	0.0322
000426	0.0321
300037	0.032
002740	0.0317
000060	0.0317
300452	0.0316
300301	0.0316
002354	0.0315
002170	0.0314
300223	0.0314
600740	0.0312
603377	0.0312
002400	0.0312
000998	0.0311
300455	0.0309
600520	0.0309
300096	0.0309
300012	0.0307
600050	0.0307
300450	0.0306
300431	0.0306
002193	0.0305
600715	0.0305
603308	0.0305
300291	0.0302
002427	0.0301
300403	0.0301
300401	0.0301
300410	0.03
603989	0.0299
300168	0.0299
002581	0.0298
600268	0.0298
600529	0.0297
300056	0.0296
000835	0.0295
600750	0.0295
000711	0.0295
300278	0.0293
300494	0.0291
600760	0.0291
002340	0.029
600671	0.0288
300166	0.0288
000703	0.0287
300130	0.0286
300219	0.0282
600285	0.0281
002358	0.0281
603669	0.028
600990	0.028
002567	0.0279
002087	0.0278
000662	0.0275
600055	0.0274
601009	0.0268
600894	0.0265
600098	0.0264
002240	0.0261
600781	0.0254
000597	0.0253
300289	0.0253
600613	0.0252
002412	0.0252
600746	0.0252
600859	0.025
300224	0.0247
300422	0.0239
002766	0.0239
600771	0.0235
601211	0.0231
002279	0.0228
300471	0.0227
000623	0.0225
002395	0.0223
601668	0.0222
601998	0.0222
002410	0.021
300294	0.0207
600015	0.0206
601789	0.0204
600000	0.0203
600064	0.0203
300078	0.0201
300252	0.0198
601618	0.0195
600281	0.0192
002133	0.0189
600511	0.0189
002564	0.0188
002071	0.0186
000980	0.0182
002272	0.0181
002105	0.0181
002687	0.018
002435	0.0178
600984	0.0177
600327	0.0177
002726	0.0176
600508	0.0175
000698	0.0174
000782	0.0174
603167	0.0174
300029	0.0173
600703	0.0096
000953	0.0086
000609	0.0085
600337	0.0084
000613	0.0083
002718	0.0083
002493	0.0082
002771	0.0082
300018	0.0082
603158	0.0082
600393	0.0082
600979	0.008
300132	0.0079
600847	0.0078
002719	0.0078
300214	0.0077
002281	0.0036
600028	0.0031
600893	0.0029
002673	0.0029
002092	0.0029
002739	0.0028
601601	0.0027
002302	0.0027
002657	0.0026
601006	0.0025
600399	0.0025
600418	0.0024
000752	0.0019
603008	0.0018
600688	0.0015
002510	0.0014
601198	0.0014
603118	0.0014
7	0.0
5	0.0