0	18.0
002466	1.1881
002460	0.9586
601318	0.8651
000651	0.8021
00700	0.5383
002236	0.5054
002456	0.4978
000063	0.4696
600110	0.459
002008	0.4585
600036	0.4509
600519	0.4368
600409	0.3805
002241	0.3716
000858	0.353
000333	0.3425
603799	0.3336
600742	0.313
601699	0.3097
601607	0.3056
600030	0.2981
601601	0.2922
600887	0.284
000671	0.2815
600309	0.2745
600348	0.2741
300450	0.2726
002078	0.248
300100	0.2474
000568	0.2407
002635	0.235
001979	0.2306
002717	0.2262
600884	0.2237
02238	0.2224
000963	0.2205
600406	0.2196
000983	0.2167
600966	0.2164
002050	0.213
600019	0.2102
300136	0.2078
600230	0.2072
002142	0.2057
600340	0.2052
00175	0.2044
600885	0.2039
600703	0.2008
02318	0.2007
002415	0.1991
300073	0.1906
000898	0.1904
601169	0.1895
601933	0.1881
002640	0.1856
600643	0.1814
600104	0.1801
600622	0.1794
02018	0.1762
600068	0.1681
601166	0.1655
03888	0.1649
300115	0.1639
000488	0.1624
600566	0.1593
000895	0.1591
601288	0.1587
601398	0.1559
02328	0.1541
00005	0.1531
00939	0.1527
00570	0.1525
600681	0.1516
01728	0.1516
000776	0.1509
000418	0.1483
601668	0.1481
002340	0.148
002475	0.1462
002101	0.1448
002531	0.1383
02388	0.1379
02382	0.1375
600549	0.135
601939	0.1346
300197	0.1329
300408	0.1321
002027	0.1309
000661	0.1304
300323	0.1293
000915	0.1277
300367	0.1274
002411	0.1272
603993	0.1269
002310	0.1261
601088	0.1261
600031	0.1222
000002	0.1222
600016	0.1221
600516	0.1214
002035	0.1211
600518	0.1196
002202	0.1194
002311	0.1188
600183	0.1183
601336	0.118
002302	0.1175
600153	0.1163
00371	0.1147
300467	0.1139
00285	0.1126
01299	0.1117
002138	0.1111
000807	0.1088
002384	0.1083
603626	0.108
300364	0.108
000630	0.1065
000001	0.1043
601997	0.1031
00751	0.1016
600808	0.1014
600362	0.1008
000603	0.1004
000823	0.1004
600282	0.0998
300203	0.099
300267	0.0989
300324	0.0978
600123	0.0974
002383	0.0973
000403	0.0969
600146	0.0964
600338	0.0957
300418	0.0953
600507	0.0953
300003	0.0948
601009	0.0931
300274	0.0928
002714	0.0922
600491	0.0908
000060	0.0906
300104	0.0902
601155	0.0896
600864	0.0893
000426	0.0893
300182	0.0888
000625	0.0886
002694	0.0885
002570	0.0884
600066	0.0882
601225	0.0874
000811	0.0855
002304	0.085
600015	0.0841
600782	0.0828
600594	0.082
300166	0.0819
002188	0.0818
000725	0.0814
300199	0.0808
300294	0.0808
01398	0.0806
1398	0.0806
600056	0.0802
002494	0.0792
600585	0.079
00874	0.079
002372	0.0778
603377	0.0774
002636	0.0761
600188	0.0758
002508	0.0755
00867	0.0747
300271	0.0734
000069	0.0732
00966	0.0731
601231	0.0726
01336	0.071
600000	0.0708
000959	0.0706
002583	0.0703
600276	0.0698
03968	0.0692
601111	0.0691
000830	0.069
300007	0.0689
000910	0.0683
01882	0.068
601888	0.068
002434	0.0678
600352	0.0674
601717	0.0669
600426	0.0665
002450	0.0661
601899	0.0655
600741	0.0652
600267	0.0642
600487	0.0641
000860	0.0637
002739	0.0635
002175	0.0634
600614	0.0621
600085	0.0621
000639	0.0604
601012	0.059
600873	0.0586
600581	0.0585
600048	0.0585
600335	0.0585
300332	0.0573
002146	0.057
300012	0.057
002617	0.057
600660	0.0568
600270	0.0554
600997	0.0553
002223	0.0552
002766	0.0546
600266	0.0536
002019	0.0531
000878	0.0526
600466	0.0518
300456	0.0515
000423	0.0514
601600	0.0511
002400	0.0511
600856	0.051
603899	0.0501
300616	0.0501
300316	0.05
002308	0.0495
000700	0.0494
300083	0.049
000600	0.048
300144	0.0477
603883	0.0466
600801	0.0466
300296	0.0464
600529	0.0463
300403	0.0462
002182	0.046
300257	0.0458
300335	0.0457
600477	0.0451
600180	0.0447
000059	0.044
000786	0.0437
300287	0.0437
600893	0.0433
300410	0.0433
600686	0.0425
600612	0.0418
300033	0.0418
600089	0.0414
002568	0.0408
600999	0.0406
002271	0.0405
000402	0.0404
300188	0.0404
603556	0.0403
600547	0.04
603108	0.0399
000949	0.0398
002024	0.0397
300061	0.0394
002032	0.0391
300571	0.0386
002065	0.0385
000975	0.0385
600804	0.0385
300340	0.0384
002563	0.0383
603816	0.0382
600489	0.0381
002217	0.0379
600809	0.0379
600452	0.0376
600197	0.0373
000030	0.0371
002131	0.0371
300070	0.037
000049	0.0369
601818	0.0368
002108	0.0367
002230	0.0366
600546	0.0365
600761	0.0362
000338	0.0361
000513	0.0357
002343	0.0354
000596	0.0353
00388	0.0352
600027	0.035
002036	0.0349
600072	0.0347
002541	0.0345
600310	0.0342
002624	0.0342
300058	0.0339
600271	0.0334
002503	0.0329
002126	0.0328
002385	0.0322
601677	0.0317
600837	0.0316
002041	0.0313
002110	0.0309
000018	0.0308
600050	0.0308
01293	0.0306
600176	0.0301
002444	0.0301
300409	0.03
300308	0.0299
002638	0.0297
600195	0.0295
300433	0.0292
600388	0.0291
603158	0.0291
000820	0.0288
600894	0.0286
300101	0.0282
002074	0.0275
300017	0.0273
00762	0.0269
00027	0.0268
600827	0.0258
002555	0.0253
600816	0.025
000933	0.0249
300365	0.0248
601211	0.0245
600826	0.0241
002174	0.024
002501	0.0239
000050	0.0237
002376	0.0236
002690	0.0235
000404	0.0235
600028	0.0235
01186	0.0228
600297	0.0227
000620	0.0226
002614	0.0221
603898	0.0215
002426	0.0213
00066	0.0212
600990	0.0212
600850	0.021
000066	0.0209
300146	0.0207
002092	0.0196
000900	0.0192
600261	0.0188
601636	0.0187
000036	0.0187
002496	0.0187
002203	0.0183
000936	0.0178
000521	0.0176
002345	0.0176
000524	0.0172
000581	0.0171
600754	0.017
000540	0.0166
002589	0.0165
000587	0.0165
002354	0.0164
002221	0.0164
600258	0.0162
600038	0.016
600004	0.016
601007	0.0159
000026	0.0159
600061	0.015
002081	0.0149
600023	0.0147
601788	0.0145
000411	0.0113
600657	0.0095
600074	0.0072
002539	0.0072
600138	0.0067
600511	0.0064
600998	0.0054
000707	0.0053
002195	0.0053
000525	0.0053
002215	0.0053
000938	0.0053
603043	0.0002
603679	0.0
603286	0.0