002120	15
600110	10
600233	9
002045	8
002640	7
0	6
300115	6
603808	6
600885	6
002343	6
000711	6
002456	5
002582	5
300237	5
000423	5
600593	5
000651	5
300031	5
300197	4
300456	4
600030	4
600240	4
300144	4
600867	4
002103	4
000910	4
600566	4
000590	4
300347	4
600967	4
300279	4
002180	4
300196	4
000070	4
300365	4
001696	4
600500	4
600079	3
600276	3
300073	3
300458	3
300202	3
603703	3
002468	3
000963	3
002511	3
600363	3
002325	3
001979	3
002494	3
600746	3
002173	3
000820	3
000821	3
600521	3
300017	3
300408	3
002352	3
002509	3
300278	3
600198	3
600519	3
002310	3
601800	3
600995	3
600547	3
002127	3
300212	3
300326	3
002308	3
300136	3
002050	2
002059	2
600098	2
000028	2
000925	2
002023	2
002694	2
002693	2
600382	2
600389	2
002450	2
600475	2
600477	2
601225	2
002627	2
300379	2
000662	2
601699	2
000065	2
000063	2
002240	2
300455	2
600751	2
002411	2
002149	2
300203	2
002094	2
002098	2
600325	2
000404	2
002665	2
000568	2
600816	2
300142	2
002368	2
300244	2
002519	2
000034	2
002035	2
300187	2
000597	2
000983	2
300340	2
002733	2
002638	2
002636	2
300182	2
300068	2
300342	2
300065	2
601198	2
002322	2
600826	2
601669	2
002250	2
002170	2
000001	2
600529	2
002406	2
600486	2
600963	2
300304	2
002476	2
300300	2
300302	2
002773	2
002479	2
000739	2
002605	2
002609	2
300159	2
300015	2
300018	2
002214	2
601997	2
300409	2
000606	2
600682	2
300271	2
002185	2
002001	2
002007	2
002435	2
300351	2
002319	2
600060	2
002383	2
002384	2
603555	2
002047	2
002043	2
300226	2
600622	2
600491	2
300228	2
603883	2
600643	2
600066	2
000933	2
600068	2
600997	2
002766	2
000687	2
000333	2
300161	2
300364	2
600261	2
601166	2
600693	2
002084	2
600697	2
300262	2
603601	2
300463	2
600763	2
600833	2
002155	2
600337	2
300285	2
300284	2
300137	2
002272	1
002570	1
002572	1
300422	1
000623	1
600721	1
600727	1
600894	1
600898	1
000835	1
600267	1
002053	1
002057	1
002055	1
601555	1
300252	1
002279	1
300199	1
300396	1
000558	1
600099	1
000625	1
601318	1
000530	1
000928	1
000922	1
300087	1
002027	1
002756	1
300084	1
300080	1
600985	1
300088	1
600479	1
600048	1
600476	1
002475	1
000997	1
601006	1
300377	1
300072	1
300378	1
002333	1
002239	1
002339	1
601186	1
002236	1
600856	1
601678	1
000697	1
300104	1
300103	1
300109	1
300289	1
002480	1
002482	1
600584	1
002247	1
002243	1
600613	1
600750	1
600559	1
002412	1
002146	1
002415	1
300207	1
601328	1
600327	1
000818	1
600568	1
600329	1
600328	1
002664	1
600976	1
002662	1
000561	1
600979	1
002466	1
002462	1
002709	1
002706	1
300339	1
600266	1
000967	1
000968	1
000708	1
000703	1
002117	1
300025	1
000790	1
000796	1
300029	1
002569	1
002563	1
002564	1
002364	1
300416	1
002366	1
601398	1
603108	1
600719	1
600248	1
300241	1
002517	1
002105	1
002510	1
600146	1
000035	1
002297	1
002193	1
600781	1
000782	1
601717	1
600661	1
000919	1
000911	1
600169	1
002581	1
600448	1
002588	1
002425	1
601566	1
603368	1
600562	1
600561	1
002739	1
000980	1
002635	1
300183	1
002631	1
002630	1
300069	1
300344	1
300061	1
600285	1
600281	1
000678	1
600821	1
002026	1
002460	1
002508	1
600282	1
300119	1
600988	1
002493	1
002394	1
002350	1
300444	1
002391	1
600984	1
002398	1
600740	1
603669	1
600621	1
600749	1
601618	1
002078	1
002175	1
002077	1
300238	1
600489	1
000004	1
600520	1
000002	1
300231	1
601336	1
002152	1
000823	1
000826	1
002672	1
300301	1
002771	1
600000	1
600419	1
600551	1
000953	1
603021	1
600309	1
300012	1
300013	1
300156	1
300221	1
002358	1
000608	1
000609	1
603118	1
601799	1
600703	1
600702	1
600701	1
601155	1
300383	1
600688	1
002133	1
603686	1
600681	1
002503	1
600671	1
300477	1
300471	1
600771	1
600195	1
600056	1
600055	1
600054	1
600050	1
600511	1
000581	1
300054	1
600958	1
002726	1
300050	1
002395	1
300059	1
300296	1
300294	1
300359	1
300356	1
300403	1
601898	1
002316	1
002200	1
002313	1
603010	1
603158	1
600834	1
300520	1
300078	1
300121	1
300124	1
300401	1
300370	1
002541	1
002548	1
002262	1
002265	1
600884	1
600887	1
603658	1
601238	1
601601	1
002044	1
002049	1
300224	1
300223	1
002687	1
600083	1
000971	1
000938	1
600061	1
000426	1
300282	1
600998	1
601789	1
300310	1
300090	1
600439	1
002762	1
600398	1
002761	1
600715	1
600393	1
000725	1
002611	1
002612	1
300005	1
600268	1
300002	1
002341	1
000752	1
603167	1
000613	1
600845	1
600847	1
601169	1
002126	1
002085	1
002087	1
300263	1
300266	1
300265	1
600603	1
600600	1
600605	1
300465	1
600608	1
600760	1
600028	1
600029	1
000501	1
600188	1
002400	1
002409	1
002159	1
300219	1
300214	1
300215	1
300210	1
600508	1
603308	1
000698	1
600336	1
300047	1
002718	1
002719	1
600340	1
5	1
000975	1
300322	1
002303	1
300138	1
603008	1
600803	1
000488	1
300036	1
300135	1
300132	1