0	25.0
600547	0.5601
300073	0.5078
600990	0.4734
600489	0.4547
002418	0.3903
600519	0.3602
002247	0.3497
300296	0.3369
300065	0.336
002460	0.318
002303	0.3085
000910	0.3007
002155	0.2881
600988	0.2878
300300	0.2847
002394	0.2816
300279	0.2788
300310	0.2696
600855	0.2657
002371	0.2638
300302	0.2597
002472	0.258
300161	0.2576
300008	0.2568
600702	0.2566
300213	0.254
300101	0.2423
300304	0.2376
000835	0.235
300278	0.231
002297	0.2309
600667	0.2294
300261	0.2286
002339	0.2248
300128	0.2224
601799	0.2197
601899	0.2127
601069	0.2061
002709	0.2047
300109	0.2002
300340	0.2002
002445	0.199
600459	0.1974
002716	0.1955
002643	0.1943
300210	0.1914
300219	0.1908
002452	0.19
002338	0.1897
002010	0.189
002367	0.1884
300322	0.1869
002013	0.1866
300326	0.1808
002007	0.1788
300136	0.1762
002273	0.173
600584	0.1719
000901	0.1713
002456	0.1687
300342	0.1676
002466	0.167
603158	0.164
300114	0.163
002048	0.1629
600562	0.1612
300007	0.1609
300252	0.1608
002543	0.1604
600006	0.1599
002421	0.1587
000568	0.1576
300137	0.1573
000957	0.1557
300112	0.1542
300233	0.153
600303	0.1521
300456	0.1473
600666	0.1402
002108	0.14
002184	0.1399
300072	0.1341
603788	0.1339
600570	0.1334
600110	0.1312
002582	0.1309
600382	0.1306
000650	0.1297
300160	0.1281
300207	0.128
600622	0.1274
600149	0.1273
002179	0.1261
600316	0.1253
600419	0.1253
002458	0.125
600521	0.1244
300012	0.1241
300499	0.1238
002712	0.1237
600885	0.1228
600076	0.1215
300159	0.1206
002533	0.1197
300195	0.1196
600391	0.117
002340	0.1162
000700	0.116
600735	0.1156
600038	0.1153
603799	0.1147
300075	0.1139
002572	0.1136
300458	0.1127
300145	0.1123
300452	0.112
300014	0.1116
000070	0.1107
603601	0.1106
300503	0.1099
002167	0.1099
300047	0.1091
002281	0.109
300287	0.1085
000612	0.1083
300011	0.1081
300367	0.1068
002519	0.1064
300389	0.1055
000002	0.1043
600869	0.1041
000851	0.1017
002735	0.1006
600337	0.0998
002635	0.0994
002690	0.0993
300049	0.0989
002384	0.0979
603009	0.0968
002398	0.0967
300449	0.0964
002117	0.0962
002243	0.0949
300245	0.0944
000975	0.0931
601566	0.0921
002733	0.0911
000060	0.0909
300299	0.0906
002611	0.0905
300312	0.0904
002662	0.0902
300467	0.0902
002547	0.0896
002230	0.0896
300491	0.0884
000059	0.0862
000768	0.0861
603611	0.0846
002387	0.0837
002076	0.0835
002224	0.0828
002400	0.0828
600362	0.0824
002402	0.0811
000895	0.0809
002684	0.0796
300356	0.079
600760	0.0779
600563	0.0776
002439	0.0774
300379	0.0773
002325	0.0771
603703	0.0767
000423	0.0764
002288	0.0762
002594	0.0761
300507	0.076
002077	0.0757
000661	0.0746
300142	0.0743
300115	0.0738
002131	0.0737
300365	0.0733
000158	0.0732
600203	0.073
600745	0.0728
300156	0.0727
600593	0.0726
300144	0.0725
600298	0.0723
002609	0.0721
000558	0.072
002695	0.0715
000887	0.0704
002138	0.0696
300325	0.0692
300508	0.0688
300058	0.0686
002241	0.0684
600779	0.0677
002534	0.0677
300309	0.0672
603368	0.0658
002103	0.0656
300017	0.065
600029	0.0643
300370	0.0639
300336	0.0636
300031	0.0631
600677	0.0629
000801	0.0624
002627	0.0623
002322	0.0623
600372	0.0621
601111	0.0621
600093	0.0617
002639	0.0615
002234	0.0613
002617	0.061
603701	0.0606
002780	0.0606
300359	0.0606
603328	0.0605
300420	0.0603
002299	0.0596
000561	0.0588
002240	0.0586
002706	0.0585
300306	0.0582
300091	0.0581
002236	0.058
600589	0.058
002090	0.0578
002464	0.0578
002072	0.057
600559	0.0564
600115	0.0562
002065	0.0556
600482	0.0553
300097	0.0553
000821	0.0552
000971	0.0547
600338	0.0544
600335	0.0543
002590	0.0536
300063	0.0531
002133	0.0529
300243	0.0526
603012	0.0526
000488	0.0526
300013	0.0523
002508	0.0519
002599	0.0517
603718	0.0505
000021	0.0503
600360	0.0502
300258	0.0499
002151	0.0496
300022	0.0493
002522	0.0492
002672	0.0489
002171	0.048
002548	0.0479
300224	0.0479
002659	0.0473
002517	0.0472
002079	0.0469
002227	0.0468
600603	0.0465
002366	0.0463
601011	0.0462
600693	0.0461
600198	0.0458
300183	0.0456
600158	0.0454
000748	0.0453
002425	0.0451
300381	0.0451
300068	0.0447
300353	0.0447
300231	0.0446
600498	0.044
600682	0.0439
600325	0.0437
300274	0.0431
600958	0.0431
000750	0.0431
300059	0.043
600330	0.043
002694	0.0427
300409	0.0426
300100	0.0425
300074	0.0424
002409	0.0424
300271	0.0423
300025	0.0422
002414	0.042
600478	0.0419
300056	0.0416
300297	0.0415
603686	0.0412
300226	0.0411
600266	0.0408
300266	0.0408
000783	0.0405
002380	0.0405
002535	0.0401
300369	0.0401
300410	0.04
603883	0.04
601555	0.0399
300041	0.0398
002673	0.0397
300284	0.0396
002657	0.0393
000418	0.0392
600199	0.0392
600661	0.039
603010	0.039
000889	0.0389
603898	0.0388
002111	0.0386
601199	0.0385
002123	0.0385
300337	0.0377
002343	0.0376
002130	0.0373
300043	0.0373
603308	0.0373
600821	0.0372
002056	0.0368
002583	0.0366
300202	0.0365
300113	0.0365
002279	0.0358
300084	0.0358
000829	0.0358
600305	0.0357
000911	0.0356
300033	0.0356
002631	0.0353
600386	0.0352
300263	0.0351
300054	0.0346
300238	0.0345
600687	0.0345
002718	0.034
300269	0.0339
600756	0.0337
002074	0.0335
600826	0.0328
000716	0.0328
002049	0.032
000848	0.0317
002436	0.0317
300380	0.0316
002660	0.0312
600715	0.0312
603021	0.0312
002428	0.0309
300282	0.0309
002308	0.0308
000018	0.0303
603609	0.0302
002245	0.03
002413	0.03
600597	0.03
002289	0.0299
002444	0.0299
300444	0.0296
300200	0.0295
002304	0.0294
603818	0.0293
603019	0.0293
603002	0.0293
000333	0.0291
002719	0.0291
300089	0.029
300260	0.0289
300036	0.0285
000581	0.0283
000701	0.0281
603006	0.0281
002026	0.0279
002126	0.0275
002707	0.0271
300143	0.0271
002614	0.0269
000965	0.0268
002043	0.0268
300366	0.0264
000421	0.0262
002502	0.0257
002634	0.0254
002260	0.0254
600520	0.0249
002587	0.024
600120	0.0235
000426	0.0235
002035	0.0229
000926	0.0219
600734	0.0194
600052	0.0181
600455	0.0175
300385	0.0142
300371	0.0134
600845	0.013
000004	0.0126
300354	0.0121
002401	0.012
000952	0.0118
002745	0.0113
603939	0.0113
300191	0.0111
000498	0.0108
000551	0.0106
300042	0.0103
300209	0.0102
600242	0.0102
601211	0.0101
002468	0.0101
300194	0.01
000698	0.01
600148	0.01
002025	0.01
300383	0.01
600505	0.01
002208	0.0099
600703	0.0099
002218	0.0087
002593	0.0083
300118	0.0083
300285	0.0083
002083	0.0082
002383	0.0074
000625	0.0071
002292	0.0054
002664	0.0044
300131	0.0043
002527	0.004
002792	0.0033
002791	0.0031
601117	0.0021
600009	0.0017
600900	0.0012
000069	0.0009
601985	0.0009
600068	0.0008
3	0.0