601318	10
601398	9
000001	9
601939	6
600015	5
000858	5
600315	4
000422	4
000625	4
601997	4
000333	4
600519	4
002241	4
601668	4
601211	4
600036	4
600104	4
000651	4
600409	4
603239	3
600000	3
600309	3
601988	3
600153	3
000069	3
600919	3
600547	3
600016	3
601857	3
600637	3
600691	3
600223	3
601688	3
002142	3
002250	3
600060	3
002029	3
000568	3
601166	3
002570	2
600816	2
600787	2
601633	2
300144	2
002205	2
600048	2
601118	2
000686	2
603298	2
600489	2
300161	2
600068	2
600029	2
000895	2
601009	2
601006	2
601375	2
600213	2
002230	2
000513	2
300263	2
600600	2
600028	2
600022	2
600418	2
600027	2
603308	2
600030	2
600338	2
601288	2
600741	2
300284	2
601328	2
002781	2
300537	2
600900	2
600885	2
601117	2
000963	2
600585	2
600259	1
600887	1
002426	1
600318	1
000823	1
600996	1
300224	1
002168	1
000656	1
000554	1
600499	1
002475	1
300120	1
600125	1
002470	1
603886	1
600085	1
000019	1
600083	1
600056	1
300029	1
300145	1
603900	1
002057	1
002056	1
601989	1
000421	1
000423	1
601390	1
002400	1
300258	1
000639	1
300411	1
002440	1
600719	1
600593	1
600093	1
002449	1
300092	1
000027	1
300498	1
600794	1
300011	1
000590	1
600467	1
000726	1
601998	1
000538	1
600079	1
000400	1
002108	1
002756	1
000609	1
300248	1
002512	1
300508	1
300088	1
300568	1
300115	1
601799	1
300164	1
002611	1
600382	1
300515	1
002456	1
603218	1
600011	1
601012	1
000030	1
603823	1
000910	1
300365	1
002196	1
002828	1
000830	1
300003	1
600477	1
300015	1
000919	1
600688	1
600689	1
601020	1
000529	1
600362	1
002138	1
603883	1
600208	1
603131	1
000876	1
002033	1
000998	1
601628	1
002323	1
600848	1
600674	1
002581	1
002627	1
601000	1
600448	1
601566	1
601098	1
002412	1
002509	1
600565	1
600562	1
600561	1
300437	1
002123	1
600195	1
603877	1
600690	1
002236	1
600856	1
002002	1
600335	1
600596	1
600128	1
600859	1
002736	1
000566	1
600426	1
002635	1
600166	1
000711	1
600518	1
600793	1
600761	1
601233	1
002004	1
600992	1
600444	1
002325	1
300234	1
601699	1
600822	1
600820	1
300512	1
600826	1
000776	1
300516	1
000778	1
002245	1
002013	1
002409	1
300199	1
600616	1
600619	1
600883	1
002819	1
600509	1
000903	1
000902	1
300113	1
300303	1
600503	1
600358	1
600755	1
600110	1
000062	1
600332	1
600031	1
601965	1
600035	1
002394	1
002799	1
002068	1
002410	1
600469	1
002008	1
002398	1
000731	1
603660	1
002758	1
601818	1
300200	1
000049	1
002104	1
603416	1
000970	1
002311	1
000877	1
600305	1
600276	1
300422	1
000403	1
002058	1
601333	1
600021	1
000158	1
603001	1
002078	1
601800	1
300017	1
002466	1
600731	1
600736	1
600633	1
601601	1
600738	1
600146	1
600888	1
000581	1
002701	1
600487	1
600138	1
601336	1
000967	1
603819	1
603959	1
603085	1
300334	1
300336	1