600885	0.1391
000422	0.1334
601318	0.1182
600409	0.0997
600035	0.0962
000910	0.094
600093	0.0933
600856	0.0927
002409	0.0898
600382	0.0882
600519	0.0855
300365	0.0835
600056	0.0818
002611	0.0816
600691	0.0815
300115	0.0811
002456	0.0804
000001	0.0781
000731	0.0753
601566	0.0733
000830	0.0727
000903	0.0725
300411	0.0721
002398	0.0721
002570	0.0716
600426	0.0701
000513	0.0696
300422	0.0693
600083	0.069
002394	0.069
000625	0.0688
300144	0.0676
600731	0.0673
600104	0.0662
600138	0.0655
300145	0.0608
600335	0.0602
600674	0.0601
601668	0.0594
600195	0.0586
601398	0.057
600888	0.0562
000590	0.0556
002205	0.0551
000858	0.055
600028	0.0549
002250	0.0533
000554	0.0528
600565	0.0521
600213	0.0511
300437	0.051
002241	0.0504
600619	0.0501
002068	0.049
600338	0.0479
600146	0.0476
603883	0.0471
600883	0.0444
002057	0.0439
600561	0.0429
600060	0.0429
601211	0.0428
000568	0.0428
600309	0.0427
600444	0.0418
600509	0.0416
600719	0.0415
000778	0.0415
000651	0.0415
002627	0.0411
300263	0.0411
600448	0.041
601989	0.0406
600362	0.0404
600110	0.0399
600125	0.0398
002509	0.0396
000823	0.0393
000877	0.0393
601000	0.0383
002142	0.0381
601800	0.0376
002108	0.0371
300336	0.0368
600816	0.0354
300088	0.0354
601633	0.0352
002138	0.0349
000403	0.0346
002196	0.0337
601166	0.0333
002426	0.0332
002412	0.0331
601328	0.0329
002323	0.0327
600585	0.0326
600467	0.0325
600477	0.0323
002475	0.0319
600048	0.0316
002245	0.0314
600016	0.0311
002470	0.0311
002168	0.031
600689	0.031
600848	0.03
300224	0.0298
300234	0.0296
603001	0.0295
600596	0.0294
600036	0.0293
300017	0.0292
600826	0.0286
000919	0.0285
600616	0.0281
002449	0.028
000019	0.0268
000566	0.0268
600469	0.026
600031	0.0255
600085	0.0254
002756	0.0253
600794	0.0251
600489	0.0236
000030	0.0227
601939	0.0225
000639	0.0216
600000	0.0212
601288	0.0211
000656	0.0207
000609	0.0202
601965	0.0199
600919	0.0193
300334	0.0193
601997	0.0192
000333	0.019
002758	0.0179
600787	0.0175
601857	0.0174
300248	0.017
600547	0.0169
600068	0.0168
002230	0.0162
600418	0.0154
000581	0.0152
002033	0.0151
600315	0.0146
601628	0.0142
601006	0.0142
600499	0.0141
601601	0.0141
300284	0.0138
601117	0.0134
600305	0.0129
600022	0.0124
600900	0.0122
300498	0.0118
601688	0.0116
600015	0.0116
002008	0.0113
002311	0.0113
000895	0.0112
600761	0.0109
300029	0.0103
600358	0.0103
600593	0.0102
000400	0.0102
300092	0.0101
600793	0.0101
600738	0.01
000967	0.01
000876	0.0099
600741	0.0099
600208	0.0098
000776	0.0088
002466	0.0087
600332	0.0086
000963	0.0085
600153	0.0085
300003	0.008
600637	0.0078
601009	0.0077
002029	0.0076
601390	0.0074
601333	0.0074
000069	0.0071
600223	0.0071
600011	0.0069
000686	0.0068
601988	0.0066
000538	0.0066
600688	0.0066
300015	0.0065
600276	0.0065
601998	0.0063
600887	0.0062
600820	0.0062
603308	0.0058
002013	0.0057
601118	0.0056
000711	0.0055
000027	0.0053
601012	0.0052
601098	0.0052
601818	0.0052
600487	0.0052
600600	0.005
600166	0.005
002325	0.005
000902	0.005
600503	0.005
002410	0.0049
002581	0.0048
300199	0.0048
300113	0.0048
600755	0.0048
600736	0.0048
000423	0.0047
300164	0.0047
002701	0.0047
000421	0.0046
300161	0.0046
000726	0.0045
601233	0.0045
002781	0.0044
002078	0.0043
300258	0.004
600518	0.0039
601799	0.0038
600690	0.0038
002236	0.0038
002002	0.0038
600633	0.0035
002056	0.0034
002736	0.0031
600822	0.0031
002400	0.003
002123	0.003
002635	0.0029
300303	0.0028
000998	0.0025
601336	0.0024
300011	0.0023
600562	0.0023
002004	0.0023
000529	0.0022
300200	0.0022
600128	0.0021
002104	0.0021
002058	0.0021
600318	0.002
600029	0.002
000049	0.002
603085	0.002
600992	0.0015
603823	0.0014
603660	0.0013
002440	0.0012
600079	0.0011
300516	0.0011
300512	0.001
300508	0.0009
600859	0.0008
603298	0.0007
601375	0.0007
300515	0.0006
603131	0.0006
600027	0.0006
600030	0.0006
603959	0.0006
603218	0.0005
000062	0.0005
300120	0.0004
002799	0.0004
603416	0.0004
600996	0.0003
603900	0.0003
603877	0.0003
603819	0.0003
300568	0.0002
601020	0.0002
002819	0.0002
600021	0.0002
300537	0.0002
600259	0.0001
603886	0.0001
002512	0.0001
002828	0.0001
601699	0.0001
000970	0.0001
000158	0.0001
603239	0.0