0	28.0
601318	1.8923
000651	1.8595
002466	1.8244
002460	1.351
002456	1.2797
002008	1.275
002236	1.0843
600519	1.0606
600036	1.0136
000858	1.0044
000063	0.812
002241	0.8107
600110	0.7036
002050	0.6864
000568	0.6819
601601	0.6699
600887	0.6676
600409	0.6616
600703	0.6481
00700	0.6389
000333	0.6143
002415	0.6001
300136	0.5899
600030	0.5568
603799	0.4831
601398	0.4801
601166	0.4515
002142	0.4497
000963	0.4426
600104	0.4304
300450	0.4246
300115	0.4061
600048	0.4053
601336	0.4046
002078	0.4023
601288	0.3942
002475	0.3905
601668	0.3824
00939	0.3823
000661	0.3785
600566	0.3785
600309	0.3758
600015	0.3738
002635	0.3684
600885	0.3665
600742	0.3663
601607	0.3528
000002	0.3496
600153	0.345
000895	0.341
600643	0.3392
000671	0.3254
600016	0.3182
601699	0.3097
000488	0.3061
002450	0.3033
001979	0.301
601933	0.2976
00175	0.2975
02318	0.2929
300100	0.2903
002411	0.2896
600340	0.2854
600406	0.2806
601169	0.277
600348	0.2741
601818	0.2726
600031	0.2723
002035	0.2705
002717	0.2658
600000	0.2638
002572	0.2607
600884	0.2578
002138	0.251
600966	0.2502
02238	0.247
600019	0.2465
002508	0.2457
603626	0.2445
600230	0.2406
600585	0.2395
000666	0.2358
002311	0.2344
600681	0.2324
000776	0.2296
01398	0.2291
002310	0.2282
600068	0.2281
000625	0.2273
600146	0.2243
600056	0.2241
000423	0.2227
600477	0.221
002640	0.2192
600622	0.2187
601111	0.2177
000983	0.2167
002027	0.2154
002531	0.215
000630	0.2135
300070	0.2122
000001	0.2063
000418	0.2026
300323	0.2025
02018	0.2018
600062	0.1979
002714	0.1975
300408	0.1964
600196	0.1958
000725	0.1943
02328	0.1934
002372	0.1913
300073	0.1906
000898	0.1904
03888	0.1901
601939	0.1868
600516	0.1864
600066	0.1813
002101	0.181
600498	0.1762
600741	0.1754
002217	0.1741
00570	0.1728
600739	0.1709
600808	0.1702
300166	0.169
300012	0.1685
600529	0.1664
002384	0.1653
600183	0.165
002085	0.1609
000513	0.1606
601155	0.1599
601888	0.1576
300324	0.1557
00005	0.1531
01728	0.1516
600085	0.1501
002223	0.1496
002271	0.1491
002568	0.1485
002340	0.148
601997	0.1475
300274	0.1451
300203	0.1413
601012	0.1412
300433	0.141
300144	0.1403
03988	0.1386
02388	0.1379
600282	0.1376
600998	0.1376
02382	0.1375
002202	0.1373
600581	0.1367
600563	0.1367
300285	0.1361
603993	0.1355
600549	0.135
300197	0.1329
002570	0.1326
600686	0.1326
600535	0.1322
601328	0.1321
002583	0.1318
601088	0.1304
600750	0.128
300367	0.1274
600298	0.1262
300003	0.1262
000069	0.1261
002007	0.1249
600038	0.1247
002376	0.1243
300065	0.1239
601225	0.1223
601211	0.1217
00966	0.1211
600276	0.1207
000700	0.1201
01336	0.1199
300142	0.1175
002302	0.1175
600383	0.1173
000830	0.1172
600835	0.1163
600466	0.1163
600188	0.1162
00371	0.1147
03968	0.114
600487	0.1136
00285	0.1126
002019	0.112
01299	0.1117
601231	0.1112
300271	0.1108
002051	0.1088
000807	0.1088
002400	0.1087
600579	0.1083
603556	0.1081
300418	0.1077
002308	0.1076
000999	0.1074
600416	0.1061
600267	0.1055
600176	0.1054
000031	0.1054
600809	0.1035
002449	0.1026
00751	0.1016
600660	0.1013
002244	0.1012
000030	0.1012
600893	0.1011
600362	0.1008
000603	0.1004
002517	0.1004
300267	0.0989
603816	0.0988
600426	0.0984
000338	0.0984
000403	0.098
600795	0.0975
600123	0.0974
002383	0.0973
300296	0.097
000820	0.0969
000050	0.0961
601666	0.0958
600338	0.0957
002368	0.0955
601636	0.0952
600138	0.0948
600823	0.0946
600507	0.0934
601009	0.0931
601998	0.0922
000915	0.0921
002410	0.0917
600497	0.0913
600491	0.0908
000060	0.0906
000639	0.0906
600816	0.0904
300104	0.0902
002074	0.0901
300058	0.09
600864	0.0893
000426	0.0893
300182	0.0888
002694	0.0885
300124	0.0882
300156	0.0881
000786	0.0881
002174	0.0869
002507	0.086
600760	0.0859
000811	0.0855
002343	0.0854
002304	0.085
300364	0.085
601689	0.0848
000998	0.0844
000036	0.084
000606	0.0835
002024	0.0834
002589	0.0833
600270	0.0831
600782	0.0828
300088	0.0826
600879	0.0819
600990	0.0819
002555	0.0808
300294	0.0808
1398	0.0806
002195	0.0804
01288	0.0799
002025	0.0797
00874	0.079
002366	0.0788
600079	0.0782
002624	0.0781
600562	0.0781
600688	0.078
002831	0.0774
002594	0.0771
600258	0.077
002292	0.0769
002285	0.0764
002294	0.0761
002636	0.0761
600029	0.0761
300571	0.0749
00867	0.0747
600867	0.0745
002139	0.0744
300357	0.0735
300033	0.0733
600315	0.0727
601600	0.0716
002396	0.071
600027	0.0709
000959	0.0706
603899	0.0698
000910	0.0683
002391	0.0682
01882	0.068
002434	0.0678
600352	0.0674
000826	0.0672
601717	0.0669
300365	0.066
600372	0.0657
601899	0.0655
000900	0.0654
002496	0.0643
002126	0.0639
000860	0.0637
002175	0.0634
000921	0.0633
600072	0.0628
002041	0.0626
600837	0.0623
600614	0.0621
002298	0.0618
002439	0.0615
000823	0.0614
02628	0.0614
000792	0.0605
002385	0.0598
002179	0.0596
002503	0.0595
603369	0.0588
600873	0.0586
600373	0.0585
600335	0.0585
603355	0.058
300332	0.0573
002146	0.057
002617	0.057
300287	0.0557
002188	0.0554
600997	0.0553
600398	0.0551
002766	0.0546
600976	0.054
002250	0.054
600827	0.054
002690	0.0539
00386	0.0532
002013	0.0527
000878	0.0526
300188	0.0526
600693	0.0522
600963	0.0516
300456	0.0515
300122	0.0511
600856	0.051
600297	0.0506
002821	0.0502
603728	0.0501
300616	0.0501
300316	0.05
002185	0.0498
002564	0.0497
002322	0.0494
300083	0.049
000939	0.0489
300026	0.0486
300463	0.0486
601633	0.0485
600166	0.0484
002230	0.0481
000028	0.0479
000411	0.0479
600775	0.0475
600050	0.047
600520	0.0469
600967	0.0469
600308	0.0466
603883	0.0466
600004	0.0462
300403	0.0462
002182	0.046
300257	0.0458
300335	0.0457
601988	0.0457
002430	0.0457
601233	0.0457
000065	0.045
000739	0.045
603833	0.0448
600180	0.0447
002279	0.0443
000059	0.044
600518	0.0437
600116	0.0436
300410	0.0433
01055	0.0432
002707	0.0423
600699	0.0423
002214	0.042
600612	0.0418
600037	0.0417
600054	0.0417
300577	0.0415
600089	0.0414
600547	0.0412
002518	0.0409
002530	0.0409
600999	0.0406
002567	0.0402
603108	0.0399
000949	0.0398
002092	0.0392
002032	0.0391
600642	0.0391
603368	0.039
601801	0.0386
002065	0.0385
600804	0.0385
300340	0.0384
002563	0.0383
603020	0.038
601799	0.038
600452	0.0376
601006	0.0374
600197	0.0373
000997	0.0372
002581	0.0371
300244	0.0371
002131	0.0371
601628	0.037
002108	0.0367
600546	0.0365
600594	0.036
002727	0.0357
000596	0.0353
00388	0.0352
00857	0.035
002036	0.0349
002541	0.0345
600310	0.0342
300225	0.0342
300473	0.0339
300097	0.0339
600271	0.0334
603160	0.0333
000876	0.0333
600872	0.0326
601677	0.0317
600285	0.0316
601872	0.0316
601919	0.0312
600428	0.0311
603180	0.031
002110	0.0309
000018	0.0308
000779	0.0307
000415	0.0307
01293	0.0306
600240	0.0306
300232	0.0306
000888	0.0303
300021	0.0302
600390	0.0302
002444	0.0301
300409	0.03
300308	0.0299
600122	0.0299
600723	0.0298
300027	0.0297
002638	0.0297
000709	0.0296
600195	0.0295
603515	0.0294
600076	0.0292
600200	0.0291
600388	0.0291
603158	0.0291
000429	0.0291
600894	0.0286
600328	0.0286
002293	0.0286
300101	0.0282
300347	0.0281
603939	0.028
000882	0.0279
600839	0.0279
601186	0.0277
600325	0.0276
600511	0.0276
03328	0.0274
300017	0.0273
601168	0.0272
300113	0.027
300251	0.0269
02601	0.0269
300106	0.0269
00762	0.0269
00027	0.0268
601566	0.0267
000920	0.0266
600691	0.0265
600801	0.0263
600708	0.0261
603019	0.0259
600875	0.0257
601877	0.0257
600537	0.0253
000519	0.0253
002494	0.0252
000933	0.0249
600582	0.0248
600826	0.0241
002262	0.0241
603806	0.024
002501	0.0239
002532	0.0238
000968	0.0238
300145	0.0237
300467	0.0236
601908	0.0235
000404	0.0235
600028	0.0235
600377	0.0234
01186	0.0228
600114	0.0227
000620	0.0226
600706	0.0225
002353	0.0224
603898	0.0215
002426	0.0213
00066	0.0212
600850	0.021
000066	0.0209
300146	0.0207
600702	0.0201
603118	0.0198
600261	0.0188
600570	0.0186
002203	0.0183
000936	0.0178
000521	0.0176
002345	0.0176
000524	0.0172
300440	0.0171
000581	0.0171
600754	0.017
300497	0.0167
000540	0.0166
000587	0.0165
002354	0.0164
002221	0.0164
002648	0.016
000026	0.0159
601007	0.0159
300269	0.0158
603077	0.0155
600061	0.015
002081	0.0149
600023	0.0147
601788	0.0145
002491	0.0119
300072	0.0118
002016	0.0118
600133	0.0117
000726	0.0114
600160	0.0106
000636	0.0104
600738	0.0099
000571	0.0099
600657	0.0095
600266	0.0079
600165	0.0079
002162	0.0077
600074	0.0072
002539	0.0072
000400	0.0066
600755	0.0063
600499	0.0062
600312	0.0061
601989	0.0055
000707	0.0053
000525	0.0053
002215	0.0053
000938	0.0053
002859	0.0016
002860	0.0013
601878	0.0012
600100	0.0004
603801	0.0003
603043	0.0002
603679	0.0
603286	0.0
6	0.0