600519	28
000651	28
000858	20
000568	17
002035	16
002415	16
000963	15
002572	14
000333	13
002508	12
600056	12
600340	12
300145	11
600068	11
000423	11
002236	10
600887	10
002475	9
600104	9
002310	9
002311	8
600522	8
002217	7
300296	7
002043	7
300197	7
300136	7
600166	6
300355	6
600036	6
000418	5
600660	5
601398	5
601318	5
300156	5
300408	5
603833	5
600674	5
600779	5
000661	5
002241	5
600116	5
600741	5
600622	5
600309	4
000538	4
600900	4
002450	4
000910	4
002138	4
002664	4
600566	4
600196	4
601933	4
001979	4
601668	4
600690	4
002304	4
002466	4
000967	4
601601	4
002273	3
002271	3
603778	3
601766	3
000400	3
002511	3
002456	3
601012	3
002192	3
600201	3
601009	3
603366	3
002127	3
601186	3
002007	3
600884	3
600585	3
000063	3
603388	3
002372	3
600298	3
002050	3
601288	3
600109	3
603808	3
600406	3
000065	3
601166	3
002400	3
601607	3
000829	2
002019	2
000820	2
000625	2
300203	2
002675	2
600872	2
300306	2
000018	2
002117	2
600000	2
300144	2
002051	2
002568	2
601988	2
002279	2
600993	2
600990	2
300310	2
000028	2
601901	2
002003	2
600015	2
000925	2
000921	2
000923	2
002694	2
601939	2
600879	2
000039	2
600146	2
600703	2
300007	2
603589	2
600048	2
000915	2
002509	2
002032	2
002583	2
002589	2
601169	2
600809	2
600197	2
002120	2
000089	2
002235	2
002008	2
600557	2
000697	2
600518	2
600373	2
603377	2
300065	2
600028	2
600029	2
000049	2
000778	2
002581	2
000001	2
600885	2
300456	2
300115	2
601366	2
603579	2
603818	2
600664	2
600426	2
002142	2
601818	2
002250	2
601111	2
600535	2
300078	2
300285	2
000799	2
601888	2
600258	2
002303	2
603008	2
603899	2
300038	2
002045	1
000822	1
002179	1
600967	1
03888	1
002244	1
300229	1
600498	1
601058	1
600089	1
601225	1
600867	1
601228	1
300308	1
603979	1
300224	1
600691	1
600007	1
600419	1
03311	1
600054	1
00257	1
300147	1
002202	1
000543	1
002562	1
603328	1
002727	1
601390	1
603108	1
01398	1
601098	1
601628	1
300011	1
300324	1
600019	1
002640	1
600325	1
000928	1
000403	1
601998	1
000539	1
002358	1
300263	1
002024	1
002094	1
600985	1
600066	1
002299	1
002616	1
002449	1
002195	1
300003	1
600477	1
002833	1
600285	1
002223	1
603288	1
300275	1
00285	1
603556	1
600114	1
300273	1
600305	1
002422	1
600176	1
600273	1
600271	1
601800	1
600276	1
300072	1
300070	1
601088	1
601899	1
601377	1
600038	1
600055	1
000513	1
000596	1
000669	1
002285	1
603178	1
000980	1
300106	1
603768	1
601997	1
002431	1
300271	1
002502	1
000729	1
603111	1
300064	1
600183	1
600489	1
601689	1
00392	1
002480	1
600823	1
600584	1
000776	1
002245	1
002242	1
300054	1
601669	1
002709	1
000887	1
300450	1
002643	1
600009	1
300097	1
600297	1
300545	1
600739	1
600332	1
600837	1
600031	1
000807	1
002497	1
02318	1
002391	1
603018	1
002554	1
000888	1
002353	1
00914	1
300406	1
601618	1
300129	1
603703	1
601328	1
002614	1
600240	1
000811	1
002383	1
300433	1
00934	1
002595	1
00939	1
600804	1
603611	1
600643	1
002683	1
300161	1
600521	1
601117	1
002460	1
600633	1
000919	1
002705	1
600637	1
600487	1
601336	1
300049	1
000630	1