601318	269681.33
000651	194722.75
600036	153475.78
000858	133412.45
002466	128004.93
002236	124447.61
600887	123411.91
002008	107363.39
000568	102356.0
000333	98909.34
002456	96717.95
600519	94217.72
600030	90853.96
002310	88000.35
600110	77850.15
002050	77695.99
000063	77693.86
002078	70997.67
00939	68836.39
600409	66441.28
00700	64440.99
002460	63751.45
000488	63700.56
600681	62098.35
300367	62007.14
002027	61560.01
600622	60951.72
002531	58827.29
002340	56630.38
002241	54612.17
601601	53647.41
300324	52711.09
02238	52544.13
01398	51872.58
601336	51126.7
600340	49863.81
002475	48292.3
300267	48129.61
601888	47183.8
000661	46940.98
300418	46738.48
300104	43934.61
300136	41696.83
601933	41616.96
600085	41023.48
000963	40684.95
002142	39680.55
002714	39659.13
601166	39201.87
600885	38900.66
300271	38762.89
601668	38376.14
002415	38123.38
600703	37705.71
603799	37565.15
300364	36629.93
601997	36339.05
601398	36213.91
601607	36088.73
002570	35309.61
002617	34459.96
600535	34347.66
600643	34154.11
000776	34139.94
300203	34094.25
600068	33991.58
03888	33883.11
001979	33473.47
02328	32708.09
300456	31151.89
1398	30764.77
000513	30342.66
600282	29996.96
000001	29992.64
600027	29463.0
002624	29218.86
00175	29048.27
002019	28956.23
03988	28541.34
600176	28339.52
300332	27909.47
002450	27896.15
00570	27874.55
600507	27684.52
600048	27507.55
000895	27477.45
600138	26593.51
600031	26334.36
600529	26303.04
000999	26119.77
600742	25973.47
601939	25692.84
300033	25654.62
300115	25370.33
002308	25165.05
002572	24975.97
00005	24961.98
300012	24631.6
01336	24355.8
600498	24225.72
000423	24153.76
000639	24118.56
600309	24069.11
600466	23702.41
300003	23462.53
600566	23213.68
00966	22858.81
02018	22774.02
002311	22628.2
600270	22147.26
000915	22039.54
603556	21786.05
600827	21774.97
600104	21648.33
300287	21591.11
601169	21476.74
02318	21425.11
601818	21384.81
000418	20743.82
000811	20637.76
600196	20536.24
03968	20155.4
002567	20108.3
002343	20103.84
002766	20016.83
300144	19837.36
002368	19781.6
601225	19760.71
600426	19112.08
600477	18770.43
002507	18672.41
300408	18477.6
000426	18466.98
603626	18336.61
600406	18081.58
300197	17969.07
002175	17889.77
600491	17856.44
000823	17736.46
603158	17596.99
600037	17472.7
002640	17455.2
002411	17368.78
600884	17360.4
600547	17358.0
002035	17294.41
300274	17242.41
002583	17040.46
300101	17029.77
600335	16895.28
01288	16610.73
600056	16533.77
600642	16384.25
002146	16261.35
603899	16207.52
300142	16204.65
002217	15563.96
002223	15537.22
002285	15253.88
002294	15186.92
300021	15131.57
603816	15020.34
002271	14936.47
002384	14893.63
300122	14747.57
601628	14504.04
300616	14459.18
000921	14451.16
000830	14406.14
300467	14289.0
002568	14235.15
601012	14148.91
600585	14096.09
603883	13452.29
300070	13267.19
601699	13188.18
600699	13156.57
002707	13130.1
000002	13001.91
000888	12699.33
02628	12595.88
002635	12552.77
600723	12487.77
000411	12196.82
000069	11794.99
600183	11791.66
002376	11745.53
600348	11672.64
000983	11434.22
601111	11374.06
601009	11292.36
603368	11255.72
00371	11066.19
00386	10923.29
603355	10873.9
002065	10844.45
600549	10766.49
600362	10709.66
300450	10278.77
300316	10241.8
600146	10189.84
000910	9987.73
002449	9985.77
002410	9921.17
600153	9850.84
601088	9676.19
601288	9649.62
603833	9607.33
600338	9550.51
601717	9515.83
600516	9502.66
300403	9453.6
000786	9393.02
600019	9371.38
600837	9366.0
300100	9219.31
600267	9217.67
002202	9093.23
002041	8961.84
002353	8809.36
600079	8765.36
002126	8743.85
603939	8710.1
002396	8651.73
600089	8480.35
000671	8388.32
002638	8374.28
002391	8304.63
002518	8165.59
603019	8044.1
002138	7968.97
002717	7884.76
002434	7872.97
600741	7843.22
002636	7756.55
600230	7672.35
600966	7551.38
600383	7526.11
002139	7496.24
000820	7406.1
600116	7374.96
002430	7263.89
00857	7177.18
603369	7164.9
300166	7111.8
002195	7068.21
600808	7046.22
300323	7023.66
600856	6986.93
603993	6901.18
000403	6859.35
600038	6841.06
600398	6715.58
600054	6622.93
600976	6573.01
002555	6543.25
601801	6537.09
300285	6525.73
600998	6319.28
600285	6301.67
002051	6156.72
600997	6099.94
600028	5930.0
300571	5887.9
600864	5816.12
000878	5803.59
600809	5798.81
002174	5795.64
002074	5767.57
601006	5654.68
03328	5620.57
002690	5620.19
600029	5568.8
002372	5554.01
300340	5553.8
600686	5532.86
02601	5530.68
600325	5502.14
600000	5411.87
300433	5358.21
600015	5306.37
600390	5119.38
000030	5081.8
601636	5064.33
600122	5058.27
002188	4889.64
600739	4835.17
600062	4769.21
601689	4712.42
000997	4674.95
000998	4669.36
002016	4623.25
002508	4597.84
002032	4541.09
600688	4504.03
600016	4489.65
002589	4456.14
002400	4280.43
000898	4218.08
000900	4209.64
002496	4159.24
002594	4109.13
000636	4071.62
600990	4066.44
600166	4028.72
000968	4028.7
300145	4020.23
002007	4016.34
601155	3929.37
600738	3878.48
600308	3874.2
600579	3867.84
600795	3824.32
600416	3789.07
600879	3788.31
002532	3781.6
002025	3715.42
000826	3629.49
002110	3589.52
002366	3582.05
600706	3578.01
601231	3576.53
603020	3572.62
600297	3447.55
600660	3443.12
600195	3431.17
600072	3395.07
000606	3384.02
600816	3362.45
000065	3286.42
000630	3285.48
002581	3271.83
300058	3236.59
000666	3223.99
002503	3219.05
002085	3180.5
603118	3148.45
002727	3145.0
600298	3109.24
000725	3103.1
600372	3063.56
002250	3060.0
600258	3049.95
300073	3046.62
300365	3028.72
000625	3015.41
600563	2997.21
002101	2978.86
600999	2978.25
002517	2977.19
600276	2956.87
600893	2950.86
600867	2918.51
000860	2864.05
000807	2827.64
600826	2801.14
002179	2775.56
600562	2768.7
002322	2635.39
601211	2619.73
000050	2608.41
000603	2587.26
600388	2526.27
000018	2498.1
002385	2494.46
002013	2455.91
600963	2437.96
002302	2390.12
600693	2373.83
600123	2338.56
000949	2331.01
300232	2324.78
601600	2293.04
002541	2247.83
002563	2244.43
601899	2235.54
002298	2206.36
600967	2187.31
002131	2172.09
000028	2147.96
600197	2146.74
300357	2092.96
000700	2067.02
600310	2002.43
600782	1988.44
000338	1984.63
600188	1974.24
300463	1967.75
300156	1965.6
601633	1964.66
600271	1956.31
601328	1919.94
600066	1848.83
600873	1831.41
601799	1828.05
600760	1821.6
000060	1792.0
600835	1786.08
002024	1775.24
000739	1761.6
002444	1760.56
300308	1750.73
600872	1739.42
002304	1735.4
600180	1728.07
002383	1723.8
603898	1712.24
02382	1658.52
002530	1655.38
300294	1649.6
600315	1622.5
603180	1575.82
002694	1567.1
300225	1554.04
002831	1476.98
300065	1467.17
600581	1446.56
600750	1434.58
300124	1432.37
002439	1428.29
02388	1410.13
000036	1405.89
000959	1398.0
01299	1360.59
600823	1354.18
000031	1340.34
600352	1334.18
002292	1318.37
600328	1301.64
002244	1285.18
000920	1209.79
600487	1166.04
300083	1122.43
600614	1100.0
300296	1097.08
01728	1084.9
000792	1043.96
601877	1038.68
600200	1037.74
600373	1034.44
000519	1021.78
002036	1008.13
603160	1003.0
002092	993.64
002108	944.34
601872	933.96
603728	933.28
000779	923.33
600428	920.62
600702	914.05
600076	908.39
002494	901.11
600511	901.05
601919	899.17
600546	892.52
300097	866.65
300182	864.97
300410	861.21
002293	846.29
00285	806.12
601566	790.04
601677	777.39
600582	771.4
00388	753.15
600520	749.05
002279	739.11
00751	727.38
601988	723.54
600004	720.79
000939	714.12
600114	705.78
000415	678.11
01293	641.18
002185	640.96
002345	636.98
01055	631.26
300244	628.99
000524	623.57
600754	614.61
600594	610.4
000933	608.5
000587	596.14
601233	589.01
600518	582.85
000059	579.49
601007	577.26
000026	575.41
600266	573.17
00027	571.85
300188	571.78
600894	568.32
00762	563.8
600570	560.45
600612	558.26
300017	543.17
00874	539.89
600050	535.75
300409	532.25
002230	531.91
600074	529.18
002539	522.61
00867	510.86
603077	509.0
000876	494.19
01186	487.97
01882	486.6
002501	475.49
000404	469.45
601168	461.33
600261	459.9
300113	457.22
00066	453.99
000620	448.59
300577	431.14
002426	422.4
600850	416.72
000066	414.39
300146	412.2
002564	410.85
601186	410.7
002648	404.91
300026	376.8
000429	374.21
002262	369.08
600240	362.4
600497	361.95
600023	360.91
002203	360.2
000581	356.9
000936	351.43
300440	351.16
000521	347.65
300497	342.69
002491	323.81
300269	323.68
002821	312.44
000540	308.23
600657	307.52
002354	304.61
002221	303.35
300088	302.0
600377	300.76
300072	299.36
600133	296.43
000596	292.45
000726	287.49
000571	285.81
002081	276.04
002182	275.7
300257	274.04
300335	269.91
600775	245.28
603108	238.95
600804	230.67
600165	228.69
002162	222.22
002214	217.3
600160	216.54
600839	194.47
300473	190.4
600691	184.99
600801	183.45
600452	182.68
600708	181.88
600875	179.34
600537	176.16
002215	172.41
000938	172.36
000525	172.33
000707	170.32
603806	167.3
601908	163.95
300027	153.71
603515	147.73
300347	145.2
000882	144.4
300251	139.23
300106	139.23
000400	134.7
600755	128.59
600499	125.77
600312	125.03
000709	116.27
601666	97.38
601998	93.6
601989	88.62
600061	78.4
601788	75.4
002859	26.48
0	21.0
002860	20.85
601878	18.79
603043	9.14
600100	7.2
603801	4.75
603679	4.28
6	3.0
603286	2.7