002120	83139.12
300279	62967.91
300365	62951.89
600233	56957.57
300212	39697.81
002045	39276.28
002180	39092.41
600500	37100.93
000711	33591.1
002640	33567.55
600547	32064.46
000070	31952.83
600110	31028.51
002185	30422.85
300347	30113.04
300196	29877.05
002482	29339.04
600389	27018.44
300456	26098.55
603808	26033.84
300408	26032.6
600967	25721.2
000651	24316.9
600867	24216.91
002456	23987.88
300262	23684.32
002605	23356.62
002098	22692.0
300136	22374.76
002343	22022.0
600079	21214.77
002694	21130.67
002007	20070.37
300226	20039.08
000821	20001.79
600697	19720.47
002325	19681.22
000590	19678.01
000065	19659.74
002094	18906.6
300090	18532.5
300161	18520.56
300115	18287.03
000826	18114.7
002053	18034.61
000820	17978.57
300073	17582.26
002415	17209.85
000739	17115.86
300159	16965.99
300463	16953.05
002762	16881.89
601717	16604.0
600593	16584.05
600240	16418.75
000662	15881.69
300031	15633.66
600030	15623.98
002152	15512.66
600489	15491.08
002085	15405.0
300202	15106.63
002511	15004.68
300104	14746.72
300458	14647.69
300302	14578.19
600963	14312.88
300018	14274.96
002509	14174.41
601166	14074.05
300396	13956.0
002411	13895.07
300310	13771.96
002239	13768.91
002582	13728.12
002247	13713.54
300271	13687.46
002175	13659.91
600146	13550.06
600603	13535.41
600521	13478.81
600693	13429.86
300203	13219.12
300263	13167.46
600661	12978.0
002588	12729.09
002173	12681.36
600486	12587.78
300378	12285.0
300012	12118.27
000983	11816.35
300054	11811.27
600050	11669.44
300087	11644.87
002773	11610.01
001696	11559.66
600566	11519.31
000919	11401.71
600098	11188.89
300237	10710.17
300301	10680.8
000404	10604.0
000703	10435.95
600188	10420.51
002384	10352.27
000558	10319.9
300231	10279.34
300403	10193.37
601225	10150.44
600584	9946.77
300342	9774.04
300278	9760.05
000568	9758.74
000910	9754.1
300356	9629.2
002352	9626.55
002435	9610.89
601898	9331.58
600382	9068.91
002733	8837.76
300144	8837.23
300520	8799.29
603703	8797.23
000967	8780.81
002366	8748.75
600328	8723.12
000488	8711.5
002709	8704.0
600750	8685.6
000975	8568.34
000423	8568.0
002103	8534.27
600856	8475.3
600715	8431.92
002394	8420.0
300061	8300.68
300285	8289.12
002383	8274.69
002517	8140.81
300015	7975.31
300187	7965.0
300340	7962.04
002310	7938.46
300197	7911.99
300228	7907.98
002480	7899.68
002662	7897.0
000963	7890.5
002398	7800.0
002638	7756.03
300215	7728.19
300013	7697.06
002127	7688.88
000597	7665.77
600885	7618.44
002023	7566.98
000725	7558.55
002214	7517.98
600887	7424.27
600309	7349.31
600682	7248.8
600976	7187.11
000028	7177.23
600958	7141.18
600995	7095.34
300017	7050.79
600267	7031.36
002570	6971.27
300244	6939.09
002665	6929.35
002391	6912.95
002611	6885.04
601555	6807.24
300142	6757.65
601336	6471.21
600363	6382.71
000953	6374.7
600068	6297.2
600276	6283.76
002170	6245.78
000818	6221.55
002766	6210.87
002479	6191.09
600746	6188.21
300455	6139.1
600622	6129.7
601566	6120.0
300238	6025.71
600029	5970.33
600979	5928.02
600529	5913.28
002693	5910.8
300132	5909.56
000971	5903.97
002460	5879.6
300221	5859.16
002240	5858.99
600833	5837.7
002043	5822.49
002719	5796.92
600847	5792.83
601800	5767.54
300214	5729.25
001979	5684.56
002635	5677.18
000034	5643.84
600751	5548.57
601997	5462.17
002159	5221.68
300068	5206.65
300409	5193.35
600261	5140.2
600763	5056.64
300183	4981.34
300282	4960.24
600325	4910.45
600066	4894.82
000687	4891.94
002450	4859.43
300351	4818.37
600268	4728.17
300241	4710.52
300207	4635.0
600419	4631.91
002468	4616.94
002548	4613.74
600048	4556.74
300124	4538.45
002541	4529.73
300072	4448.11
002466	4369.77
603686	4343.91
600894	4209.62
002341	4181.55
600195	4175.96
603021	4147.24
002494	4131.27
002044	4072.91
600519	4061.05
300050	4044.43
600551	3924.06
002672	3801.62
300002	3731.02
002508	3687.0
002761	3620.93
000678	3596.32
002027	3565.04
002609	3377.65
300304	3356.21
600337	3321.8
603308	3321.77
603601	3314.48
300370	3310.57
603368	3236.62
002322	3227.61
601669	3212.88
002706	3195.83
600439	3135.86
300080	3074.77
603108	3067.22
603658	3033.67
600266	3026.31
300300	2980.91
002350	2973.54
300138	2941.87
002243	2940.16
600198	2935.55
002047	2933.25
600398	2840.38
000608	2797.63
002313	2796.07
300121	2771.36
002631	2683.41
600826	2601.61
603555	2565.99
300135	2565.0
000333	2562.6
002149	2452.01
300084	2331.8
002425	2290.16
300364	2289.69
002627	2246.27
601789	2227.68
300477	2213.74
002572	2198.76
300078	2190.5
300137	2175.54
300252	2157.9
002001	2150.58
002193	2148.67
002569	2148.13
002581	2095.8
600511	2060.37
600834	2050.98
300088	2041.83
600336	2021.67
600816	1984.02
300326	1957.38
002250	1953.6
300284	1948.01
300047	1946.24
601699	1890.29
002339	1866.12
002050	1830.46
000561	1759.5
600061	1757.56
002155	1742.9
000035	1696.08
300223	1672.05
600608	1644.5
600329	1638.41
600884	1626.37
300401	1602.14
300296	1579.76
300025	1575.61
002409	1541.4
002117	1524.75
002084	1523.62
002400	1502.21
002308	1486.11
300383	1478.51
600621	1455.19
000933	1443.0
300182	1436.96
002664	1415.37
600997	1401.1
600643	1381.02
603010	1285.5
002333	1284.55
300379	1262.26
600477	1241.14
002059	1231.1
600083	1226.4
000606	1224.94
002035	1197.11
002078	1184.81
002519	1182.54
002319	1168.15
603883	1141.79
002368	1134.37
600491	1131.67
600476	1096.22
600749	1094.61
300069	1062.93
300265	1049.94
600060	1044.83
300065	1035.26
000928	1005.42
600988	997.8
002476	978.04
002462	973.71
000501	961.5
000063	940.01
002026	932.83
300059	905.37
600681	905.05
600821	891.58
300199	881.6
600803	854.98
002563	854.8
600475	846.71
002636	842.84
002055	830.96
600600	827.06
002503	823.99
000530	823.2
000968	820.0
300359	805.5
300109	786.57
600771	781.13
000697	772.2
600559	768.74
002262	768.16
300156	760.5
002126	745.16
600479	728.57
600702	715.66
000925	710.04
002303	687.85
002316	685.36
000708	658.61
300339	653.27
601618	647.17
000426	643.36
600282	635.0
300103	603.9
300266	597.65
600520	597.43
000796	595.47
002297	594.8
601678	593.0
000922	584.88
601328	579.77
000835	569.0
002406	568.66
300344	564.4
000938	564.3
000002	563.18
600760	562.59
000911	558.7
000581	546.51
601186	540.6
600000	534.11
600701	527.9
601155	517.12
600056	507.71
000790	503.97
300219	502.51
002358	500.27
002087	495.3
601238	495.12
002475	493.59
600055	487.82
002265	477.85
300465	474.01
600703	462.65
600568	456.02
600248	442.33
300471	438.55
000623	434.69
002395	429.94
002133	417.57
601799	410.05
002630	409.03
601169	407.79
601398	407.65
002236	403.26
000980	402.31
002756	394.32
600327	391.05
600984	391.05
002726	389.07
600508	386.03
603167	384.81
000698	384.65
300416	377.61
600562	364.43
002200	344.02
600998	342.19
002364	324.61
600448	322.26
300377	321.78
300224	319.19
300444	315.36
600561	312.36
600605	310.04
300422	309.71
600985	306.99
300036	305.45
600727	304.11
600054	302.76
600340	301.78
300005	297.62
600719	297.04
002279	294.72
002057	293.48
600099	285.93
002049	283.34
002077	282.59
300294	268.32
000001	260.13
600285	254.37
600028	247.86
601318	245.95
300119	238.2
002739	228.75
300322	218.52
601601	215.63
600740	208.79
000625	203.14
601006	202.88
601198	202.04
600845	196.26
600721	194.64
000997	191.97
600671	152.1
603669	147.91
600781	134.03
300289	133.58
600613	133.22
002412	132.85
000823	101.04
002612	96.44
600281	91.39
002564	89.38
600169	88.08
002146	87.58
002105	86.26
002272	86.17
002687	85.68
000004	83.16
000782	82.78
300029	82.38
000609	79.85
000613	78.44
002718	77.69
300210	77.54
002493	77.18
603158	77.09
002771	76.7
600393	76.64
600898	75.81
0	22.0
000752	11.55
603008	10.65
600688	8.66
603118	8.16
002510	8.1
5	0.0