000001	14
601398	13
600028	13
601318	12
002142	12
000651	11
600104	10
601988	9
000568	9
601939	8
02357	6
601857	6
600015	6
000858	6
000625	5
600309	5
600519	5
000333	5
00700	5
600409	5
601607	5
03888	4
02238	4
601965	4
601668	4
600036	4
601818	4
00570	4
000895	4
603416	3
601633	3
000422	3
600996	3
300498	3
01093	3
00388	3
000538	3
600079	3
603298	3
603218	3
600261	3
601098	3
601009	3
02018	3
601166	3
002236	3
600887	3
000063	3
000709	3
000860	3
600030	3
601688	3
601288	3
00005	3
02382	3
601117	3
000963	3
601336	3
02186	2
002271	2
002673	2
600967	2
002168	2
000786	2
600893	2
603886	2
600038	2
0	2
603239	2
600552	2
00392	2
600062	2
600048	2
000423	2
600009	2
600150	2
600794	2
600399	2
600547	2
600667	2
000726	2
601998	2
000609	2
601933	2
000656	2
600900	2
601012	2
600816	2
603823	2
600660	2
601020	2
300316	2
600377	2
600068	2
000998	2
601997	2
300565	2
00489	2
600919	2
600060	2
601006	2
601169	2
600271	2
03899	2
600195	2
00966	2
603877	2
600691	2
002230	2
000059	2
300100	2
300582	2
600000	2
600022	2
600418	2
600027	2
002311	2
600822	2
600585	2
600584	2
002581	2
002408	2
002465	2
000600	2
01117	2
02727	2
01359	2
601211	2
601899	2
002069	2
002415	2
600741	2
300284	2
600109	2
002092	2
300327	2
601328	2
000401	2
00939	2
000089	2
300537	2
02388	2
000166	2
01177	2
300138	2
000411	1
600318	1
002572	1
002573	1
002367	1
300228	1
600125	1
600909	1
02020	1
002013	1
000018	1
600128	1
300142	1
300143	1
600643	1
600520	1
603900	1
002056	1
000540	1
600476	1
002058	1
000739	1
601155	1
002368	1
600511	1
300258	1
300410	1
300312	1
603001	1
300558	1
01398	1
600155	1
000028	1
00175	1
000027	1
600736	1
601628	1
000948	1
600016	1
300017	1
300156	1
002217	1
00867	1
000400	1
603858	1
000338	1
300243	1
002023	1
603111	1
002519	1
002353	1
300115	1
300166	1
000554	1
002452	1
000910	1
600266	1
600267	1
600559	1
300005	1
600498	1
603986	1
002821	1
002188	1
000529	1
000528	1
002509	1
300097	1
300271	1
600674	1
002583	1
300375	1
300113	1
603611	1
600562	1
600809	1
600196	1
600690	1
000513	1
000596	1
002008	1
002533	1
000725	1
600557	1
600166	1
002738	1
300342	1
00941	1
600760	1
600029	1
600820	1
000776	1
000778	1
000069	1
603030	1
002241	1
01299	1
300199	1
300452	1
600883	1
002818	1
600509	1
600298	1
600503	1
600755	1
600682	1
600066	1
600031	1
03311	1
000800	1
002395	1
002396	1
600487	1
601111	1
600535	1
02313	1
300203	1
1	1
603708	1
300282	1
000877	1
600276	1
603808	1
000967	1
600240	1
600373	1
002410	1
002304	1
600976	1
300324	1
002262	1
03988	1
002466	1
600731	1
000426	1
600525	1
300231	1
603899	1
600888	1
600486	1
300339	1
600406	1
300137	1
603085	1