002572	0.8326
000568	0.6706
600519	0.6627
000651	0.6284
002035	0.6017
600056	0.5983
002508	0.5857
300197	0.5426
000333	0.5261
002217	0.5223
002310	0.5044
000858	0.4546
000423	0.4104
000963	0.3735
002475	0.3656
002236	0.329
600522	0.327
002043	0.3174
300296	0.3091
002415	0.306
600068	0.3017
300145	0.2894
001979	0.287
600622	0.2867
300136	0.2774
002311	0.2648
300355	0.2648
000418	0.2621
002127	0.2588
300156	0.2436
600779	0.2218
603377	0.1898
600585	0.1874
000925	0.1836
600566	0.1805
000829	0.1798
600196	0.168
002271	0.1579
002450	0.1501
002511	0.1479
002273	0.1465
002456	0.1438
000820	0.1388
600887	0.1381
300285	0.1333
300115	0.1301
000538	0.1294
601012	0.123
002466	0.1124
603818	0.1079
603899	0.1067
002675	0.1061
600885	0.1056
600674	0.1056
002304	0.1033
600258	0.1014
002032	0.0987
601318	0.0974
002138	0.0958
300097	0.0943
000888	0.0942
300406	0.0911
600867	0.0907
600240	0.0899
002640	0.0892
000799	0.0881
600426	0.0879
600009	0.0875
002583	0.0867
002250	0.0861
601988	0.0857
601689	0.0848
002051	0.0838
002195	0.0836
002244	0.0832
603355	0.0805
000065	0.0802
600739	0.08
002241	0.0799
600309	0.0797
601607	0.0791
600110	0.0763
002303	0.0758
600019	0.0757
300308	0.0744
600993	0.0743
600201	0.074
601933	0.0724
002714	0.0722
600340	0.0717
002562	0.0714
600007	0.0703
300450	0.07
000089	0.0694
002833	0.0682
600967	0.0631
600335	0.0614
600166	0.061
000776	0.0585
300070	0.0569
002008	0.0568
300161	0.0564
600809	0.0563
002727	0.0552
300129	0.0551
600703	0.0529
600660	0.0525
300310	0.0524
603808	0.0524
300072	0.0522
600559	0.0519
601668	0.0517
600298	0.0513
600900	0.0512
002120	0.0507
600664	0.0505
002589	0.0503
000625	0.0502
002299	0.0497
000928	0.0495
002027	0.0495
002108	0.0493
600879	0.0492
300147	0.0492
601398	0.049
300078	0.0486
002117	0.0484
600048	0.0484
300273	0.0481
000543	0.048
601009	0.048
600823	0.048
000539	0.0479
002709	0.0479
601939	0.0478
002142	0.0478
601166	0.0477
300545	0.0475
300306	0.0474
600741	0.0472
300011	0.0467
600406	0.0447
002502	0.0443
300106	0.0439
600691	0.0434
300049	0.0431
600521	0.0424
002279	0.0418
600028	0.0417
600584	0.0412
000513	0.0402
300003	0.0401
603018	0.0398
600338	0.0396
600990	0.039
600518	0.039
600183	0.039
000823	0.0389
600498	0.0386
002353	0.0385
000895	0.0385
300065	0.0366
002694	0.0364
000028	0.0359
603883	0.0349
600557	0.0341
601328	0.0341
000596	0.034
600804	0.034
603589	0.0339
002460	0.0335
300038	0.0334
002202	0.0332
002480	0.0323
601800	0.0309
600146	0.0303
600511	0.0299
601818	0.0291
600525	0.0254
300007	0.0246
002235	0.0208
600273	0.0201
002391	0.0199
600029	0.018
600138	0.0152
601288	0.0147
600271	0.0105
600089	0.0102
600332	0.0074
601766	0.0063
600419	0.0057
300456	0.0054
600837	0.0043
600637	0.0039
002400	0.0038
002242	0.0038
002422	0.0033
600633	0.0032
601998	0.0029
601088	0.0028
600176	0.0024
603768	0.002
601098	0.0018
603178	0.0007
603388	0.0005
000697	0.0004
603833	0.0003
601228	0.0002
601888	0.0002