000001	121
601398	115
601318	76
600104	74
600028	70
000858	69
600519	66
601988	65
601288	59
600900	56
601939	51
002142	49
000333	49
601166	49
601375	47
000651	46
603298	43
600036	42
601857	36
000895	33
000568	31
603218	30
601009	29
601328	29
000963	29
601006	27
600276	26
600887	25
601607	25
600016	24
000625	23
600511	23
601169	23
601818	21
300498	20
000063	19
000538	19
600079	18
600660	18
601688	18
601098	18
002508	18
000423	18
600015	18
600741	17
600068	17
000725	17
601985	16
600009	16
603877	16
600000	15
600030	15
300144	15
600066	15
600886	15
600547	15
000069	14
002415	14
601668	14
600271	13
600674	13
600309	13
600048	12
600820	12
601333	12
601633	11
000998	11
002202	11
601601	11
600266	11
002236	10
002701	10
601628	10
601997	10
002325	10
601336	10
601998	10
600637	10
600138	10
00700	10
603416	10
600585	10
600794	9
600377	9
002594	9
603986	9
000876	9
000400	9
000776	9
002781	9
000786	9
600518	9
002311	9
600999	9
000656	9
000028	8
300070	8
000709	8
601788	8
601766	8
601965	8
600919	8
000609	8
600056	8
600060	8
600305	8
000166	8
002168	8
002294	8
603886	8
000726	8
002343	8
002241	7
300207	7
603258	7
600409	7
600108	7
601989	7
000596	7
002736	7
002739	7
002078	7
300015	7
600195	7
002002	7
600221	7
000860	7
002385	7
000630	7
600062	7
000421	7
600996	7
600018	7
600011	7
002271	6
02357	6
000661	6
600566	6
001979	6
002673	6
600498	6
000800	6
601808	6
000422	6
600398	6
000338	6
600021	6
002155	6
600332	6
002714	6
601555	5
000539	5
603823	5
002366	5
600867	5
002103	5
600822	5
002250	5
600315	5
000959	5
300408	5
600688	5
000513	5
002008	5
300582	5
002372	5
603239	5
600050	5
600019	5
002835	5
601933	5
000059	5
600803	5
600027	5
600340	5
002570	4
002572	4
0	4
002117	4
002450	4
000999	4
601186	4
600418	4
600584	4
600038	4
300203	4
000402	4
000401	4
000027	4
600666	4
002032	4
002588	4
000089	4
02382	4
601233	4
00570	4
002179	4
000550	4
03888	4
002475	4
600873	4
600681	4
02018	4
600170	4
601377	4
600196	4
02238	4
300196	4
600298	4
600297	4
002310	4
600837	4
603018	4
601111	4
601117	4
600885	4
600739	4
002041	4
600998	4
00388	4
000686	4
601012	4
600261	4
600690	4
300508	4
002400	4
600236	4
601888	4
002370	3
600787	3
600150	3
300003	3
600795	3
01093	3
600373	3
002029	3
600382	3
600188	3
000910	3
600579	3
002624	3
600859	3
601699	3
002242	3
603577	3
601211	3
600754	3
002792	3
000060	3
603929	3
002466	3
603035	3
002368	3
601717	3
300017	3
002589	3
600567	3
000903	3
000902	3
000778	3
600436	3
600153	3
603808	3
00939	3
600961	3
600967	3
600004	3
600557	3
002821	3
600089	3
600198	3
002007	3
600223	3
002643	3
300436	3
600633	3
600085	3
600643	3
000425	3
300096	3
600251	3
600909	3
300161	3
002838	3
002832	3
002123	3
600166	3
603609	3
600029	3
002013	3
300329	3
300323	3
002304	3
000711	3
000488	3
00005	3
300138	3
600259	2
000623	2
600893	2
600723	2
000972	2
002056	2
300257	2
300258	2
600963	2
01398	2
002285	2
002024	2
002597	2
000911	2
600420	2
601000	2
002230	2
600856	2
300100	2
000690	2
002481	2
01299	2
01117	2
02727	2
000882	2
600755	2
000878	2
002069	2
02318	2
002791	2
600535	2
600109	2
002092	2
600240	2
600970	2
600978	2
03899	2
002465	2
02388	2
000960	2
000967	2
000969	2
02186	2
600816	2
603319	2
601139	2
000792	2
002563	2
002367	2
002518	2
000039	2
300565	2
000030	2
600376	2
002191	2
600667	2
002581	2
002583	2
601566	2
600216	2
000983	2
000921	2
300115	2
300351	2
300113	2
000035	2
00941	2
601689	2
600406	2
600489	2
600521	2
600525	2
600487	2
00489	2
01177	2
002456	2
600132	2
600969	2
002408	2
600469	2
600552	2
00392	2
000735	2
000732	2
000739	2
601020	2
000783	2
300156	2
000600	2
300401	2
600703	2
600872	2
603878	2
002556	2
300586	2
601727	2
000581	2
000049	2
002727	2
600426	2
600299	2
600352	2
300291	2
600428	2
002318	2
601899	2
600835	2
000883	2
000768	2
601118	2
000937	2
002542	2
300537	2
02020	2
000018	2
603900	2
000546	2
600990	2
300316	2
600399	2
600467	2
600717	2
002308	2
600267	2
600268	2
002221	2
000758	2
601088	2
00966	2
600691	2
600598	2
002083	2
600697	2
002531	2
600600	2
000050	2
600160	2
600761	2
600760	2
600022	2
603308	2
01359	2
601588	2
600335	2
002716	2
300284	2
00175	2
300327	2
002293	2
002063	1
002573	1
002376	1
000158	1
600896	1
600728	1
603131	1
002053	1
002051	1
002050	1
002058	1
600114	1
300558	1
600155	1
002671	1
000157	1
002677	1
000971	1
601311	1
000928	1
600072	1
603858	1
300087	1
300429	1
002023	1
002595	1
002458	1
000554	1
002452	1
600010	1
600475	1
600476	1
300326	1
600208	1
000997	1
002627	1
600291	1
300375	1
000869	1
600270	1
300072	1
002234	1
000949	1
000930	1
000663	1
000748	1
300104	1
600007	1
300512	1
300515	1
000062	1
300516	1
002245	1
600611	1
600612	1
300452	1
600479	1
002410	1
600834	1
603819	1
600031	1
603799	1
002799	1
02313	1
00857	1
600536	1
300200	1
1	1
603708	1
000811	1
002664	1
603368	1
600976	1
600977	1
600821	1
002462	1
600570	1
300339	1
603959	1
600329	1
300334	1
300336	1
600350	1
603030	1
603033	1
002840	1
03311	1
300142	1
300143	1
002568	1
601908	1
601390	1
300410	1
00867	1
300243	1
002519	1
300248	1
002512	1
601919	1
06030	1
002192	1
601718	1
000521	1
000528	1
002034	1
002745	1
002639	1
601258	1
603366	1
600562	1
00883	1
002635	1
002738	1
300342	1
002323	1
300012	1
600731	1
002819	1
002818	1
600988	1
002550	1
002394	1
002395	1
002396	1
603660	1
600742	1
600622	1
603806	1
002071	1
002075	1
600520	1
300231	1
603899	1
600486	1
002152	1
000411	1
600312	1
600318	1
000821	1
603939	1
000825	1
00981	1
00688	1
002675	1
603355	1
300303	1
002777	1
600419	1
600559	1
600838	1
300011	1
000789	1
002215	1
002217	1
603111	1
002353	1
300406	1
601799	1
603058	1
600438	1
600871	1
002828	1
002829	1
601155	1
600682	1
600686	1
600759	1
002509	1
300271	1
002503	1
600176	1
600172	1
002188	1
600965	1
02628	1
002004	1
002438	1
002434	1
000529	1
300199	1
002640	1
000906	1
300145	1
600359	1
002314	1
300120	1
601801	1
603611	1
002262	1
600736	1
600883	1
600888	1
603123	1
603616	1
002299	1
603085	1
002042	1
600496	1
300416	1
600499	1
300228	1
600125	1
600128	1
000540	1
000426	1
000975	1
600992	1
002683	1
002440	1
300312	1
000877	1
300097	1
000948	1
600549	1
300166	1
300367	1
300005	1
000752	1
000619	1
601168	1
002085	1
600597	1
600594	1
300263	1
002533	1
300267	1
002537	1
603766	1
002010	1
600509	1
600500	1
600503	1
600111	1
002081	1
600338	1
002717	1
002104	1
000970	1
300282	1
300322	1
300324	1
300568	1
601886	1
603001	1
603000	1
600809	1
300136	1
600804	1
03988	1
002384	1
300033	1
300137	1
300133	1