000651	191969.87
002466	167070.22
002236	164700.75
000333	158144.12
002456	154250.68
601318	133789.06
002217	122780.03
300197	119841.95
002475	116525.83
300136	109702.26
002008	106225.4
002310	101302.62
600056	100571.82
300296	99710.78
600887	99242.29
002450	88411.31
300355	87746.2
002271	79068.86
000858	78813.63
600867	74204.65
600703	73768.69
600110	72445.63
002415	71269.91
002460	70993.21
00175	70287.69
000568	65237.86
600622	58754.03
002050	51545.87
600885	51475.07
002572	47022.8
603799	46563.12
300145	45923.55
600196	44761.94
600519	43201.59
002340	42307.36
002311	41436.41
300450	40897.18
600036	40811.74
600660	40625.39
300616	39252.97
002035	38229.59
002614	37563.5
000921	37106.77
000823	36193.92
600030	35540.07
000963	34867.53
002617	34459.96
600884	34421.26
600335	33790.56
600309	33695.6
600176	32752.96
02020	32527.11
002175	32068.85
603883	31174.08
300456	31151.89
300408	30565.27
300115	30525.32
001979	29221.79
601888	29099.8
600741	27460.24
601601	26924.19
002384	26499.69
300033	25561.31
601799	25014.58
600338	24994.38
600068	24731.6
002027	24676.68
600038	24646.84
601939	23615.9
600104	23563.36
002439	23117.72
002508	23054.56
600690	22575.12
300365	22146.72
002273	21471.5
600031	21200.97
300049	20881.72
600426	19958.0
002766	19576.2
300207	19373.28
000063	18955.98
002635	18698.6
000938	18436.47
002343	18032.68
000661	17985.06
603158	17596.99
300340	17574.22
603626	17465.42
002411	17368.78
600487	17342.84
300383	17314.87
300101	17029.77
600549	16083.11
600674	15712.0
600406	15245.58
300287	14950.62
300467	14289.0
300252	13956.0
600183	13846.39
603588	13522.24
600661	13311.21
300226	13147.38
002195	13084.0
300142	13061.63
300337	13054.47
300097	13014.0
002599	12732.56
300567	12452.75
600900	12436.88
603869	11920.21
000998	11828.92
002570	11769.87
300308	11523.33
002120	11495.33
002640	11375.46
300203	11246.95
300274	11194.87
002833	11009.7
002773	10971.96
600693	10910.62
600993	10890.14
002065	10844.45
002078	10814.72
600029	10798.08
002636	10716.36
300367	10705.59
300279	10577.35
600362	10537.35
002241	10173.61
603006	10132.7
600466	9894.85
002025	9890.05
600079	9834.16
601169	9628.39
603833	9607.33
601933	9362.81
601699	9360.48
002185	9356.67
601607	9328.24
300231	9238.53
002421	9180.88
000400	9180.44
601012	8973.05
002410	8955.4
600837	8909.96
600340	8744.11
601997	8706.16
601111	8553.19
600233	8458.83
002638	8374.28
300324	8326.86
600270	8257.93
002127	8134.24
000639	8039.52
300335	7909.45
000662	7851.1
300003	7838.01
002192	7787.51
002303	7720.02
000967	7626.7
300012	7593.2
002727	7519.96
300212	7445.78
603788	7396.81
002449	7354.8
601088	7351.67
002179	7338.44
002049	7276.55
300323	7154.38
002188	7141.55
600990	7124.17
002530	7040.94
000983	7016.0
600998	6816.19
600971	6768.56
000928	6666.76
600491	6660.74
000997	6646.47
300068	6598.5
600845	6573.83
600718	6562.37
300017	6558.47
600516	6541.2
600188	6488.73
600146	6471.93
002714	6351.64
300447	6284.12
600348	6237.6
300619	6147.36
600372	6127.12
600997	6099.94
603868	6086.25
600477	5974.45
300007	5910.08
601689	5910.02
000878	5857.54
600603	5760.42
300078	5672.26
600360	5650.11
601688	5508.35
600893	5383.02
600879	5080.26
000065	5039.41
002013	4911.82
002705	4885.35
300015	4781.01
000786	4752.02
000418	4698.5
600562	4686.98
600568	4671.52
002589	4604.53
002581	4556.5
002354	4517.36
600739	4382.71
600967	4374.62
000830	4372.86
300090	4293.71
600383	4130.7
000900	4127.94
600808	4051.71
603888	3977.99
600308	3786.72
002365	3778.56
002043	3738.93
002138	3668.37
002081	3655.41
600419	3653.28
600809	3604.71
300346	3547.57
600872	3421.42
002221	3319.39
000826	3225.23
002085	3180.5
000423	3159.31
600620	3141.93
603338	3091.46
000628	3069.57
300083	3069.47
300476	3062.0
000069	3055.97
600015	3037.65
300271	3014.12
600201	2984.51
601636	2841.81
300571	2818.97
002262	2743.31
300232	2740.78
600409	2726.09
600276	2681.27
600792	2656.29
600066	2649.7
601211	2646.19
600865	2618.84
002139	2609.3
300124	2595.43
600784	2550.47
600388	2526.27
002174	2522.52
300073	2478.49
00700	2464.4
600566	2428.68
000906	2381.75
300156	2357.74
300310	2350.69
000968	2318.09
000937	2296.99
300092	2270.89
002496	2264.1
002223	2249.86
000030	2249.32
002048	2247.25
300347	2217.13
600584	2207.41
002203	2181.28
002036	2172.56
002240	2165.6
300116	2164.49
300128	2159.46
600593	2152.95
000002	2149.19
600197	2146.74
600297	2118.44
603601	2087.05
300403	2065.49
600166	2014.36
603099	1989.68
603808	1978.14
002596	1971.03
600095	1942.57
000028	1941.2
002142	1890.98
601339	1824.98
600269	1804.74
600229	1798.18
600686	1754.18
600563	1712.55
002426	1698.15
600062	1665.55
601166	1660.46
000429	1599.32
300595	1580.4
603939	1543.46
000538	1486.67
600312	1401.61
002372	1368.78
601288	1341.33
600777	1314.08
02018	1308.77
300065	1275.43
600643	1223.14
600089	1188.45
002665	1152.0
603818	1151.1
600875	1144.81
601336	1130.8
300433	1113.86
600966	1107.23
002126	1100.66
300144	1091.29
000910	1088.59
002444	1075.02
002831	1074.45
02382	1057.05
600258	1009.06
002032	1001.77
600750	999.06
600073	997.98
02318	982.3
300577	960.05
002108	944.34
600688	929.76
000895	915.61
000776	903.38
300072	883.32
002024	875.25
002304	867.7
01299	843.65
000725	832.0
300294	824.8
000498	817.47
000597	816.05
603078	810.34
600085	776.81
00388	753.15
601398	735.79
600498	696.36
000338	660.0
600298	646.75
00027	571.85
002325	511.0
000999	501.59
01186	487.97
00066	453.99
603186	447.8
603993	444.07
002074	443.91
600160	433.08
300613	428.03
300284	420.76
600004	387.84
603816	382.07
000596	378.05
000036	369.19
002564	365.2
600816	364.35
000936	351.43
000521	347.65
600856	343.54
300219	318.24
000540	308.23
600377	300.76
002101	286.68
002019	270.54
000488	268.84
600755	257.18
601231	254.66
600499	251.54
600016	134.81
600734	125.84
600657	121.65
600050	101.74
000089	100.14
601989	88.62
000581	84.43
000543	78.24
002244	74.46
000960	56.07
600795	55.91
002092	51.44
601919	27.12
002859	26.48
000050	21.19
002860	20.85
002555	20.71
300327	20.61
002624	20.58
601878	18.79
600100	7.2
603801	4.75