600028	107794.58
600887	103287.3
000786	100081.78
601006	96550.22
002415	90204.78
600519	70577.15
600015	64163.05
601398	63428.34
000651	55604.08
600016	53426.18
601098	49248.12
600066	49228.75
002475	48442.45
600062	45857.44
000422	43956.44
601688	40247.88
601088	37137.13
600660	36973.22
000063	35035.62
600089	34520.58
601668	33694.97
600109	31346.56
600557	30906.8
600048	30898.84
000100	30495.63
000538	28324.38
600276	27970.59
000333	26759.43
002311	22245.43
600196	21486.4
600309	19930.8
000018	19565.18
00939	17239.34
600104	16449.06
01398	16290.15
03988	16149.62
02318	15536.58
000910	15193.82
600035	12320.0
600856	11868.0
02628	11537.12
00902	11523.88
600382	11293.08
01359	11055.96
00386	10755.68
002611	10449.95
600138	10089.7
601328	10021.74
002310	9985.58
601233	9781.6
601566	9382.7
00857	9348.88
002398	9234.4
601789	9048.41
002394	8840.0
601988	8766.06
600900	8688.82
600565	8589.0
601939	8202.67
300241	7986.7
000718	7941.57
600477	7519.39
000748	7283.81
002050	7234.13
600976	7184.25
002053	6717.24
300282	6636.23
01618	6579.04
300410	6564.55
603001	6412.0
002550	6382.07
300408	6368.97
601899	6198.22
002245	6178.65
300375	6139.68
002323	5948.66
601818	5695.9
002051	5675.25
603030	5608.7
002683	5559.63
600742	5540.49
300210	5457.34
002533	5420.91
002509	5275.7
000568	5078.33
300312	5058.61
300285	4996.65
000550	4975.77
002583	4695.94
603611	4685.37
002366	4550.1
002395	4474.45
601211	4275.81
000858	3816.59
00175	3729.38
600267	3644.52
600426	3544.24
002452	3533.53
601288	3402.44
300231	3387.16
600000	3198.99
601155	3196.0
300097	3178.34
002217	3168.22
002573	2969.8
002396	2923.2
000887	2853.4
000001	2813.21
600166	2781.0
300156	2750.7
600741	2743.99
00700	2715.02
300342	2680.13
600693	2658.67
600486	2650.9
000881	2628.96
600886	2587.92
600030	2579.77
01117	2368.68
600682	2236.2
600093	2198.45
002694	2056.96
300230	1999.48
03899	1974.64
002085	1926.73
000725	1924.78
300228	1918.5
000998	1911.33
300088	1901.38
600038	1894.19
002023	1868.32
01177	1862.76
300316	1856.86
002450	1772.23
600731	1677.79
300143	1658.8
600667	1619.1
002391	1614.28
601333	1586.91
600114	1563.53
002738	1544.67
300332	1541.94
300014	1540.3
000977	1510.52
002341	1492.04
300183	1432.77
600686	1424.13
600888	1400.66
600834	1372.29
603766	1365.98
600826	1356.71
600337	1347.06
000630	1319.8
000554	1316.03
00966	1315.0
600687	1308.72
300357	1288.74
601318	1260.24
600837	1254.64
300168	1233.15
601009	1227.03
02357	1219.96
02727	1208.06
002299	1196.61
002234	1180.5
00570	1177.9
00489	1172.82
002126	1133.73
02186	1113.04
600883	1107.65
600547	1088.36
600509	1037.44
000778	1035.03
600125	992.27
300450	990.81
000877	979.13
300070	916.66
002458	901.76
002273	893.97
600703	863.79
600750	862.96
600674	862.0
600060	822.34
002672	821.22
600688	807.77
002185	803.34
601857	795.0
601997	789.0
300253	773.1
600820	732.61
300059	710.59
600736	684.44
600961	683.59
300431	681.91
300040	679.67
002726	677.8
000551	677.02
601339	676.09
600585	616.33
000776	606.96
300287	600.0
600816	573.26
601633	565.39
300075	560.56
002142	519.0
002024	489.72
600787	487.97
600409	442.36
300017	418.69
600036	393.06
000423	323.22
300258	310.98
000726	307.34
002821	307.2
601390	295.75
600690	294.13
600211	281.53
002214	277.27
000625	276.99
600132	276.75
600775	275.22
300121	271.63
002056	268.46
600518	267.75
600919	261.87
601998	252.43
601336	240.79
601166	239.84
002241	238.95
600562	231.19
000686	224.09
000529	223.02
600128	211.06
002058	208.92
603085	205.31
600318	202.54
002464	174.65
000967	143.43
300508	126.14
002466	124.61
600803	115.22
300164	114.15
600143	112.73
601169	110.19
600019	104.58
600172	90.65
002640	88.39
603660	83.79
600489	68.55
002433	54.2
600027	39.6
600967	24.43
002092	20.57
000059	16.66
600893	16.04
000401	15.47
603298	14.78
600399	14.7
002673	14.54
002408	14.3
300327	13.36
300568	10.73
601375	10.68
0	10.0
300537	10.0
603239	8.73
300582	7.04
603218	6.88
603416	5.39
002835	4.84
002828	4.02
603886	3.97
002838	2.08
300586	1.88
1	0.0