601398	83050.75
601006	64970.9
000651	60160.21
600016	53458.23
600048	49164.91
000063	38739.69
600519	37589.17
601088	37137.13
600887	35838.64
601668	34837.79
600089	34520.58
300408	33699.54
000100	30495.63
600335	29740.6
601328	25695.58
601988	24452.49
601997	23463.14
600068	23287.77
000018	23218.76
000826	23086.0
002415	22790.67
600885	22384.17
300197	21444.01
000858	21333.15
600409	21012.94
601717	20949.4
000002	19742.65
002572	19624.91
000661	19068.33
600572	18871.35
300122	18775.66
000568	18542.91
601789	18096.82
600718	17576.84
000998	17493.96
002322	17390.32
002311	17190.11
300006	17170.26
600122	17154.92
002050	16440.63
601166	16414.7
002408	16223.66
000718	16175.91
300241	15973.4
001979	15918.2
300210	15280.68
300003	15241.73
300080	15073.53
600477	15038.78
300017	14998.71
600566	14989.38
002399	14944.48
002672	14901.19
002138	14784.84
600138	14703.1
300351	14589.44
002509	14559.98
600867	14538.97
002041	14537.18
000678	13884.59
600997	13688.77
002250	13494.99
600970	13470.94
002223	13338.37
600123	13337.87
300138	13116.43
000590	12969.0
002313	12931.49
600338	12891.54
600697	12812.0
600439	12784.62
002550	12764.14
002690	12659.94
600643	12409.83
601899	12396.44
002202	12389.29
603899	12346.01
000910	12329.05
600035	12320.0
002507	12175.63
603883	11903.37
600856	11868.0
000333	11629.66
600661	11372.0
600382	11293.08
600030	11119.53
002683	11119.26
000418	11068.6
002343	10699.21
002236	10475.48
002611	10449.95
600271	10226.69
600110	10096.62
000823	9944.0
002458	9838.91
600529	9821.01
601233	9781.6
300070	9591.1
002480	9510.37
601566	9382.7
002108	9370.29
002016	9351.94
002398	9234.4
601318	9083.6
000625	9059.02
000630	8994.07
000960	8912.48
002394	8840.0
600325	8734.26
600362	8699.45
600820	8624.39
000748	8603.96
600565	8589.0
002299	8518.28
002216	8468.07
002341	8453.41
600686	8209.05
600961	8180.57
000739	7917.52
601336	7694.07
000983	7613.96
600500	7544.35
600528	7477.41
300011	7397.04
601333	7373.76
601699	7244.94
002059	7181.88
002616	7130.81
002422	7118.22
002117	7067.01
000937	7009.54
601801	6884.57
002450	6845.15
600875	6844.11
000070	6794.59
601818	6734.98
002053	6717.24
000402	6670.04
603609	6625.47
000725	6493.08
601186	6458.4
600066	6440.8
002245	6178.65
300238	6148.94
002665	6125.69
00700	6098.6
600104	5997.48
002323	5948.66
300284	5865.19
000538	5863.02
600426	5720.55
002468	5710.26
300316	5705.94
300078	5679.72
002051	5675.25
000949	5620.2
300124	5595.9
002120	5593.72
002068	5560.44
600742	5540.49
600896	5532.82
600682	5448.5
002007	5422.68
600007	5328.99
600729	5286.31
000967	5248.65
002123	5114.93
000550	5044.89
02238	4968.85
002035	4925.18
600861	4879.35
002078	4866.77
600520	4848.15
300097	4835.77
600976	4789.5
600038	4754.56
300093	4635.46
300342	4545.15
601211	4465.62
600967	4451.43
000821	4410.41
000059	4332.79
300409	4295.09
300106	4268.29
002659	4265.64
03888	4181.48
600525	4107.45
002548	4040.4
603799	4035.62
002716	3933.8
300115	3857.94
600498	3825.87
600476	3799.59
600667	3769.02
002733	3743.02
300161	3714.97
603308	3656.21
600267	3644.52
600787	3628.0
601155	3617.79
002519	3596.0
002008	3482.66
600557	3470.65
000915	3454.57
000963	3453.59
002281	3450.1
002640	3385.5
600731	3355.58
000606	3334.98
002045	3298.76
002106	3282.82
002026	3257.07
002310	3254.95
300285	3234.28
601633	3225.71
002530	3219.54
603001	3206.0
600491	3201.48
002023	3183.19
300271	3135.08
600036	3134.26
300228	3133.3
300166	3103.62
300129	3089.28
600006	3065.95
000400	2992.47
000820	2961.55
600622	2955.49
000887	2926.03
002089	2853.75
600155	2809.96
600888	2801.32
600376	2789.4
300365	2786.07
300050	2693.48
600872	2672.78
00939	2670.11
000001	2654.39
300455	2651.1
600486	2650.9
02357	2635.77
601009	2632.86
000554	2632.06
000881	2628.96
002594	2596.52
002357	2580.78
002583	2553.53
600146	2479.51
601800	2479.31
000411	2474.84
600584	2459.2
601390	2451.47
600309	2441.06
002456	2404.62
000426	2350.74
000596	2274.26
300236	2265.73
002142	2264.02
002570	2245.09
600883	2215.3
603026	2213.52
000422	2207.52
000913	2131.42
600509	2074.88
000778	2070.06
000895	2047.79
002462	2037.68
002013	2011.79
601607	2007.33
300230	1999.48
600079	1997.6
300436	1986.51
600125	1984.54
000877	1958.26
300463	1956.39
002085	1926.73
300088	1901.38
002372	1851.6
00005	1784.09
02388	1772.34
002599	1763.2
000921	1747.21
000925	1710.84
300246	1710.52
300345	1706.82
00388	1681.35
01299	1674.97
600689	1664.41
000860	1650.92
000065	1625.46
002391	1614.28
601965	1579.5
300450	1572.72
002048	1557.55
002475	1556.25
600760	1542.4
300332	1541.94
300014	1540.3
002179	1519.79
000977	1510.52
600998	1498.83
600593	1460.7
300223	1452.47
600261	1446.72
300183	1432.77
600389	1414.9
600438	1378.4
600060	1369.6
603766	1365.98
002624	1361.46
300458	1349.53
600337	1347.06
000852	1309.01
600687	1308.72
601669	1306.8
300061	1289.54
300357	1288.74
601678	1257.09
002425	1255.8
300340	1243.84
300168	1233.15
002234	1180.5
600642	1174.0
600258	1166.23
002180	1156.05
601377	1147.5
600963	1142.66
002126	1133.73
300291	1114.0
300302	1099.42
600619	1076.38
601857	1072.62
300447	1060.33
300496	1035.76
600969	1033.73
300033	1031.7
603160	1027.4
300237	1010.31
600736	1008.2
002726	1007.34
000551	998.48
601339	997.1
000685	973.88
601688	971.95
002217	964.68
002213	963.0
002019	922.45
002781	905.22
002273	893.97
000783	886.53
601989	871.64
300203	869.76
600703	863.79
600750	862.96
600674	862.0
002094	832.23
002508	818.31
002185	803.34
600151	799.93
002071	798.7
600919	783.98
300253	773.1
000069	771.45
600990	715.4
300059	710.59
600028	690.01
300431	681.91
300040	679.67
002739	643.98
600763	639.3
601198	639.11
002032	615.29
002821	614.4
600616	604.42
000513	603.69
300287	600.0
600816	598.77
601939	596.22
601689	590.46
000019	576.36
600297	574.59
300075	560.56
600031	546.99
600688	545.21
002756	544.38
002047	526.52
600521	498.41
002262	495.33
601985	493.36
601168	487.57
600233	467.25
00570	459.86
000796	454.5
002103	447.64
02018	441.13
600761	436.03
000423	430.96
000528	427.64
600268	417.54
603085	417.16
601628	411.94
300071	397.64
601098	374.85
002205	372.47
002057	367.4
002544	365.27
000803	364.05
00392	360.62
600561	359.35
600444	350.39
600719	347.42
002627	344.13
600448	343.45
600213	341.36
002420	334.66
600121	333.18
002643	328.88
002024	325.29
603167	321.2
300258	310.98
000157	299.73
600690	294.13
600741	290.13
000800	285.99
600015	284.05
600211	281.53
002500	280.07
002214	277.27
600132	276.75
600775	275.22
600576	272.39
002056	268.46
600848	251.55
000928	241.39
02382	236.88
600611	231.66
600562	231.19
000529	223.02
603686	219.25
000401	219.08
601100	213.6
002206	213.41
300108	213.03
000889	211.34
603306	211.22
600128	211.06
002058	208.92
300067	206.57
01093	205.9
600318	202.54
300189	187.58
600641	186.27
000683	184.89
000623	175.4
300219	164.4
600621	160.45
002286	151.45
600792	125.53
002466	124.61
300478	122.9
600284	122.01
600172	111.57
600350	111.33
601231	111.23
600178	110.84
600704	110.63
601169	110.19
601677	109.52
600547	106.97
600585	106.17
600019	104.58
600699	102.58
601933	88.38
601117	71.09
600835	69.1
600489	68.55
600600	68.3
600612	68.13
600894	67.67
600295	64.72
600026	64.49
000521	63.46
002433	54.2
600202	51.91
300548	49.9
000815	48.95
300337	48.22
002067	47.9
300261	47.87
603868	47.8
002813	47.79
300416	47.75
300521	47.64
0	29.0
000930	21.77
000732	21.05
002092	20.57
002777	18.94
300087	17.73
600893	16.04
000752	15.57
600399	14.7
002673	14.54
600166	14.52
300327	13.36
1	10.0
603298	8.04
603218	6.88
603416	5.39