600028	6
000651	6
601939	5
600104	5
600887	5
600309	4
600015	4
002415	4
600066	3
601988	3
601398	3
601318	3
601006	3
600519	3
002310	3
601688	3
601328	3
000568	3
000001	3
000786	2
600062	2
000422	2
600016	2
000333	2
600900	2
601098	2
600048	2
002311	2
600585	2
601668	2
601211	2
600036	2
600742	2
00700	2
600109	2
603001	2
600976	2
600138	2
002273	1
600318	1
603218	1
01618	1
002673	1
002672	1
600961	1
000625	1
600967	1
000550	1
000551	1
600816	1
600893	1
1	1
600089	1
000018	1
600128	1
600557	1
600000	1
601633	1
002051	1
300285	1
002056	1
002058	1
300253	1
002726	1
02628	1
300258	1
002366	1
01398	1
00386	1
600399	1
600547	1
300017	1
600019	1
601997	1
000538	1
000686	1
603298	1
03988	1
300088	1
002299	1
600143	1
002611	1
002458	1
600703	1
300168	1
002450	1
000529	1
600267	1
600660	1
002475	1
600688	1
000910	1
600687	1
600750	1
002323	1
600674	1
002583	1
600060	1
601169	1
601566	1
002185	1
600276	1
300070	1
601088	1
600562	1
601166	1
300075	1
002142	1
002126	1
600690	1
600693	1
002085	1
002234	1
600856	1
000748	1
000059	1
00902	1
603766	1
300183	1
000858	1
600803	1
600035	1
600820	1
000063	1
002245	1
002408	1
300450	1
601233	1
300059	1
000100	1
600426	1
01359	1
300357	1
600337	1
02318	1
002394	1
000887	1
002391	1
000881	1
002398	1
00857	1
300040	1
600741	1
601818	1
603416	1
300121	1
300287	1
002092	1
00175	1
300327	1
300164	1
000401	1
601333	1
002053	1
300431	1
00939	1
600565	1
600382	1
002466	1
002464	1
600736	1
300230	1
603085	1
601857	1
600486	1
601336	1
000967	1
600409	1
601339	1