300136	0.7149
002456	0.5075
002572	0.4976
300115	0.4762
002475	0.4578
300156	0.2806
002589	0.2492
000820	0.2464
002466	0.2305
002043	0.2252
002236	0.2224
002460	0.2142
000568	0.2138
000065	0.1736
600056	0.1716
300450	0.1688
601689	0.1664
002415	0.1553
002241	0.1499
002217	0.1497
600110	0.1481
300197	0.1394
002035	0.1379
000333	0.1336
300145	0.1257
600519	0.123
002583	0.1222
600201	0.121
000858	0.1153
601318	0.1126
600146	0.1126
300476	0.1072
600739	0.1063
000423	0.1059
600885	0.1056
600487	0.1048
600703	0.1028
600864	0.1012
002450	0.0993
002508	0.099
002411	0.0977
600834	0.0959
600068	0.0958
600240	0.095
002271	0.0948
002479	0.0946
300097	0.0943
600335	0.094
300088	0.093
600867	0.0907
600522	0.0897
600566	0.0896
002310	0.0895
002640	0.0892
600768	0.0881
600887	0.0877
600009	0.0875
000039	0.0875
002530	0.0872
002609	0.0867
000651	0.086
002195	0.0836
300274	0.0819
300031	0.0815
002108	0.0794
600751	0.0758
300308	0.0744
600183	0.0731
002511	0.0731
002384	0.0729
002562	0.0714
002311	0.0704
600007	0.0703
000089	0.0694
600267	0.0691
002838	0.069
002509	0.0687
002833	0.0682
002343	0.0654
002127	0.0654
300065	0.0642
600967	0.0631
600061	0.0607
000776	0.0585
002008	0.0568
600779	0.0567
600196	0.0567
300161	0.0564
300355	0.0561
002045	0.056
300296	0.0552
300129	0.0551
002032	0.055
002273	0.0544
002179	0.0525
603808	0.0524
600028	0.0522
300072	0.0522
300408	0.0509
002120	0.0507
300100	0.0503
002568	0.0502
600884	0.0494
600036	0.0488
000799	0.0483
002636	0.0481
002709	0.0479
002223	0.0477
300545	0.0475
601668	0.0475
600660	0.0472
600486	0.0469
000403	0.0467
002304	0.046
000919	0.0457
002449	0.0455
600258	0.0446
002502	0.0443
601012	0.0441
300049	0.0431
600584	0.0412
002250	0.041
000513	0.0402
300003	0.0401
603018	0.0398
600338	0.0396
000963	0.0396
300340	0.0393
600990	0.039
000823	0.0389
600498	0.0386
002245	0.0386
002353	0.0385
300229	0.0362
603883	0.0349
300433	0.0348
600426	0.0347
600072	0.0344
600276	0.034
603589	0.0339
002541	0.0336
002202	0.0332
000967	0.033
300317	0.0326
002635	0.0311
002230	0.031
601800	0.0309
600511	0.0299
600109	0.0291
002554	0.029
601888	0.029
000970	0.0289
300263	0.0286
601607	0.0277
600392	0.027
000049	0.0263
601633	0.0258
002185	0.0258
002142	0.0251
002322	0.0247
601398	0.0227
600691	0.0225
600535	0.0224
601211	0.0213
600273	0.0201
002391	0.0199
600029	0.018
600104	0.0176
600518	0.0172
600312	0.0169
600138	0.0152
600089	0.0102
600309	0.0089
600271	0.0079