000651	22
601318	20
002008	15
600519	14
600036	13
000333	13
000568	12
000858	12
002236	11
002241	11
002415	11
002466	11
002456	10
002460	10
600104	8
002475	8
600703	8
600887	8
000063	7
000963	7
300136	7
002635	6
601668	6
600110	6
600056	6
601288	6
601607	6
601601	6
00175	6
000895	6
600153	5
000661	5
600406	5
002035	5
600566	5
300408	5
600196	5
002304	5
002372	4
002050	4
600477	4
603799	4
002411	4
601398	4
300115	4
000002	4
002450	4
002508	4
002310	4
600884	4
600885	4
600643	4
600066	4
600998	4
603043	4
601933	4
002271	3
0	3
002027	3
300070	3
600031	3
600030	3
02318	3
002142	3
002202	3
600867	3
600660	3
603626	3
001979	3
600741	3
603801	3
002078	3
002074	3
000418	3
002217	3
600062	3
600309	3
600068	3
600019	3
600466	3
601169	3
601088	3
601939	3
000050	3
002019	3
002714	3
601888	3
600809	3
600310	2
002570	2
002572	2
000625	2
002051	2
300197	2
002690	2
300088	2
000998	2
600270	2
600276	2
300073	2
601699	2
000065	2
600585	2
000069	2
603679	2
603816	2
300203	2
000403	2
300335	2
000709	2
03968	2
002368	2
600146	2
600048	2
603993	2
002583	2
01336	2
000983	2
300182	2
000776	2
300450	2
002250	2
600622	2
601336	2
600004	2
603020	2
300012	2
000786	2
600686	2
300571	2
300274	2
000513	2
002007	2
600511	2
600516	2
002640	2
300294	2
600298	2
002311	2
600835	2
601111	2
300433	2
600491	2
600498	2
02020	2
000639	2
600340	2
000423	2
600999	2
002449	2
002766	2
600016	2
600015	2
000725	2
601012	2
002343	2
603286	2
600549	2
601166	2
600029	2
002400	2
600529	2
00700	2
300323	2
600348	2
002573	1
000620	1
600893	1
601225	1
600894	1
600266	1
600267	1
601636	1
00857	1
03328	1
300251	1
300257	1
002110	1
601908	1
300497	1
01398	1
000028	1
603180	1
600795	1
02601	1
600074	1
600072	1
600373	1
600079	1
600377	1
600985	1
002596	1
002594	1
600388	1
600570	1
000910	1
600579	1
600200	1
000997	1
000999	1
601009	1
002624	1
601007	1
600271	1
002239	1
002230	1
600856	1
600850	1
01186	1
300106	1
300104	1
300101	1
600581	1
000066	1
600584	1
002244	1
01299	1
01293	1
300456	1
600750	1
000882	1
600754	1
002146	1
600537	1
002092	1
600100	1
601328	1
000402	1
000400	1
000401	1
000404	1
000811	1
600328	1
600565	1
02382	1
02388	1
600409	1
300332	1
000700	1
000792	1
300027	1
300026	1
002081	1
300146	1
300144	1
300145	1
002568	1
002563	1
601989	1
000636	1
300418	1
002366	1
300410	1
603108	1
601788	1
000026	1
600864	1
601628	1
002108	1
002517	1
002532	1
601919	1
002298	1
002292	1
000030	1
002192	1
601717	1
000524	1
600362	1
002036	1
600775	1
002426	1
000089	1
000596	1
601997	1
300188	1
002636	1
00762	1
300340	1
300347	1
02869	1
600282	1
603556	1
000920	1
600826	1
600827	1
000671	1
000779	1
601600	1
000603	1
002555	1
002494	1
300440	1
600742	1
000967	1
603806	1
00939	1
000968	1
300017	1
603898	1
603899	1
600487	1
600138	1
600875	1
000411	1
600258	1
600027	1
000820	1
600963	1
600969	1
603355	1
002773	1
300308	1
600000	1
600416	1
000739	1
002859	1
00027	1
002214	1
300403	1
002353	1
603118	1
601799	1
600708	1
600879	1
600702	1
600706	1
600873	1
601155	1
600688	1
002131	1
600681	1
002138	1
300577	1
002507	1
002501	1
300271	1
002503	1
600122	1
02018	1
600176	1
002182	1
002185	1
600085	1
02628	1
600054	1
002430	1
600458	1
000587	1
00066	1
300058	1
600426	1
300357	1
600297	1
000860	1
000863	1
601899	1
603158	1
600839	1
002860	1
300122	1
300124	1
002541	1
601801	1
002385	1
002384	1
601231	1
600738	1
600739	1
300049	1
000630	1
002041	1
600089	1
300225	1
000018	1
601878	1
603728	1
000429	1
600061	1
000426	1
600997	1
600050	1
600990	1
002444	1
300316	1
00386	1
000949	1
603833	1
600390	1
00388	1
002589	1
000685	1
000338	1
300166	1
03988	1
300616	1
600547	1
300367	1
300364	1
300365	1
300009	1
000830	1
300003	1
002345	1
002340	1
002223	1
603160	1
002174	1
002831	1
002126	1
600691	1
600690	1
600693	1
002539	1
300269	1
002531	1
300267	1
000059	1
300467	1
600760	1
600028	1
600180	1
600183	1
600188	1
603788	1
002016	1
600116	1
600507	1
000807	1
300285	1
300287	1
000878	1
300324	1
002617	1
000718	1
600808	1
600804	1
600801	1
000488	1
300033	1