002466	26
002008	22
000651	22
002456	20
002236	19
002460	19
300136	14
601318	13
002050	12
600519	11
000333	11
000063	10
002241	10
000858	10
300450	9
000568	9
002635	9
002475	9
600703	9
600110	9
603799	8
300115	8
600183	8
600036	7
002035	7
001979	7
600622	7
002078	7
002508	7
300197	7
300296	7
002450	6
002415	6
002217	6
600884	6
600885	6
600038	5
002411	5
300207	5
002636	5
600887	5
601601	5
000830	5
002572	4
002027	4
600030	4
600104	4
600406	4
600409	4
603626	4
000921	4
600487	4
002185	4
600056	4
000900	4
002310	4
603883	4
600068	4
601933	4
600338	4
002271	3
002640	3
002025	3
300083	3
600477	3
000997	3
300355	3
300073	3
601211	3
000400	3
000963	3
300145	3
002203	3
600867	3
300567	3
002195	3
002589	3
002384	3
600741	3
002179	3
000002	3
600312	3
000418	3
000823	3
300408	3
300577	3
002727	3
002311	3
000938	3
600308	3
601607	3
002048	3
600340	3
600062	3
600990	3
002449	3
300616	3
002340	3
002127	3
600029	3
300323	3
600808	3
002273	2
000030	2
600893	2
601636	2
600372	2
600079	2
600426	2
600383	2
600201	2
300078	2
600270	2
000661	2
002599	2
601699	2
002581	2
000069	2
600755	2
600031	2
002410	2
002142	2
002833	2
300335	2
300337	2
300142	2
002564	2
002365	2
601398	2
600660	2
603588	2
600566	2
600563	2
600562	2
300340	2
300065	2
601689	2
002496	2
603808	2
002174	2
002175	2
300232	2
601339	2
600967	2
002773	2
300308	2
300156	2
002354	2
600879	2
300383	2
002138	2
600686	2
02018	2
600176	2
002188	2
600196	2
002439	2
600229	2
601111	2
00700	2
300226	2
600491	2
600499	2
600066	2
000429	2
600309	2
600998	2
600549	2
600900	2
601012	2
300367	2
300365	2
300003	2
600269	2
002221	2
600466	2
601088	2
002831	2
601166	2
002081	2
002085	2
601939	2
600160	2
002019	2
002013	2
600335	2
300287	2
000878	2
00175	2
300324	2
601888	2
000488	2
300033	2
002570	1
002372	1
000628	1
600784	1
300252	1
000028	1
600095	1
600795	1
603186	1
600657	1
000928	1
600073	1
000538	1
600377	1
002024	1
002596	1
600388	1
000998	1
000999	1
002624	1
600276	1
300072	1
600856	1
000662	1
01186	1
603078	1
300101	1
603816	1
000065	1
600584	1
002244	1
002240	1
01299	1
300456	1
600750	1
603818	1
02318	1
002065	1
601288	1
300203	1
002092	1
600100	1
002665	1
600971	1
02382	1
002705	1
000960	1
600816	1
000498	1
600690	1
300144	1
601989	1
000639	1
600718	1
600865	1
002108	1
002101	1
600777	1
601919	1
600146	1
000036	1
002192	1
600661	1
000521	1
600792	1
000910	1
600360	1
600362	1
002036	1
002032	1
603993	1
002421	1
600568	1
000596	1
000597	1
000983	1
601997	1
002638	1
300068	1
300346	1
300347	1
002325	1
000776	1
300116	1
002555	1
300447	1
603869	1
600620	1
603099	1
000967	1
603801	1
000968	1
002074	1
300231	1
600875	1
601336	1
600258	1
603939	1
000826	1
600966	1
000786	1
600004	1
600419	1
002859	1
300012	1
00027	1
300015	1
300017	1
300403	1
601799	1
600872	1
600688	1
002139	1
300571	1
300274	1
300271	1
600089	1
600674	1
300476	1
603888	1
300279	1
600197	1
600050	1
600516	1
601688	1
002766	1
000581	1
00066	1
000906	1
300294	1
600298	1
600297	1
603158	1
600837	1
000543	1
002860	1
300124	1
300128	1
300433	1
000089	1
002262	1
601231	1
600734	1
600739	1
002426	1
002043	1
002049	1
600498	1
02020	1
600085	1
603338	1
601878	1
600643	1
000540	1
000936	1
000937	1
000423	1
600997	1
600993	1
300310	1
002444	1
300090	1
300092	1
300097	1
600016	1
600015	1
603833	1
00388	1
000725	1
000338	1
002614	1
002617	1
300619	1
300613	1
300007	1
002343	1
002223	1
600845	1
601169	1
002120	1
002126	1
600693	1
600593	1
002530	1
600603	1
603601	1
000050	1
300467	1
600166	1
603868	1
600188	1
603788	1
300219	1
300212	1
300595	1
600233	1
002714	1
300049	1
300284	1
600348	1
300327	1
002303	1
002304	1
000895	1
600809	1
603006	1