000333	147948.86
600887	134855.41
002415	127773.08
601318	124226.99
002311	99870.11
600196	86243.65
002475	84643.96
002466	81819.55
000651	69939.51
00175	69593.0
600660	67948.81
000568	54105.47
002456	47547.28
300408	46481.17
002236	45978.42
300136	40645.54
601933	39597.26
000418	36686.0
300450	33008.34
002572	32534.41
02020	32527.11
600703	31237.54
600566	30875.26
300567	30803.88
002833	30203.55
600519	29112.2
300616	28562.48
002460	28432.28
600884	27985.14
002508	27805.85
600426	27738.98
603799	27724.07
002273	27482.99
000858	27478.85
601888	27223.54
600110	25183.0
002008	25160.08
300097	24739.46
601012	24686.66
300115	24136.44
002384	24091.42
002343	24068.61
600885	23793.43
002450	22981.57
300296	22511.53
601601	21935.81
600036	21711.47
300365	21281.06
600031	21109.1
000820	20238.41
002310	20048.41
300335	19808.81
002027	19674.8
000423	19665.28
300156	19635.32
600089	19592.83
300607	19433.7
002185	19351.12
300316	19155.87
603899	18842.34
002583	18755.39
601607	17801.26
000823	17736.46
300340	17574.22
300403	17554.85
300383	17314.87
300568	17291.24
600742	17204.08
603111	17066.9
000830	16949.92
002035	16917.94
600335	16895.28
601398	16809.82
000811	16751.32
600622	15973.33
601668	15963.16
600085	15649.28
300267	15192.79
603883	14911.92
601717	14685.12
300595	14507.38
002138	14271.23
002175	14179.08
002120	14111.75
600584	14048.4
300252	13956.0
000915	13702.7
000063	13486.07
300623	13440.07
300503	13327.4
000998	13256.84
002640	13123.51
603197	12860.06
002127	12730.25
000400	12583.34
600867	12582.11
000661	12509.13
002241	12476.78
002829	12371.25
002589	12213.34
600693	11987.28
600879	11929.53
603869	11920.21
002050	11867.1
600062	11744.73
300070	11709.63
300308	11523.33
300310	11488.26
600487	11474.13
600068	11435.64
002247	11311.28
002411	11276.26
600406	11259.24
002714	11157.33
601233	10853.86
002192	10521.59
002555	10273.94
002624	10254.97
000967	10239.96
002635	10237.42
603788	10093.15
002387	9942.12
002773	9937.0
002522	9820.11
002599	9697.21
600233	9449.66
600104	9198.88
300279	9186.97
002529	9169.3
600016	9048.35
002662	9005.57
603006	8881.97
002399	8819.54
600056	8714.5
002434	8552.98
300338	8410.94
603556	8251.23
300232	8246.1
300367	8203.38
002230	8199.45
300476	8126.05
002139	7992.82
000662	7851.1
600563	7824.2
601006	7824.07
300231	7750.65
002439	7681.22
600030	7641.13
002195	7525.34
002271	7461.4
603005	7431.01
002094	7338.04
002049	7276.55
601111	7256.84
000567	7198.97
000065	7108.81
002045	7068.82
002530	7040.94
600856	6986.93
300210	6983.84
603868	6879.56
600270	6872.84
002766	6851.71
600337	6780.84
600971	6768.56
300068	6598.5
601988	6596.1
603306	6590.65
300144	6581.68
300197	6579.95
600409	6575.31
600845	6573.83
300017	6558.47
600188	6488.73
600525	6374.43
600958	6275.03
300287	6202.48
300619	6147.36
601699	6131.66
600261	6068.37
000938	6038.92
600489	5951.7
600028	5930.0
300166	5920.62
300007	5910.08
600549	5789.4
603186	5773.95
600603	5760.42
600547	5728.14
002051	5721.48
600827	5687.41
300078	5672.26
600360	5650.11
600873	5624.31
600019	5562.49
601688	5508.35
603337	5409.25
300302	5403.08
300447	5384.29
603108	5264.71
600865	5237.68
002117	5175.62
600765	5124.82
300058	5106.74
002739	5097.68
000776	5085.13
002262	5051.02
300212	5021.01
300015	4781.01
000937	4593.98
601166	4518.4
002354	4517.36
000921	4450.48
00991	4319.65
600690	4263.15
300285	4248.21
002436	4175.33
600666	4080.57
000681	4071.64
000997	3979.6
603888	3977.99
002537	3897.98
600150	3843.75
600582	3763.8
300001	3688.8
002110	3589.52
002366	3582.05
600985	3564.64
300346	3547.57
002332	3491.57
600388	3465.83
600967	3453.68
00916	3450.85
000513	3404.88
600195	3339.9
002437	3278.91
300603	3273.29
002174	3218.04
600507	3156.02
600620	3141.93
601088	3124.05
600383	3106.31
600184	3096.39
002013	3085.34
000628	3069.57
601600	3061.08
300101	3016.92
000801	3015.5
600850	2972.72
600862	2942.04
000910	2937.94
002078	2907.58
600999	2897.14
600197	2893.56
600309	2884.01
600118	2867.41
300114	2864.3
600201	2842.55
600826	2801.14
002365	2779.27
000488	2672.88
600792	2656.29
600777	2628.16
600784	2550.47
000049	2436.13
600498	2433.42
000906	2381.75
600491	2362.83
000970	2354.64
600875	2289.62
300092	2270.89
600681	2213.15
002048	2211.58
000963	2200.66
002036	2172.56
600593	2152.95
002444	2150.04
000725	2119.93
600373	2045.37
300323	2010.35
600073	1995.96
603099	1989.68
002596	1971.03
000983	1960.62
600315	1947.0
000028	1941.2
601288	1937.2
600282	1936.6
002531	1924.03
002675	1914.86
603626	1914.48
600153	1907.95
300083	1835.42
300196	1825.31
000756	1818.95
603808	1780.38
002468	1778.7
000826	1756.0
600021	1741.99
600258	1728.66
600180	1728.07
601899	1721.04
300409	1692.39
000002	1683.0
002123	1666.5
002581	1664.69
603818	1610.26
000786	1607.84
002126	1571.37
300225	1554.04
00700	1519.37
600348	1480.68
000807	1383.64
002372	1368.78
002245	1353.21
000630	1309.92
600328	1301.64
600240	1241.72
000603	1229.26
000920	1209.79
002496	1138.16
603660	1136.09
002221	1131.99
000669	1105.57
601169	1082.09
300065	1059.8
000700	1034.72
300406	1004.06
002435	987.3
300106	942.11
002665	932.98
600702	914.05
600420	910.02
600329	882.68
002727	881.91
600990	881.51
600011	878.16
603968	868.42
002304	867.7
000411	827.78
300294	824.8
601231	804.35
300303	803.87
300347	802.24
600562	798.11
300309	792.63
600477	776.38
03968	741.95
600297	740.0
601211	738.77
600816	717.69
000960	709.62
601939	676.5
300630	642.45
02388	641.85
01293	641.18
02318	625.16
601328	610.46
300061	601.89
000001	600.96
002142	579.0
600266	573.17
00762	563.8
300284	563.55
600750	559.93
601991	548.14
300452	536.25
601677	531.96
600074	529.18
002539	522.61
000050	498.82
600138	489.01
300188	475.57
002543	475.18
600511	466.17
601098	460.85
601225	455.59
600499	451.71
600713	450.41
000018	449.13
600587	444.5
601186	443.74
000537	441.07
600029	435.0
300613	428.03
002831	420.0
600000	409.6
300113	398.93
600998	393.25
000538	391.35
002500	382.43
600674	380.53
600276	378.21
000900	377.84
000666	374.9
300306	372.28
000036	369.19
002564	365.2
000030	362.34
600497	361.95
002203	360.2
000936	351.43
000521	347.65
300073	345.67
02018	338.84
000540	308.23
300088	285.07
601336	278.31
002081	276.04
002182	275.7
300257	274.04
603816	264.51
600893	259.35
603600	250.75
300203	241.83
002590	238.31
600804	230.67
002217	227.24
600160	216.54
600516	213.3
002101	191.12
000338	153.65
002032	149.05
002019	135.27
600183	131.54
600755	128.59
600312	125.03
001979	109.58
300364	100.23
000089	100.14
601666	97.38
601998	93.6
600316	84.05
300291	80.02
600581	79.36
002413	74.59
300063	73.06
600410	70.88
300525	70.5
600718	69.98
002071	69.72
300494	69.57
600038	66.82
600685	66.81
002465	64.87
0	17.0