0	25.0
002120	0.8532
600110	0.5045
600233	0.4897
002640	0.4245
000711	0.357
002045	0.3415
300365	0.3381
603808	0.3127
300279	0.3117
002180	0.3029
002456	0.3018
300115	0.2835
300456	0.2779
300237	0.2736
002343	0.2722
600593	0.2665
600500	0.2641
000070	0.2623
300142	0.2593
600885	0.2572
000910	0.2542
300031	0.2508
300196	0.2484
002582	0.2474
600867	0.2376
300212	0.2238
002511	0.2214
600967	0.213
600566	0.2107
000423	0.2031
000651	0.2028
300073	0.2015
300278	0.1974
002411	0.1903
002173	0.1829
002709	0.1808
001696	0.1807
000590	0.1787
300197	0.1775
300458	0.1741
300136	0.173
600382	0.173
600521	0.1701
600389	0.1691
002468	0.1675
002325	0.1657
002509	0.1648
300347	0.1642
002310	0.162
601800	0.1605
001979	0.1598
600547	0.1591
002127	0.1578
002609	0.1563
000963	0.1536
300408	0.1532
600079	0.152
300017	0.1499
600240	0.1494
300379	0.1461
600519	0.1447
600763	0.1395
000820	0.1356
002050	0.134
600060	0.134
300244	0.132
600030	0.131
002308	0.1309
600198	0.1295
000404	0.1293
300144	0.1267
002479	0.1265
300271	0.1264
002773	0.1262
600325	0.1241
002001	0.1236
002460	0.1221
600276	0.1201
601997	0.1185
600068	0.1183
300463	0.1179
000821	0.1145
002185	0.1145
000597	0.1129
300351	0.1105
300262	0.1102
600693	0.109
000983	0.109
002605	0.1086
002627	0.1072
600622	0.1069
300300	0.1063
002352	0.1063
300304	0.106
002098	0.1056
300285	0.1048
002214	0.1016
300477	0.101
002665	0.1003
002638	0.1002
000488	0.1002
002494	0.0997
600146	0.0992
002103	0.099
601699	0.0989
300342	0.0984
002569	0.098
600856	0.0975
000662	0.0974
002394	0.0969
002319	0.0968
600697	0.0966
300340	0.0952
600834	0.0936
002368	0.0933
300088	0.0932
300226	0.0932
002476	0.0927
000065	0.092
300182	0.0918
300284	0.0917
002007	0.0913
300202	0.0912
002662	0.0908
300302	0.0906
300326	0.0906
603703	0.0902
600261	0.0901
000333	0.0898
002398	0.0897
603555	0.0897
002733	0.0888
000028	0.0887
002152	0.0885
002094	0.088
002482	0.0867
300161	0.0862
000739	0.0849
600963	0.0841
603883	0.0841
600976	0.0836
002084	0.0833
002636	0.0832
002126	0.0824
002322	0.0823
600267	0.0818
000925	0.0811
002570	0.0811
600477	0.0809
002391	0.0804
000035	0.0803
300187	0.0802
300159	0.0802
600061	0.0802
300228	0.0796
002247	0.0792
002611	0.0792
002043	0.0789
600098	0.0776
600475	0.0776
300409	0.0776
002384	0.0776
002694	0.077
600826	0.0763
002155	0.0763
002023	0.0762
002250	0.0762
600995	0.0757
002519	0.0755
600751	0.0752
002548	0.075
600608	0.075
600329	0.0747
000568	0.0736
000678	0.0734
600682	0.073
300520	0.0727
601669	0.0725
300068	0.0709
002572	0.0708
603601	0.0707
601566	0.0704
300465	0.0699
000725	0.0693
300012	0.0691
300203	0.069
300065	0.069
000606	0.069
300310	0.069
300370	0.0688
000687	0.068
600603	0.0678
300054	0.0674
603368	0.0672
002450	0.0671
002630	0.0668
002706	0.0664
600749	0.0662
002044	0.0662
002435	0.0659
600486	0.0658
600363	0.0657
000919	0.065
002383	0.0647
600491	0.0642
002366	0.064
600439	0.064
300015	0.0639
002303	0.0637
002170	0.0628
002047	0.0628
300080	0.0627
600066	0.0621
300455	0.0618
600887	0.0615
300047	0.0614
300087	0.0608
002333	0.0608
002350	0.0607
300156	0.0602
002243	0.06
300138	0.06
600529	0.0594
002049	0.0594
002409	0.0593
002339	0.0589
002462	0.0589
603021	0.0589
300137	0.0585
601225	0.0582
002149	0.0579
300183	0.0579
600584	0.0574
002297	0.0572
002313	0.057
000697	0.0568
000063	0.0568
000034	0.0567
002480	0.0563
000933	0.0562
002078	0.0561
600489	0.056
000561	0.0556
000796	0.0556
300266	0.0554
600048	0.0553
300090	0.0548
600997	0.0546
600643	0.0538
002541	0.0527
000608	0.0525
300344	0.0523
300121	0.052
000558	0.0517
300231	0.0515
000818	0.0514
600884	0.0514
002761	0.0514
300364	0.0511
300296	0.0508
002035	0.0507
000501	0.0506
002631	0.0504
002316	0.0504
603108	0.0499
002053	0.0497
300025	0.0497
603010	0.0495
603658	0.0493
300018	0.0492
000708	0.0484
601155	0.0483
600448	0.0482
002059	0.048
002766	0.0476
300109	0.0476
002425	0.0476
300377	0.0474
600083	0.0472
002517	0.047
000826	0.0468
000790	0.0467
600561	0.0467
600282	0.0467
300383	0.0467
600605	0.0464
600816	0.0463
601336	0.0461
600337	0.0461
600985	0.0459
000967	0.0458
002475	0.0457
600727	0.0455
600328	0.0455
002085	0.0455
600750	0.0453
002406	0.0452
300036	0.045
300359	0.0448
002664	0.0447
300215	0.0446
002415	0.0445
600719	0.0445
300103	0.0444
300013	0.0444
002762	0.0444
002026	0.0442
002057	0.0439
002055	0.0438
600568	0.0438
000823	0.0435
600600	0.0435
000530	0.0433
300061	0.0433
002612	0.0433
300241	0.0432
000922	0.043
601717	0.0429
300238	0.0429
600681	0.0429
300059	0.0429
600099	0.0428
600559	0.0428
000968	0.0425
600029	0.0425
300199	0.0424
601198	0.042
600309	0.0419
002077	0.0417
000938	0.0415
300396	0.0413
600958	0.0412
002563	0.0411
600845	0.0411
300069	0.0409
600721	0.0408
600803	0.0405
002262	0.0404
000997	0.0402
603686	0.0399
002239	0.0398
000581	0.0396
600169	0.0395
601799	0.0394
601555	0.0393
002146	0.0393
300119	0.0389
300104	0.0388
601166	0.0384
600988	0.0384
600419	0.0383
002159	0.0382
600336	0.038
600998	0.0378
600188	0.0377
300265	0.0371
300221	0.0369
300072	0.0368
600266	0.0367
300378	0.0363
002466	0.0361
002175	0.0359
002635	0.0358
000004	0.0358
300207	0.0357
600702	0.0357
000928	0.0355
600476	0.0353
300282	0.0353
002693	0.0351
600479	0.035
300416	0.035
300356	0.0348
600195	0.0346
300263	0.0346
600821	0.0343
300339	0.0338
002508	0.0338
600054	0.0338
601898	0.0337
600661	0.0336
600833	0.0335
600340	0.0334
601678	0.0333
300005	0.0333
300084	0.0331
002200	0.0331
600398	0.033
002588	0.0329
600898	0.0327
002503	0.0325
300322	0.0322
000426	0.0321
002236	0.0319
300301	0.0316
002672	0.0315
300223	0.0314
600740	0.0312
002400	0.0312
000911	0.0311
000975	0.031
600746	0.0309
600520	0.0309
600056	0.0307
600050	0.0307
002193	0.0305
600715	0.0305
603308	0.0305
600551	0.0302
601186	0.0301
300403	0.0301
300401	0.0301
002581	0.0298
600268	0.0298
002341	0.0298
300050	0.0296
000835	0.0295
300135	0.0295
600701	0.0294
600760	0.0291
600671	0.0288
000703	0.0287
300002	0.0287
600562	0.0282
300219	0.0282
600285	0.0281
002358	0.0281
603669	0.028
002087	0.0278
002027	0.0274
600055	0.0274
002117	0.0267
600894	0.0265
002240	0.0261
300124	0.0259
002364	0.0257
600621	0.0255
600781	0.0254
000971	0.0254
300289	0.0253
600613	0.0252
002412	0.0252
300224	0.0247
300444	0.0244
300422	0.0239
600771	0.0235
002279	0.0228
300471	0.0227
000623	0.0225
002395	0.0223
300294	0.0207
601789	0.0204
300078	0.0201
300252	0.0198
601618	0.0195
600281	0.0192
002133	0.0189
600511	0.0189
002564	0.0188
000980	0.0182
002272	0.0181
002105	0.0181
002687	0.018
600327	0.0177
600984	0.0177
002726	0.0176
600508	0.0175
000782	0.0174
603167	0.0174
000698	0.0174
300029	0.0173
600703	0.0096
000953	0.0086
000609	0.0085
000613	0.0083
002718	0.0083
002493	0.0082
002771	0.0082
603158	0.0082
600393	0.0082
300210	0.0082
601328	0.0081
600979	0.008
300132	0.0079
000002	0.0078
600847	0.0078
002719	0.0078
300214	0.0077
600000	0.0074
601238	0.0069
002265	0.0067
600248	0.0062
601398	0.0057
601169	0.0057
002756	0.0055
000001	0.0049
601318	0.0031
600028	0.0031
002739	0.0028
601601	0.0027
000625	0.0025
601006	0.0025
000752	0.0019
603008	0.0018
600688	0.0015
002510	0.0014
603118	0.0014
5	0.0