601318	37
000651	37
002008	27
002466	26
002460	24
600519	23
002456	22
600036	22
000063	20
000858	20
600409	19
002236	18
002241	16
000568	16
002050	15
600703	15
600887	15
000333	15
601601	14
600030	13
601398	13
600309	12
601166	12
000661	11
002142	11
600110	11
601607	11
603799	10
002415	10
601668	10
600153	9
600104	9
000963	9
600048	9
600742	9
002078	9
000002	9
601288	9
00700	9
000895	9
300136	9
000671	8
601336	8
002475	8
600885	8
600015	8
002450	7
300100	7
601699	7
002035	7
002635	7
300115	7
001979	7
600966	7
600643	7
600016	7
601169	7
601933	7
600230	7
002717	7
000625	6
300070	6
600031	6
000630	6
603626	6
600566	6
000776	6
300450	6
601818	6
00939	6
600000	6
600884	6
600068	6
600019	6
300323	6
600348	6
600808	6
000488	6
002572	5
601636	5
002027	5
000666	5
600585	5
000069	5
002411	5
02318	5
600406	5
600816	5
002101	5
000030	5
600741	5
000001	5
000418	5
002217	5
300408	5
601155	5
002138	5
002508	5
600196	5
600516	5
002310	5
601111	5
000423	5
000725	5
601939	5
000898	5
600183	5
600340	5
300166	5
002271	4
002372	4
0	4
300197	4
600383	4
600477	4
300073	4
600581	4
300203	4
002202	4
600146	4
002195	4
002583	4
01336	4
000983	4
002555	4
600622	4
300012	4
600686	4
02018	4
600056	4
02238	4
002640	4
002311	4
601231	4
600066	4
600062	4
600998	4
000513	4
000338	4
601012	4
000830	4
300003	4
002223	4
600466	4
002019	4
002714	4
00175	4
601888	4
002570	3
601225	3
600795	3
600426	3
000998	3
000999	3
600270	3
600276	3
01299	3
600750	3
601211	3
600038	3
603816	3
601328	3
000403	3
02388	3
03968	3
300144	3
002568	3
01398	3
002517	3
000036	3
603993	3
600563	3
601997	3
600282	3
000603	3
002496	3
00570	3
002074	3
600487	3
600138	3
600258	3
03888	3
600688	3
600681	3
600050	3
002007	3
000639	3
600298	3
000900	3
600835	3
300433	3
002384	3
600739	3
002368	3
600497	3
600498	3
600085	3
002449	3
002589	3
002340	3
002174	3
601088	3
002531	3
000050	3
600188	3
02328	3
600529	3
600507	3
000807	3
002302	3
600809	3
00005	3
002376	2
600893	2
300364	2
300365	2
002051	2
000028	2
600072	2
600373	2
600079	2
002024	2
002690	2
300088	2
002594	2
000910	2
000997	2
601009	2
002624	2
601006	2
002230	2
600856	2
000065	2
002244	2
603679	2
002410	2
600535	2
000060	2
002092	2
000811	2
02382	2
000700	2
000792	2
300142	2
002564	2
300418	2
601919	2
002292	2
000031	2
600782	2
601717	2
600660	2
600362	2
000915	2
600562	2
300188	2
002636	2
300182	2
603556	2
000921	2
600823	2
600827	2
300065	2
601666	2
01882	2
002250	2
00371	2
002279	2
600520	2
603899	2
000411	2
600027	2
000820	2
000826	2
600963	2
600004	2
000959	2
603020	2
00751	2
601998	2
600308	2
600879	2
002139	2
300571	2
300274	2
00285	2
300271	2
002503	2
600176	2
002507	2
002439	2
000786	2
600511	2
300058	2
300296	2
300294	2
600352	2
600297	2
000860	2
601899	2
600837	2
300124	2
002385	2
601600	2
002041	2
600491	2
600123	2
603728	2
000426	2
600999	2
600990	2
002766	2
600549	2
002308	2
01728	2
03988	2
600267	2
002343	2
603286	2
603043	2
002831	2
00966	2
002126	2
002085	2
600166	2
600760	2
600029	2
002400	2
600338	2
300285	2
300287	2
300324	2
002304	2
300033	2
600310	1
000620	1
600723	1
600894	1
601633	1
00857	1
03328	1
1398	1
002648	1
300251	1
300257	1
002110	1
601908	1
300497	1
000026	1
002285	1
603180	1
02601	1
600657	1
600074	1
600076	1
600372	1
600377	1
002025	1
300083	1
002694	1
600570	1
600579	1
600200	1
601007	1
600271	1
300072	1
601186	1
600850	1
01186	1
601677	1
603077	1
300106	1
300104	1
300101	1
000066	1
600582	1
002581	1
600612	1
600614	1
01293	1
300456	1
000882	1
600754	1
600755	1
600037	1
002146	1
603515	1
002065	1
600537	1
600100	1
600325	1
000400	1
000404	1
600240	1
600328	1
600976	1
603369	1
300332	1
300335	1
000709	1
000707	1
300027	1
300026	1
300021	1
300146	1
300145	1
002203	1
002563	1
601988	1
601989	1
002567	1
000636	1
002366	1
300410	1
603108	1
601788	1
600867	1
600864	1
601628	1
00867	1
002108	1
300244	1
002518	1
002532	1
002298	1
002293	1
002294	1
000521	1
000525	1
000524	1
002036	1
002032	1
002426	1
601566	1
603368	1
000596	1
300463	1
002638	1
00762	1
300340	1
300347	1
600285	1
002322	1
000920	1
600826	1
000779	1
002707	1
300232	1
300113	1
002491	1
002494	1
002396	1
002391	1
300440	1
603801	1
603806	1
002175	1
000968	1
002179	1
603898	1
600875	1
01055	1
600133	1
600312	1
000415	1
600315	1
000823	1
603939	1
600967	1
600388	1
603355	1
300308	1
600416	1
00874	1
000739	1
600775	1
002859	1
00027	1
300017	1
300156	1
002215	1
002214	1
300409	1
000606	1
300403	1
002353	1
002354	1
603118	1
601799	1
600708	1
600702	1
600706	1
600873	1
600872	1
002821	1
002131	1
300577	1
601872	1
002501	1
600122	1
300473	1
002182	1
002185	1
002188	1
02628	1
600197	1
600195	1
000519	1
600054	1
600452	1
002430	1
002434	1
600518	1
601689	1
000581	1
000587	1
00066	1
002727	1
300357	1
600428	1
000939	1
603158	1
600839	1
603019	1
000888	1
002860	1
000938	1
01288	1
000540	1
300122	1
002541	1
002383	1
601801	1
002262	1
601233	1
600738	1
300225	1
002162	1
600499	1
601877	1
603883	1
600089	1
000018	1
601878	1
000878	1
600642	1
000429	1
600061	1
000936	1
000933	1
600997	1
002444	1
300316	1
00386	1
000949	1
600546	1
603833	1
600390	1
00388	1
600398	1
002617	1
300616	1
600547	1
300367	1
600266	1
600261	1
002345	1
002221	1
603160	1
601168	1
600699	1
600691	1
002081	1
600693	1
002539	1
300269	1
600594	1
002530	1
300267	1
000726	1
000059	1
300467	1
600160	1
600165	1
600028	1
600180	1
600023	1
6	1
002016	1
002013	1
600116	1
600114	1
300097	1
600335	1
000571	1
000876	1
600804	1
600801	1