600028	107524.08
000786	100081.78
601006	96550.22
600015	62424.87
601398	59676.93
000651	55308.64
600016	53426.18
601098	49248.12
600887	46884.33
600062	45857.44
000422	42852.68
601688	40247.88
601088	37137.13
000063	35035.62
600089	34520.58
601668	32217.48
600109	31346.56
000100	30495.63
600048	29951.6
000018	19474.34
002415	19459.59
00939	17239.34
01398	16290.15
03988	16149.62
02318	15536.58
600104	15522.78
600066	13745.49
600035	12320.0
000910	12033.0
600856	11868.0
02628	11537.12
00902	11523.88
600382	11293.08
00386	10755.68
002611	10449.95
600138	10089.7
601328	10021.74
01359	10012.82
002310	9985.58
601233	9781.6
601566	9382.7
00857	9348.88
002398	9234.4
002394	8840.0
601988	8724.78
600309	7586.91
601939	7585.94
000748	7283.81
600976	7184.25
600519	6915.43
002053	6717.24
600565	6678.0
01618	6579.04
603001	6412.0
000333	6377.31
002245	6178.65
002323	5948.66
002311	5921.8
601818	5695.9
002051	5675.25
600742	5540.49
600276	5141.86
000550	4975.77
600900	3798.0
00175	3729.38
600267	3644.52
600426	3544.24
600557	3470.65
002475	3244.19
000887	2853.4
600660	2771.6
000858	2758.4
00700	2715.02
600486	2650.9
000881	2628.96
000538	2450.35
300230	1999.48
002085	1926.73
300088	1901.38
002583	1783.13
002450	1772.23
000568	1651.65
002391	1614.28
300183	1432.77
603766	1365.98
600337	1347.06
600687	1308.72
601333	1289.76
300357	1288.74
300168	1233.15
002299	1196.61
002234	1180.5
601318	1073.17
300450	990.81
300070	916.66
002458	901.76
002273	893.97
600703	863.79
600750	862.96
600674	862.0
000001	860.53
002126	852.72
002672	821.22
002185	803.34
601857	795.0
601997	789.0
300253	773.1
600820	732.61
300059	710.59
600736	684.44
600961	683.59
300431	681.91
300040	679.67
002726	677.8
000551	677.02
601339	676.09
601211	650.65
300287	600.0
300075	560.56
600688	545.21
600585	495.91
300285	459.89
600816	451.85
601633	441.63
600060	432.35
300017	418.69
002142	403.19
600036	393.06
600409	354.94
300258	310.98
600690	294.13
600741	290.13
000625	276.99
300121	271.63
002056	268.46
601336	240.79
601166	239.84
600000	235.82
600562	231.19
000686	224.09
000529	223.02
600128	211.06
002058	208.92
603085	205.31
600318	202.54
002464	174.65
600693	149.47
002366	145.85
000967	143.43
002466	124.61
600803	115.22
300164	114.15
600143	112.73
601169	110.19
600547	106.97
600019	104.58
600967	24.43
002092	20.57
000059	16.66
600893	16.04
000401	15.47
600399	14.7
002673	14.54
002408	14.3
300327	13.36
603298	8.04
603218	6.88
603416	5.39
1	0.0