0	19.0
002466	0.8431
000651	0.6591
601318	0.6403
002456	0.6273
002460	0.557
600703	0.5385
002415	0.5181
000333	0.516
002008	0.4946
300136	0.4646
600887	0.3954
002236	0.3944
600519	0.3858
002311	0.3377
002508	0.3336
300365	0.3318
002475	0.3286
601601	0.3183
000568	0.2973
300450	0.2879
000418	0.2835
603799	0.2776
600566	0.2708
002241	0.268
002384	0.2594
600036	0.2579
300408	0.2472
300115	0.2422
002273	0.2387
600884	0.2298
000858	0.223
002035	0.2216
600693	0.2174
002230	0.2166
601699	0.2146
002572	0.2113
601933	0.2081
002450	0.204
600865	0.1986
002635	0.1978
000063	0.1946
300567	0.1945
600089	0.1942
002185	0.1932
002027	0.1907
002640	0.1895
600584	0.1848
002675	0.1836
000756	0.1833
002127	0.182
002411	0.1804
600104	0.1802
600196	0.1799
000937	0.1742
601398	0.1706
600622	0.1682
002050	0.1658
300156	0.1632
600660	0.1631
002599	0.1606
002833	0.1587
300210	0.1576
600110	0.1546
300083	0.153
600337	0.153
002120	0.151
600885	0.1489
600153	0.1488
600030	0.1457
300335	0.1437
300316	0.1436
002195	0.1429
300097	0.1428
601166	0.142
300279	0.1412
601600	0.141
600062	0.1404
600409	0.1389
601012	0.1388
300287	0.1381
002439	0.1366
600201	0.1363
300383	0.1362
600426	0.1361
600879	0.136
603006	0.1358
002343	0.1353
600867	0.1352
600487	0.1346
601668	0.1324
002310	0.1319
600056	0.1304
300296	0.1301
000661	0.1266
300232	0.126
300231	0.1235
000830	0.1229
300302	0.122
600406	0.1216
600240	0.1213
300310	0.1212
300616	0.121
00175	0.121
002589	0.1202
600562	0.1197
000963	0.1195
000820	0.1193
300476	0.1185
002117	0.1168
600990	0.1156
002739	0.115
600388	0.1139
601006	0.113
000776	0.1125
002766	0.1097
00700	0.1095
601888	0.1091
000910	0.1086
000998	0.1077
000725	0.1068
603337	0.1063
002714	0.1063
000630	0.1053
600197	0.1047
000423	0.1043
600549	0.103
002138	0.101
002078	0.1008
600068	0.1008
601288	0.1007
000811	0.0997
600777	0.0996
603899	0.0996
601328	0.0982
300403	0.0975
601666	0.0958
300285	0.0934
000915	0.0922
601998	0.0922
000681	0.0918
600019	0.0917
600497	0.0913
002583	0.0911
601088	0.0903
000662	0.0897
002537	0.088
000488	0.0879
300308	0.0877
601717	0.0873
600875	0.0868
002013	0.0853
002529	0.0851
601607	0.0847
600297	0.0844
600765	0.0841
002048	0.0838
600873	0.0836
300078	0.0833
300406	0.0832
600563	0.083
002434	0.0829
300409	0.0828
002435	0.0818
002444	0.0816
600309	0.0812
300447	0.0809
300340	0.0807
300267	0.0792
002366	0.0788
600581	0.0782
300106	0.0781
603660	0.078
002372	0.0778
603108	0.0775
600491	0.076
000921	0.0759
600021	0.0759
600233	0.0759
300070	0.0757
002174	0.0757
600073	0.0756
600420	0.0754
300347	0.0752
002247	0.0739
601233	0.0735
002727	0.0731
603883	0.0716
300188	0.0714
300197	0.0713
600681	0.0708
002530	0.0705
300619	0.0703
600850	0.0696
000400	0.0692
000002	0.0689
600016	0.0687
600742	0.0683
300007	0.0676
300068	0.0661
600603	0.0658
002262	0.0653
600360	0.0646
300284	0.0643
000960	0.064
002624	0.0633
002036	0.0633
600150	0.0631
601688	0.063
603111	0.0627
600085	0.0621
600282	0.062
300065	0.0616
002531	0.0616
000823	0.0614
300607	0.0606
603626	0.0591
300073	0.0585
600031	0.0585
600335	0.0585
300144	0.0579
603868	0.0576
002387	0.0573
600985	0.0571
002555	0.057
002221	0.0569
000028	0.0565
300061	0.0564
002399	0.0558
300568	0.0539
300630	0.0532
300613	0.0531
600383	0.053
002192	0.0529
601169	0.0527
300603	0.0524
600489	0.0524
300252	0.0523
002496	0.0522
002139	0.0522
600315	0.0521
002831	0.0521
601225	0.052
002662	0.0519
000967	0.0515
600713	0.0514
002522	0.0512
000018	0.0512
600856	0.051
600184	0.0508
000983	0.0507
603788	0.0507
601186	0.0506
600547	0.0504
000537	0.0503
002175	0.0499
300101	0.0495
000801	0.0495
000700	0.0494
002271	0.0488
300196	0.0488
300338	0.0485
600862	0.0483
000669	0.0481
601988	0.0481
300113	0.0481
300015	0.0479
601111	0.0479
603808	0.0476
601098	0.0472
002049	0.0472
600118	0.0471
300114	0.047
603005	0.047
601231	0.0467
001979	0.0465
600258	0.0462
002182	0.046
300257	0.0458
002665	0.0456
600270	0.0453
300595	0.0452
600477	0.0451
300306	0.0449
300058	0.0449
300212	0.0449
600180	0.0447
002581	0.0445
601899	0.0445
300452	0.0444
603186	0.0439
002436	0.0438
002354	0.0437
002051	0.0435
600316	0.0434
600893	0.0433
601677	0.0432
603818	0.0431
600845	0.0426
603816	0.0425
300017	0.0425
000089	0.0425
002304	0.0425
002094	0.0423
000786	0.0421
02018	0.042
603869	0.042
300623	0.0419
603306	0.0417
300503	0.0416
000567	0.0415
002126	0.0412
600958	0.041
300294	0.0404
603556	0.0403
603197	0.0401
600827	0.0401
600261	0.04
600499	0.0396
002045	0.0392
000938	0.0391
600498	0.039
300203	0.0389
300309	0.0388
002413	0.0386
002829	0.0386
002543	0.0386
600804	0.0385
002564	0.0384
600329	0.0384
02020	0.0384
600348	0.0383
600011	0.0382
002217	0.0379
300088	0.0378
603968	0.0378
002773	0.0372
600587	0.0368
000807	0.0358
000065	0.0357
03968	0.0355
300346	0.0355
600525	0.0354
600029	0.0354
600373	0.0351
300303	0.035
600038	0.0345
600685	0.0345
600516	0.0343
300225	0.0342
002465	0.0335
603600	0.0333
300166	0.0328
000603	0.0318
002590	0.0316
002110	0.0309
600971	0.0308
002332	0.0307
02388	0.0307
002101	0.0307
300367	0.0307
01293	0.0306
002468	0.0305
601211	0.0304
600967	0.0304
00991	0.0304
000826	0.0301
02318	0.0299
300364	0.0295
600188	0.0295
600582	0.0286
600328	0.0286
002123	0.0286
601336	0.0285
002365	0.0278
600750	0.0274
600507	0.0272
00762	0.0269
000920	0.0266
600816	0.0266
000997	0.0258
603888	0.0258
600999	0.025
000049	0.0249
000666	0.0245
000050	0.0244
00916	0.0243
000970	0.0241
600826	0.0241
000513	0.024
601991	0.0239
300291	0.0235
600028	0.0235
002245	0.0232
600690	0.0222
600195	0.022
300063	0.0215
600666	0.0213
600410	0.0208
300525	0.0207
600718	0.0206
300323	0.0206
300494	0.0205
002071	0.0205
600702	0.0201
000900	0.0192
300001	0.0192
000036	0.0187
000030	0.0184
002203	0.0183
000936	0.0178
000521	0.0176
002437	0.0171
000540	0.0166
002081	0.0149
600000	0.0136
601939	0.0133
000001	0.0118
002142	0.0114
000411	0.0113
600160	0.0106
000338	0.0091
002032	0.0088
600620	0.0082
000628	0.008
600266	0.0079
600074	0.0072
002539	0.0072
000538	0.007
600792	0.007
600276	0.0068
002500	0.0068
600674	0.0068
600784	0.0067
600138	0.0067
002019	0.0067
600183	0.0065
600511	0.0064
600755	0.0063
000906	0.0062
600312	0.0061
300092	0.006
600593	0.0056
600998	0.0054
002596	0.0052
603099	0.0052