0	17
600110	17
300017	13
002120	12
002456	10
300115	10
600885	10
300136	10
300458	9
002572	8
300340	8
002475	8
300302	8
600547	8
600233	8
600276	7
002236	7
600325	7
000568	7
300113	7
600521	7
601800	7
002045	7
300456	6
002368	6
600867	6
000910	6
002582	6
300061	6
001979	6
002250	6
300408	6
600519	6
002640	6
000070	6
000687	6
002343	6
001696	6
300285	6
000651	6
000711	6
300197	5
002450	5
300072	5
300073	5
000063	5
002415	5
300142	5
603108	5
002103	5
600566	5
000983	5
002636	5
000858	5
300065	5
300232	5
002494	5
600487	5
600967	5
002138	5
002180	5
600056	5
000971	5
600997	5
000333	5
300364	5
600593	5
002530	5
002155	5
600338	5
002308	5
002050	4
600048	4
600475	4
000662	4
600030	4
300202	4
600240	4
002665	4
002511	4
000911	4
000590	4
300347	4
601198	4
002694	4
000001	4
002609	4
300156	4
002214	4
300278	4
002007	4
300359	4
002310	4
600060	4
603883	4
000423	4
600998	4
600500	4
300287	4
002570	3
000625	3
002373	3
600267	3
000821	3
300396	3
002281	3
601318	3
002699	3
600477	3
300304	3
002626	3
300373	3
601186	3
601699	3
600584	3
002411	3
002410	3
002149	3
300207	3
002094	3
603703	3
000403	3
000404	3
002465	3
002468	3
600816	3
300144	3
002108	3
002519	3
600363	3
002035	3
002036	3
000597	3
300183	3
002325	3
601689	3
300444	3
600746	3
603808	3
600520	3
002476	3
000952	3
600559	3
300159	3
600701	3
300474	3
600198	3
603377	3
300196	3
300356	3
002319	3
600068	3
002044	3
600497	3
600491	3
600083	3
600643	3
000426	3
600995	3
300326	3
300365	3
000752	3
601166	3
002127	3
002084	3
600763	3
300219	3
300210	3
600337	3
600335	3
300284	3
300033	3
300031	3
300137	3
002273	2
600894	2
000835	2
002052	2
002055	2
002059	2
300256	2
000925	2
600079	2
002023	2
002693	2
300088	2
002458	2
600528	2
600389	2
600476	2
000997	2
000998	2
002627	2
300303	2
000848	2
300379	2
002333	2
600859	2
300102	2
300100	2
000690	2
002529	2
000065	2
000060	2
002240	2
600614	2
300452	2
300455	2
600750	2
002588	2
601669	2
300203	2
000818	2
600976	2
002662	2
002466	2
300339	2
600266	2
000963	2
000968	2
300334	2
300025	2
300149	2
000796	2
300145	2
002562	2
601908	2
002364	2
600093	2
300244	2
002299	2
002533	2
000035	2
000034	2
7	2
600784	2
600661	2
002032	2
002583	2
002425	2
300187	2
600562	2
002733	2
300341	2
002635	2
300182	2
002631	2
300068	2
300342	2
300345	2
002322	2
600289	2
600826	2
002508	2
600988	2
600721	2
601238	2
002391	2
600740	2
600622	2
600188	2
002170	2
002078	2
002175	2
600409	2
002179	2
002406	2
002407	2
600132	2
000820	2
000826	2
000554	2
600000	2
600419	2
600418	2
000731	2
600309	2
300011	2
300012	2
300015	2
601997	2
300409	2
000606	2
002352	2
002354	2
300404	2
600708	2
600702	2
600682	2
600681	2
002509	2
300279	2
300271	2
600674	2
300471	2
002185	2
600775	2
600050	2
002001	2
002439	2
002433	2
002435	2
002436	2
300056	2
300059	2
300351	2
601898	2
002316	2
002311	2
600833	2
300121	2
002541	2
002712	2
002383	2
300430	2
002384	2
002262	2
300536	2
603555	2
600731	2
600883	2
600888	2
002047	2
002043	2
002049	2
300223	2
300228	2
300546	2
000933	2
000422	2
600990	2
601789	2
300310	2
002445	2
002761	2
002766	2
600398	2
000948	2
600015	2
600548	2
002701	2
600900	2
600261	2
300008	2
600845	2
600699	2
002081	2
600693	2
002085	2
600697	2
300266	2
300106	2
603601	2
300463	2
600760	2
600028	2
002400	2
002409	2
300212	2
600509	2
300231	2
600529	2
300237	2
002659	2
300047	2
000975	2
300327	2
002303	2
000718	2
600803	2
300036	2
002292	1
002272	1
002619	1
002249	1
300420	1
000623	1
300429	1
002265	1
000158	1
002370	1
002371	1
600893	1
600727	1
600898	1
601633	1
002053	1
002057	1
603199	1
601555	1
600958	1
600395	1
300252	1
300253	1
300250	1
300251	1
600257	1
002112	1
300494	1
002673	1
600099	1
600098	1
300492	1
000028	1
300003	1
002280	1
600348	1
300422	1
600369	1
000530	1
600071	1
000928	1
600373	1
000538	1
600377	1
000922	1
002026	1
002376	1
002756	1
300084	1
300080	1
600985	1
600984	1
600387	1
002594	1
600383	1
600479	1
600572	1
600576	1
600579	1
300358	1
000915	1
600978	1
600297	1
601009	1
002624	1
601225	1
601006	1
600273	1
300078	1
002740	1
300071	1
300378	1
002332	1
002239	1
600887	1
600603	1
002339	1
603010	1
601678	1
601336	1
000697	1
300104	1
300103	1
000698	1
002500	1
002247	1
002245	1
002242	1
002243	1
002241	1
600613	1
300450	1
000100	1
603011	1
600751	1
000560	1
601211	1
600754	1
002412	1
002414	1
600538	1
002096	1
002092	1
600104	1
601328	1
600327	1
000810	1
002664	1
600977	1
600970	1
000561	1
600979	1
002464	1
002462	1
002460	1
002706	1
000965	1
000967	1
300332	1
300336	1
000709	1
000708	1
000703	1
601139	1
002117	1
000790	1
300029	1
000021	1
002563	1
002567	1
002565	1
002564	1
9	1
300418	1
300416	1
300410	1
601398	1
600719	1
600713	1
000608	1
000402	1
600248	1
300241	1
300243	1
002517	1
002105	1
002510	1
300010	1
600323	1
601857	1
000783	1
000030	1
002193	1
600781	1
000782	1
601717	1
600662	1
000157	1
000523	1
000058	1
000786	1
600169	1
600328	1
002742	1
002581	1
002422	1
002638	1
600448	1
002427	1
300431	1
603368	1
600561	1
600074	1
300263	1
002739	1
000980	1
603986	1
300069	1
002630	1
300344	1
300346	1
600285	1
000927	1
600281	1
601199	1
600376	1
000678	1
600821	1
300087	1
002815	1
601668	1
002813	1
002709	1
600282	1
002024	1
000603	1
300119	1
002550	1
002493	1
601688	1
002394	1
002395	1
300520	1
603669	1
601618	1
603118	1
002173	1
002071	1
002077	1
600489	1
000002	1
600585	1
603085	1
002279	1
603899	1
600486	1
601333	1
600136	1
600259	1
600315	1
000418	1
000823	1
000825	1
600963	1
600961	1
600965	1
002674	1
600782	1
300300	1
300301	1
603989	1
002773	1
002771	1
002775	1
600557	1
600416	1
000739	1
603021	1
603020	1
601021	1
002605	1
002602	1
601028	1
300013	1
300016	1
300018	1
601998	1
300221	1
600439	1
002358	1
002350	1
000609	1
300400	1
002355	1
600703	1
3	1
603686	1
601155	1
300383	1
600688	1
600689	1
002133	1
600683	1
600687	1
300274	1
601628	1
002503	1
600671	1
002183	1
600771	1
600195	1
600055	1
600054	1
002002	1
300541	1
600452	1
002434	1
600513	1
600511	1
000802	1
000800	1
002625	1
300054	1
002726	1
300199	1
300058	1
300296	1
300294	1
300292	1
300291	1
300403	1
601811	1
000547	1
000558	1
002312	1
002313	1
603158	1
601111	1
601818	1
300377	1
600270	1
300124	1
300401	1
300128	1
300370	1
002544	1
002293	1
002548	1
002387	1
300534	1
600884	1
603658	1
600881	1
603123	1
601601	1
601600	1
000630	1
002426	1
300226	1
300224	1
600749	1
002687	1
000014	1
600123	1
000010	1
300548	1
000970	1
002680	1
600066	1
600064	1
002230	1
000429	1
000938	1
000937	1
300282	1
002683	1
300098	1
300312	1
002762	1
300096	1
600399	1
600016	1
600715	1
600393	1
600549	1
000338	1
601888	1
002617	1
002611	1
002612	1
300090	1
300168	1
600908	1
601012	1
300366	1
300367	1
300007	1
300005	1
600268	1
300369	1
002340	1
002221	1
300316	1
603167	1
000613	1
600847	1
601169	1
601088	1
600809	1
002121	1
002126	1
002087	1
601933	1
300262	1
000953	1
300265	1
600600	1
600807	1
600605	1
300465	1
000695	1
000960	1
600180	1
600183	1
600522	1
000501	1
300101	1
002688	1
000004	1
002405	1
300214	1
300215	1
300213	1
600508	1
603308	1
600114	1
300109	1
600336	1
600330	1
000807	1
002188	1
300041	1
002713	1
002717	1
002718	1
002719	1
002657	1
600340	1
5	1
000977	1
300322	1
000978	1
600108	1
300289	1
002302	1
002301	1
300138	1
002146	1
300166	1
002304	1
002482	1
603006	1
603009	1
603008	1
300037	1
300132	1
300130	1