000333	11
002415	10
000651	10
600887	9
601318	8
600660	7
002236	5
600519	5
000858	5
002311	5
002475	4
600066	4
300408	4
002508	4
00175	4
000568	4
600885	4
601601	4
002027	3
600703	3
002035	3
002583	3
002008	3
000921	3
002241	3
600036	3
600104	3
002271	2
002572	2
02020	2
300308	2
600004	2
600998	2
600566	2
600383	2
300616	2
002450	2
600276	2
600196	2
600197	2
000050	2
000063	2
000069	2
600426	2
600298	2
002202	2
600741	2
000895	2
000089	2
002466	2
000963	2
002045	1
000415	1
002041	1
600258	1
000418	1
000823	1
000709	1
002372	1
600816	1
603883	1
002773	1
601878	1
002081	1
300142	1
600643	1
002050	1
600062	1
000429	1
601989	1
600068	1
000423	1
002859	1
300316	1
000028	1
600867	1
601901	1
300097	1
600795	1
300136	1
600019	1
002217	1
600373	1
600079	1
600377	1
300083	1
300088	1
601919	1
300115	1
300166	1
002456	1
002192	1
300009	1
002195	1
600661	1
600667	1
600688	1
002343	1
000999	1
002470	1
603993	1
600176	1
002185	1
002188	1
01336	1
601088	1
002831	1
002833	1
002239	1
002127	1
600690	1
002384	1
600050	1
000661	1
002635	1
600458	1
300463	1
002739	1
300347	1
02869	1
600884	1
600029	1
603556	1
603788	1
000065	1
600585	1
600584	1
002581	1
002727	1
300219	1
300450	1
600297	1
600110	1
600335	1
001979	1
002624	1
603816	1
002410	1
601288	1
601111	1
002860	1
002714	1
600622	1
300122	1
600100	1
300324	1
603801	1
601799	1
002304	1
300433	1
002385	1
000400	1
000002	1
002460	1
300335	1
600486	1
000967	1
002400	1
601607	1