600547	9
300073	8
002247	8
002418	7
300065	7
600702	7
300296	7
600489	6
300279	6
600519	6
600990	6
300161	6
002371	5
0	5
002339	5
300101	5
300261	5
600667	5
300340	5
300304	5
002472	5
300310	5
000835	5
002155	5
300213	5
300322	5
002303	5
300136	5
002281	4
600988	4
002456	4
002452	4
600855	4
002297	4
000910	4
601069	4
300112	4
002394	4
300300	4
300302	4
601799	4
002184	4
002007	4
002643	4
601899	4
300128	4
002048	4
300008	4
603788	4
002716	4
300252	3
002458	3
600570	3
300072	3
002338	3
300109	3
600584	3
002243	3
300452	3
603799	3
000568	3
002367	3
002108	3
002533	3
600149	3
600666	3
002421	3
300342	3
000901	3
002460	3
300114	3
300449	3
000002	3
300233	3
600419	3
000957	3
300278	3
600459	3
603158	3
002543	3
600735	3
002230	3
600303	3
002445	3
000650	3
300367	3
300007	3
002224	3
600760	3
002010	3
300219	3
600110	3
000975	3
300326	3
300137	3
002273	2
002572	2
002117	2
002288	2
300491	2
300499	2
600076	2
002695	2
002690	2
600382	2
002599	2
300379	2
300075	2
002234	2
000661	2
000060	2
300458	2
300456	2
600038	2
300207	2
002090	2
002466	2
300336	2
000700	2
300144	2
300145	2
600869	2
300243	2
300245	2
002519	2
002299	2
300012	2
600362	2
002582	2
600563	2
600562	2
000851	2
002735	2
002733	2
002639	2
300063	2
002322	2
002325	2
000070	2
600622	2
002079	2
002179	2
002077	2
600521	2
600316	2
300306	2
300309	2
600006	2
002609	2
300159	2
300011	2
300014	2
002138	2
600779	2
603611	2
002439	2
300195	2
300299	2
002547	2
002387	2
002384	2
600885	2
300389	2
002167	2
000423	2
300312	2
600391	2
300160	2
601011	2
300365	2
002340	2
000612	2
300503	2
300508	2
000059	2
603601	2
002400	2
002013	2
300210	2
600337	2
002712	2
300047	2
300049	2
002657	2
300287	2
000895	2
603009	2
000488	2
300031	2
002279	1
300420	1
000625	1
000158	1
002593	1
600266	1
000069	1
000418	1
002056	1
601555	1
300056	1
300258	1
002111	1
002673	1
002289	1
600093	1
600158	1
300194	1
600372	1
300058	1
000926	1
002026	1
300084	1
002694	1
300089	1
600386	1
002594	1
002590	1
000698	1
000911	1
600203	1
002627	1
300371	1
300370	1
000848	1
300074	1
002236	1
000748	1
300100	1
002527	1
002522	1
002587	1
600589	1
002245	1
002240	1
002241	1
601211	1
600756	1
603818	1
600478	1
002413	1
002414	1
002791	1
002792	1
002065	1
300209	1
300200	1
300202	1
603703	1
603701	1
600325	1
600242	1
002664	1
002660	1
002662	1
000561	1
002464	1
002709	1
002707	1
002706	1
002468	1
000965	1
300337	1
000701	1
000498	1
300025	1
300022	1
300142	1
300143	1
601985	1
002208	1
002366	1
300410	1
600715	1
600597	1
002517	1
002103	1
600148	1
002292	1
002535	1
600661	1
600360	1
002035	1
002745	1
002428	1
002583	1
002425	1
601566	1
603368	1
002635	1
002634	1
300183	1
002631	1
300068	1
601199	1
600821	1
600826	1
300115	1
002025	1
300113	1
300118	1
002398	1
600745	1
002780	1
002171	1
002072	1
002074	1
002076	1
300238	1
600520	1
300231	1
600482	1
603328	1
603718	1
000829	1
000821	1
603939	1
000558	1
002672	1
000551	1
600009	1
000952	1
600559	1
603021	1
000783	1
300013	1
300017	1
300156	1
002218	1
300409	1
600703	1
3	1
600498	1
002130	1
002131	1
002133	1
600682	1
603686	1
600687	1
300274	1
300271	1
002502	1
600677	1
000021	1
002508	1
600052	1
600198	1
600199	1
600455	1
002436	1
000581	1
300054	1
600958	1
300191	1
300059	1
300297	1
300444	1
600298	1
300359	1
300356	1
300354	1
300353	1
603012	1
000887	1
603010	1
000768	1
603019	1
000889	1
601111	1
601117	1
600305	1
300043	1
002548	1
300041	1
002383	1
002380	1
002260	1
600734	1
600593	1
002043	1
002049	1
300226	1
300224	1
300385	1
300380	1
300381	1
300383	1
603883	1
600120	1
000018	1
000426	1
300282	1
000421	1
600068	1
002684	1
002444	1
300091	1
300097	1
000333	1
002614	1
002617	1
600900	1
300366	1
300369	1
002343	1
002227	1
000750	1
600845	1
002123	1
002126	1
600693	1
002083	1
300269	1
300507	1
300263	1
300260	1
002534	1
300266	1
600603	1
300467	1
603609	1
600029	1
000004	1
002401	1
002402	1
002151	1
002409	1
603308	1
600115	1
600505	1
603898	1
600335	1
600330	1
600338	1
000801	1
002659	1
300042	1
002718	1
002719	1
300285	1
300284	1
000971	1
300325	1
002308	1
002304	1
603002	1
603006	1
002611	1
000716	1
300036	1
300033	1
300131	1