601398	5
601318	5
600015	4
601939	4
000001	4
603239	3
601988	3
600919	3
601857	3
002241	3
600036	3
000651	3
600409	3
600000	2
000422	2
000625	2
600016	2
601997	2
603298	2
600068	2
601009	2
601375	2
600691	2
600519	2
600028	2
600022	2
600418	2
600027	2
601668	2
601211	2
600030	2
600338	2
601288	2
600060	2
600741	2
300284	2
600104	2
601328	2
000568	2
300537	2
600885	2
601117	2
601166	2
600259	1
002426	1
600318	1
000823	1
300224	1
000554	1
600816	1
002475	1
600125	1
603886	1
600085	1
000019	1
600083	1
600056	1
600787	1
601633	1
300145	1
002057	1
002056	1
600309	1
002205	1
601989	1
600048	1
000423	1
601390	1
300258	1
000639	1
300411	1
600719	1
600093	1
600547	1
000590	1
000726	1
601998	1
600079	1
000686	1
002108	1
002756	1
000333	1
002512	1
300508	1
300568	1
300115	1
002611	1
600382	1
300515	1
002456	1
603218	1
601012	1
000910	1
300365	1
002196	1
002828	1
600477	1
600688	1
600689	1
000529	1
600362	1
002138	1
603883	1
600208	1
603131	1
002033	1
601628	1
600848	1
600674	1
002581	1
002627	1
600448	1
601566	1
002412	1
600565	1
600562	1
600561	1
600195	1
600213	1
603877	1
600690	1
600856	1
600335	1
600596	1
600128	1
002635	1
600518	1
000858	1
600444	1
601699	1
300512	1
600826	1
000776	1
300516	1
000778	1
002409	1
300199	1
600616	1
600619	1
600883	1
600509	1
300113	1
600503	1
600358	1
600755	1
600110	1
000062	1
600031	1
600035	1
601688	1
002394	1
002799	1
002410	1
002142	1
002398	1
002250	1
603660	1
002758	1
603416	1
000970	1
000877	1
002058	1
601333	1
002781	1
000158	1
603001	1
601800	1
300017	1
600900	1
002466	1
600731	1
600736	1
601601	1
600888	1
600487	1
600138	1
601336	1
000967	1
600585	1
603959	1
603085	1