0	19.0
6	5.0
300207	0.6311
002635	0.5373
002179	0.5164
300296	0.5065
300145	0.4511
600547	0.4493
002418	0.4171
600489	0.3916
000568	0.3844
300073	0.3596
600885	0.3393
601799	0.3242
600519	0.3223
002138	0.3202
002460	0.318
002371	0.3131
000821	0.2896
600988	0.2878
300219	0.2856
002108	0.2806
300342	0.2698
300389	0.2608
002155	0.2545
300017	0.2499
300304	0.2474
002594	0.2174
300310	0.2172
300008	0.2172
300065	0.2157
601899	0.2127
300300	0.2124
300258	0.2113
002007	0.2088
300336	0.2064
601069	0.2061
002709	0.2047
600521	0.2025
300210	0.2007
300056	0.199
002716	0.1955
002582	0.1925
300011	0.1814
002297	0.1769
600887	0.1765
002273	0.173
600303	0.1708
300128	0.17
600335	0.1699
002466	0.1689
600990	0.1668
002340	0.1649
603158	0.164
300458	0.1638
300261	0.1618
600338	0.1611
002247	0.1577
603883	0.1573
603898	0.151
600054	0.1498
600779	0.1497
002414	0.1495
300033	0.148
002572	0.146
300279	0.1443
002299	0.1417
002508	0.1393
300302	0.1384
603012	0.1377
002400	0.1351
002643	0.1348
000333	0.1332
000002	0.1315
002010	0.1295
600459	0.129
000975	0.1273
600855	0.1261
300340	0.1258
600316	0.1253
002301	0.125
300499	0.1238
300007	0.1233
300159	0.123
300072	0.1217
600559	0.1214
000028	0.1197
300195	0.1196
002338	0.1187
300359	0.1179
300287	0.1169
002781	0.1165
300263	0.1156
002322	0.1156
300379	0.115
300075	0.1139
300456	0.1136
002343	0.1135
600702	0.1135
300367	0.1128
000661	0.1123
300365	0.1123
300256	0.1115
002001	0.1114
000829	0.111
002511	0.1072
000021	0.1068
002475	0.1055
600570	0.105
002530	0.1036
002048	0.1035
002456	0.1029
002445	0.1013
600337	0.0998
300252	0.0997
300160	0.0997
600006	0.099
300347	0.0987
600667	0.0986
300161	0.0986
002415	0.0982
603009	0.0968
002117	0.0962
600110	0.0955
600666	0.0954
600276	0.095
300245	0.0944
300213	0.0941
002672	0.0925
300420	0.0922
300114	0.0922
000901	0.091
002714	0.091
300101	0.0909
300467	0.0902
300100	0.0898
000651	0.0898
002547	0.0896
300267	0.089
300080	0.0883
002133	0.0863
600203	0.0863
000503	0.0862
600199	0.0861
002472	0.0856
002325	0.0853
000802	0.0848
002339	0.0838
002230	0.0836
000078	0.0833
002458	0.0826
600362	0.0824
002303	0.081
600198	0.0807
600604	0.0806
600528	0.0799
002684	0.0796
601009	0.0795
603799	0.0793
000070	0.0792
300356	0.079
002206	0.0789
002462	0.078
000983	0.077
300503	0.0769
600713	0.0769
603703	0.0767
000650	0.0765
001979	0.0762
300507	0.076
002077	0.0757
300232	0.0757
300316	0.0756
300112	0.075
002609	0.0746
300364	0.0742
300488	0.074
600298	0.0723
000858	0.0722
000558	0.072
000967	0.0712
002727	0.0706
300136	0.07
600699	0.0697
300508	0.0688
000603	0.0686
601800	0.0683
600485	0.0682
000889	0.0681
600150	0.0679
603601	0.0669
300046	0.0663
601208	0.0659
603368	0.0658
000910	0.0657
300373	0.0653
002350	0.0653
300166	0.0651
002056	0.0649
600066	0.0647
600029	0.0643
300370	0.0639
300138	0.0636
600325	0.0633
300025	0.0632
002367	0.0631
600439	0.0631
300031	0.0629
600391	0.0629
601111	0.0621
002078	0.0619
002243	0.0618
002712	0.0618
600076	0.061
300247	0.061
002617	0.061
300449	0.0609
300491	0.0607
002394	0.0607
603701	0.0606
002780	0.0606
002543	0.06
603609	0.06
000957	0.0598
300156	0.059
600479	0.0589
002224	0.0588
002240	0.0586
002706	0.0585
000606	0.0584
601599	0.0581
300091	0.0581
002425	0.0579
002656	0.0578
002443	0.0575
002035	0.0575
002072	0.057
600122	0.057
300223	0.057
300429	0.0567
300236	0.0566
600240	0.0564
000612	0.0564
000001	0.0563
600115	0.0562
300014	0.056
600172	0.056
000799	0.0557
300468	0.0556
300109	0.0555
002464	0.0553
300097	0.0553
300446	0.0546
002519	0.0544
002600	0.0543
300197	0.054
600612	0.0539
002590	0.0536
002746	0.0536
002548	0.053
000538	0.0529
600200	0.0529
600869	0.0526
300285	0.0526
300284	0.0525
000402	0.0524
600614	0.0521
600984	0.052
000903	0.0517
300144	0.051
000685	0.051
603718	0.0505
600360	0.0502
600000	0.0497
601699	0.0497
002639	0.0497
002718	0.0497
002673	0.0495
600497	0.0494
300022	0.0493
600619	0.049
000638	0.049
300040	0.049
300178	0.0487
300036	0.0487
000920	0.0482
002427	0.0482
603866	0.0482
300332	0.0478
002227	0.0468
000059	0.0466
600603	0.0465
300299	0.0464
002366	0.0463
002183	0.0463
300183	0.0456
600158	0.0454
000951	0.0449
002665	0.0448
300353	0.0447
300231	0.0446
600967	0.0445
300395	0.0439
600682	0.0439
600845	0.0436
002384	0.0431
000750	0.0431
000043	0.043
300059	0.043
600330	0.043
002694	0.0427
603589	0.0424
002409	0.0424
300271	0.0423
600478	0.0419
300297	0.0415
002131	0.0413
002124	0.0412
300266	0.0408
002006	0.0408
603939	0.0405
002262	0.0403
300369	0.0401
002535	0.0401
300041	0.0398
600309	0.0395
000895	0.0391
300377	0.039
603010	0.039
002341	0.0389
002153	0.0388
600563	0.0387
002111	0.0386
002123	0.0385
601199	0.0385
600419	0.0385
600138	0.0384
002361	0.0381
600149	0.0381
002191	0.038
300326	0.0378
002288	0.0375
600007	0.0374
002533	0.0373
002130	0.0373
600821	0.0372
300202	0.0365
002279	0.0358
300084	0.0358
600305	0.0357
300292	0.0354
600687	0.0351
300322	0.0351
002032	0.035
601688	0.035
600584	0.0349
300382	0.0349
600129	0.0349
300196	0.0347
300054	0.0346
300047	0.0346
600511	0.0344
002452	0.0341
600038	0.0341
000423	0.0341
300498	0.0338
002450	0.0338
000911	0.0337
600756	0.0337
300061	0.0337
601318	0.0336
600745	0.0332
601888	0.0331
600826	0.0328
300471	0.0327
002624	0.0326
300226	0.0325
002537	0.0325
600557	0.0322
000596	0.032
002049	0.032
002180	0.0318
002439	0.0318
000848	0.0317
300380	0.0316
002695	0.0314
600715	0.0312
002428	0.0309
300282	0.0309
000810	0.0308
002546	0.0308
601238	0.0304
600184	0.0304
002043	0.0303
603901	0.0303
600681	0.0302
002245	0.03
002413	0.03
000835	0.0297
300444	0.0296
002126	0.0295
603788	0.0295
002532	0.0294
002304	0.0294
603002	0.0293
300089	0.029
601689	0.029
300260	0.0289
002539	0.0286
002733	0.0285
603019	0.0285
000727	0.0285
002281	0.0283
000581	0.0283
002659	0.0282
002335	0.0281
600452	0.0281
600268	0.0281
300137	0.0281
600730	0.0278
300140	0.0277
601668	0.027
002614	0.0269
002599	0.0267
000700	0.0265
600109	0.0254
002260	0.0254
002216	0.0251
002127	0.025
002236	0.0247
002631	0.0242
300095	0.0241
600056	0.0223
002662	0.0215
000601	0.0207
600816	0.0197
600741	0.0196
601998	0.0191
000513	0.0191
002239	0.0179
600037	0.0173
002068	0.0164
600197	0.0159
300003	0.0145
300146	0.0139
601137	0.0136
600688	0.0135
601311	0.0127
600703	0.0099
002521	0.0094
300198	0.0092
300303	0.0091
002351	0.009
300102	0.0089
000532	0.0087
000625	0.0071
002527	0.004
002675	0.0036
002792	0.0033
300457	0.0031
002791	0.0031
601117	0.0021
600009	0.0017
300512	0.0016
600900	0.0012
000069	0.0009
601985	0.0009
600068	0.0008
3	0.0