600519	20
600887	16
600066	16
000858	12
000333	11
002415	10
600547	9
000651	9
002236	8
002007	8
601318	7
000538	7
600276	7
000568	7
600489	7
000002	7
002475	7
601607	7
600115	7
0	6
002299	6
600557	6
600900	6
002450	5
600271	5
300070	5
600521	5
002155	5
002400	5
002304	5
000895	5
000625	4
601633	4
002594	4
601009	4
600104	4
000963	4
600406	4
000983	4
601689	4
601818	4
002508	4
600511	4
601899	4
601111	4
600309	4
000933	4
000423	4
600029	4
002572	3
002371	3
600988	3
600987	3
600570	3
000999	3
601699	3
600667	3
000915	3
600566	3
601668	3
000078	3
000418	3
603939	3
002673	3
300011	3
300017	3
600703	3
600221	3
002727	3
000860	3
600123	3
002230	3
600305	3
000932	3
600867	3
000726	3
300161	3
601166	3
002085	3
600594	3
002533	3
300267	3
600028	3
600335	3
002271	2
601225	2
002050	2
002059	2
000028	2
300136	2
600076	2
600377	2
002025	2
002458	2
002454	2
300304	2
600201	2
300072	2
002239	2
002234	2
600855	2
600584	2
000069	2
01299	2
600030	2
000403	2
000401	2
600322	2
600976	2
002123	2
600816	2
300021	2
600715	2
600048	2
000786	2
002035	2
002746	2
002585	2
002583	2
600161	2
601069	2
001979	2
600741	2
600622	2
601611	2
600486	2
601339	2
002675	2
600004	2
600418	2
002609	2
000783	2
601998	2
002355	2
600702	2
600498	2
601098	2
300279	2
600197	2
002001	2
600518	2
300199	2
002640	2
300058	2
000903	2
300356	2
002311	2
002548	2
002048	2
600085	2
002445	2
600019	2
00388	2
002618	2
300003	2
603001	2
600699	2
600690	2
600595	2
300468	2
603609	2
600188	2
002405	2
300213	2
002714	2
00700	2
000975	2
000876	2
300033	2
300168	1
300429	1
002373	1
000835	1
000821	1
002051	1
002142	1
002055	1
300398	1
000021	1
01398	1
300498	1
01093	1
601313	1
000532	1
600074	1
600965	1
002699	1
300081	1
002690	1
300088	1
002590	1
002456	1
002452	1
600478	1
000911	1
000869	1
600203	1
000998	1
300373	1
300379	1
002339	1
601186	1
000661	1
300102	1
300100	1
600000	1
002802	1
300109	1
002521	1
000060	1
002249	1
600612	1
300456	1
601211	1
002414	1
603799	1
002799	1
02319	1
02318	1
002418	1
300207	1
300200	1
600109	1
002092	1
601328	1
600328	1
002665	1
002669	1
000563	1
02382	1
002465	1
002462	1
300339	1
000969	1
603958	1
600571	1
601137	1
300025	1
300148	1
000795	1
300142	1
000799	1
300147	1
300145	1
601985	1
000633	1
002361	1
601788	1
600869	1
00867	1
002100	1
002103	1
002511	1
002292	1
002294	1
002191	1
600784	1
600369	1
000919	1
000528	1
000988	1
000902	1
002631	1
002630	1
300340	1
300068	1
300342	1
601199	1
601198	1
002329	1
600731	1
300349	1
300114	1
002553	1
603111	1
002555	1
00941	1
601688	1
002495	1
000070	1
00570	1
00939	1
002179	1
600525	1
000001	1
600585	1
603328	1
600138	1
601336	1
002152	1
600132	1
600136	1
000829	1
600315	1
000826	1
00688	1
000550	1
03888	1
002470	1
300303	1
300309	1
600552	1
600559	1
603023	1
601028	1
00027	1
300015	1
300019	1
601999	1
000601	1
300408	1
000606	1
002351	1
300401	1
002353	1
002131	1
600682	1
600686	1
00874	1
300274	1
300273	1
02018	1
600779	1
600199	1
02238	1
002430	1
600459	1
600228	1
002649	1
300198	1
300059	1
002645	1
600298	1
300354	1
300350	1
000547	1
601898	1
603012	1
000768	1
600839	1
300078	1
000937	1
002383	1
000089	1
002262	1
000848	1
600885	1
600883	1
600608	1
600888	1
000166	1
002041	1
600497	1
002169	1
002165	1
300383	1
601877	1
603883	1
600122	1
600340	1
603909	1
600068	1
000513	1
600990	1
300312	1
300310	1
00386	1
600015	1
600395	1
000728	1
000686	1
002308	1
00669	1
600398	1
002617	1
03988	1
00665	1
300364	1
600267	1
300009	1
300008	1
300007	1
002343	1
000756	1
601088	1
002121	1
002127	1
002126	1
600697	1
601933	1
300503	1
600597	1
300266	1
002537	1
600600	1
000050	1
603766	1
600184	1
603866	1
000501	1
603788	1
002013	1
601966	1
300219	1
300210	1
600509	1
603308	1
603300	1
600110	1
600337	1
600233	1
600338	1
000572	1
300043	1
002715	1
002716	1
002657	1
002656	1
300285	1
300284	1
600436	1
300322	1
600348	1
300326	1
000650	1
300165	1
01928	1
603006	1
600805	1
000716	1
601127	1
300037	1
300031	1
300515	1
300133	1