0	10.0
000001	1.6519
601398	1.3773
600519	0.9239
601318	0.9046
600028	0.8883
600104	0.855
000858	0.7114
601988	0.67
000651	0.668
00700	0.6627
600900	0.5888
601288	0.5867
002142	0.5793
601939	0.4767
600887	0.4634
000333	0.4587
601166	0.3962
002415	0.3833
601607	0.3802
600036	0.3414
000568	0.3338
02238	0.3212
601818	0.3196
000895	0.3184
000538	0.3122
000725	0.3059
300144	0.297
03888	0.2939
600015	0.2838
601857	0.2828
300498	0.2788
02357	0.2751
601006	0.2663
601328	0.2602
600511	0.2541
000786	0.2516
601009	0.2495
600309	0.2469
000625	0.2436
601169	0.2409
600674	0.2342
600079	0.2326
600660	0.2254
000963	0.2196
600066	0.2099
600195	0.2
600276	0.1989
600009	0.1906
601098	0.1864
000423	0.1825
600409	0.179
600016	0.1774
601688	0.1759
02018	0.1703
600000	0.1685
601633	0.166
601998	0.1657
002168	0.1656
000422	0.1634
000998	0.156
601965	0.1547
601997	0.1545
000063	0.1498
600867	0.1479
002271	0.1446
00570	0.1432
601336	0.1428
600062	0.1414
000069	0.1384
000166	0.1364
000656	0.1357
600794	0.132
00939	0.131
600681	0.131
600547	0.1227
601233	0.1223
600886	0.1222
600068	0.122
600667	0.1209
002466	0.1207
00388	0.1198
002311	0.1198
601668	0.1181
000609	0.1173
002714	0.117
002202	0.1168
000400	0.1167
600557	0.1145
600585	0.1133
600240	0.1132
600138	0.1124
002078	0.1123
600266	0.111
00941	0.1106
300408	0.1104
000338	0.1083
600029	0.1073
600760	0.1033
002583	0.1031
601333	0.1021
02382	0.1011
000860	0.101
600406	0.0986
300316	0.0982
601628	0.0974
00005	0.0967
600741	0.0965
000018	0.0956
600584	0.0952
601899	0.0938
600011	0.0936
600856	0.0932
000513	0.0925
600019	0.0923
600271	0.0922
600038	0.0921
300097	0.0894
002310	0.0891
002085	0.0888
000726	0.0885
600998	0.0883
300070	0.0879
000903	0.0873
600196	0.0871
000596	0.0857
002475	0.0857
600961	0.0842
00175	0.0827
600703	0.0826
002188	0.0826
00392	0.0824
600697	0.0822
600498	0.0814
600048	0.0804
002572	0.0802
002007	0.08
300142	0.0799
600056	0.0793
600521	0.0791
002041	0.0786
01093	0.0777
002727	0.0776
603355	0.0775
002236	0.077
002716	0.0767
01117	0.0764
300324	0.0756
000876	0.0755
300342	0.0754
002781	0.0752
002294	0.0752
000028	0.074
600643	0.073
601168	0.0728
600970	0.0726
002508	0.0725
02020	0.0721
300137	0.0719
002594	0.0715
000690	0.0698
601985	0.0697
600377	0.0696
002640	0.0676
600731	0.0673
600835	0.0672
000709	0.0668
02318	0.0658
601601	0.0655
000800	0.0653
600298	0.0652
600467	0.065
01299	0.0649
600525	0.0644
600030	0.0639
03899	0.0636
002008	0.063
600809	0.063
600682	0.0629
603766	0.0629
601139	0.0626
02388	0.0624
300282	0.0616
01398	0.0611
300410	0.0609
600109	0.0604
01177	0.06
600060	0.0589
600261	0.0581
000035	0.0578
600559	0.0571
300375	0.057
000792	0.0568
600155	0.0562
600888	0.0562
000776	0.0556
002299	0.0551
600976	0.0549
002234	0.0544
601588	0.0544
300203	0.0544
600919	0.0542
002434	0.0542
002155	0.0542
300228	0.054
600820	0.0538
002343	0.0533
002701	0.0532
000554	0.0528
601012	0.0528
002023	0.0526
002250	0.0526
002581	0.0522
600476	0.0521
603030	0.0521
600469	0.052
002293	0.052
002368	0.0519
000778	0.0519
601117	0.0516
300017	0.0512
002325	0.0512
002624	0.0511
002533	0.0503
000630	0.0496
000411	0.0495
600004	0.0492
000999	0.0492
600267	0.0488
002304	0.0487
300104	0.0485
600085	0.0484
600500	0.0483
000959	0.0479
002675	0.0478
600268	0.0473
000426	0.047
300312	0.0469
300339	0.0467
300143	0.0467
000550	0.0464
000059	0.0461
000030	0.0454
600754	0.0454
603899	0.0453
000910	0.0453
002050	0.045
600787	0.0446
600883	0.0444
300115	0.0442
000949	0.0436
600520	0.0436
002738	0.0435
603611	0.0435
000050	0.0435
601766	0.0428
300015	0.0427
601933	0.0426
001979	0.0425
00966	0.0424
002262	0.0422
601699	0.0421
600479	0.0417
600305	0.0417
600509	0.0416
002458	0.0415
002395	0.0415
601000	0.0412
300138	0.0411
000661	0.0408
600999	0.0406
603111	0.0402
03988	0.0401
600031	0.0399
600108	0.0398
600125	0.0398
000739	0.0394
000402	0.0393
000877	0.0393
600723	0.0392
600873	0.0392
601211	0.0391
02727	0.039
600688	0.0382
601555	0.0381
00489	0.0378
300133	0.0378
600594	0.0376
000789	0.0375
300291	0.0375
002123	0.0373
300113	0.0373
002519	0.0371
002550	0.037
600018	0.037
603001	0.0368
300072	0.0367
600637	0.0367
000528	0.0365
600518	0.0362
600166	0.036
02186	0.0358
601788	0.0358
300406	0.0356
600816	0.0354
002509	0.035
603018	0.0348
300196	0.0348
002002	0.0347
600611	0.0346
600686	0.0346
600418	0.034
000928	0.0336
01359	0.0336
300161	0.0334
600050	0.0328
603609	0.0328
002452	0.0328
601989	0.0327
600967	0.0326
300156	0.0324
300271	0.0323
300243	0.0322
002573	0.0321
600822	0.032
300166	0.032
600150	0.0316
002396	0.0316
600332	0.0316
300231	0.0314
06030	0.0313
601155	0.0313
00857	0.0312
600428	0.031
002217	0.0309
600270	0.0307
000421	0.0307
600486	0.0304
000581	0.0304
600398	0.0304
000967	0.0302
300336	0.03
000821	0.0298
002366	0.0297
002053	0.0296
00981	0.0291
000089	0.0286
600436	0.0283
002318	0.028
300136	0.028
000748	0.0279
600236	0.0274
002245	0.0272
000540	0.0271
000882	0.027
03311	0.0269
002323	0.0262
600666	0.0261
600382	0.026
600803	0.026
002241	0.0259
601888	0.0259
02313	0.0257
000027	0.0256
600072	0.0255
002503	0.0255
002385	0.0253
601377	0.0252
002051	0.025
002353	0.025
603808	0.0249
000049	0.0248
600251	0.0245
000060	0.0244
600990	0.0244
300452	0.0243
002075	0.0242
00883	0.024
000686	0.024
002103	0.0239
600566	0.0236
600885	0.0234
000758	0.0234
000539	0.0233
002568	0.0233
600598	0.0232
600021	0.0231
002400	0.023
600622	0.0229
601111	0.0228
603939	0.0228
002736	0.0227
300207	0.0224
600837	0.0224
600579	0.0223
300323	0.0221
000883	0.0218
600761	0.0218
300145	0.0216
600170	0.0215
600742	0.0214
600340	0.0212
000768	0.021
02628	0.0208
600352	0.0206
600739	0.0206
000948	0.0206
600963	0.0204
000735	0.0204
000619	0.0201
002745	0.02
002032	0.02
002367	0.0197
00867	0.0195
000425	0.0195
002450	0.0193
601186	0.0192
600691	0.0192
000878	0.019
600988	0.019
002370	0.0189
002792	0.0189
002192	0.0189
002683	0.0183
002531	0.0183
600027	0.0182
600221	0.0181
000972	0.018
002537	0.018
601808	0.0179
600315	0.0177
600198	0.0176
002821	0.0173
002230	0.0172
002739	0.0171
300248	0.017
603799	0.0169
002117	0.0168
002465	0.0168
00688	0.0168
002570	0.0162
300003	0.0162
002083	0.016
600111	0.0159
000711	0.0159
300436	0.0156
600297	0.0155
000663	0.0153
002588	0.0153
600535	0.0149
600312	0.0149
000488	0.0149
002673	0.0148
002556	0.0148
002829	0.0147
601727	0.0146
002372	0.0145
600499	0.0145
002456	0.0144
600426	0.0144
600299	0.0144
600690	0.0142
600871	0.0141
000039	0.0138
300284	0.0138
000783	0.0136
002010	0.0136
000623	0.0134
600438	0.0132
002481	0.013
000902	0.0129
002191	0.0128
002024	0.0126
600755	0.0125
002677	0.0124
600373	0.0124
600022	0.0124
600759	0.0123
002013	0.0121
603368	0.012
000969	0.012
300334	0.012
601717	0.012
601689	0.012
002595	0.0118
600420	0.0118
600872	0.0118
600717	0.0118
600838	0.0116
002438	0.0116
000732	0.0114
002597	0.0114
000937	0.0114
002308	0.0114
600335	0.0114
002215	0.0111
600597	0.0111
603366	0.0109
601375	0.0106
002589	0.0105
000401	0.0104
002152	0.0104
000983	0.0102
601908	0.0101
300100	0.01
002643	0.01
002462	0.0099
000600	0.0098
600132	0.0097
600633	0.0097
300033	0.0097
002179	0.0096
603000	0.0095
600536	0.0094
600259	0.0093
002376	0.0092
600172	0.0092
600859	0.009
300367	0.0089
000521	0.0088
300005	0.0088
600795	0.0088
601718	0.0087
300329	0.0087
002791	0.0086
600153	0.0085
600487	0.0083
300096	0.0081
300258	0.008
600208	0.008
600969	0.008
300401	0.0078
002285	0.0076
002029	0.0076
600978	0.0076
600549	0.0076
000911	0.0075
300257	0.0074
601390	0.0074
600489	0.0074
600223	0.0071
603298	0.007
300326	0.007
600570	0.007
601118	0.007
000921	0.0069
002056	0.0068
601566	0.0068
600160	0.0068
600496	0.0067
002081	0.0067
600350	0.0066
600376	0.0066
600216	0.0066
600552	0.0066
300267	0.0065
600804	0.0064
002242	0.0063
002063	0.0062
002092	0.0062
000906	0.0062
000546	0.0062
002221	0.0062
000157	0.0061
600567	0.0061
002394	0.0061
600176	0.0061
300508	0.006
002563	0.0058
601801	0.0058
603308	0.0058
600188	0.0057
300429	0.0056
002518	0.0056
000975	0.0056
000971	0.0055
002069	0.0054
600089	0.0054
600329	0.0051
601258	0.0051
600893	0.005
600600	0.005
600503	0.005
002410	0.0049
600728	0.0048
300199	0.0048
600736	0.0048
002042	0.0048
000930	0.0047
600399	0.0046
603123	0.0045
002408	0.0044
600965	0.0044
002071	0.0043
300416	0.0043
002627	0.0042
600007	0.0041
300012	0.0041
002777	0.0041
600359	0.0041
002314	0.004
300327	0.004
603218	0.004
300087	0.0038
601799	0.0038
002717	0.0037
300351	0.0036
600834	0.0035
603823	0.0034
600419	0.0034
603616	0.0034
000752	0.0034
601311	0.0033
300011	0.0033
002542	0.0033
000997	0.0032
603877	0.0032
600821	0.003
002635	0.0029
300303	0.0028
300322	0.0028
603986	0.0027
601886	0.0027
600896	0.0026
600114	0.0026
600475	0.0026
600291	0.0026
601088	0.0026
002671	0.0025
600612	0.0025
002034	0.0025
600010	0.0024
000960	0.0024
600562	0.0023
002004	0.0023
300200	0.0022
000529	0.0022
300263	0.0022
002058	0.0021
000825	0.0021
600128	0.0021
002104	0.0021
603258	0.002
600318	0.002
603085	0.002
600996	0.002
002384	0.002
000811	0.0019
600909	0.0017
603416	0.0015
600992	0.0015
603660	0.0013
002639	0.0012
002440	0.0012
300516	0.0011
300512	0.001
601919	0.001
603886	0.0006
603131	0.0006
300515	0.0006
603959	0.0006
000062	0.0005
603035	0.0005
300582	0.0005
603900	0.0005
603858	0.0004
002799	0.0004
601020	0.0004
300120	0.0004
002832	0.0003
603819	0.0003
603929	0.0003
600977	0.0003
300558	0.0002
603577	0.0002
603708	0.0002
300565	0.0002
002819	0.0002
002818	0.0002
603878	0.0002
300537	0.0002
603239	0.0002
300568	0.0002
000158	0.0001
000869	0.0001
002512	0.0001
603806	0.0001
002828	0.0001
002835	0.0001
600338	0.0001
000970	0.0001
1	0.0
002664	0.0
603033	0.0
603319	0.0
002840	0.0
603058	0.0
300586	0.0
002838	0.0