600887	10
601939	9
600015	8
002415	8
600309	7
601398	7
000333	7
600519	7
600028	7
600104	7
000651	7
600066	6
600900	6
601211	6
000001	6
601988	5
600048	5
601668	5
000568	5
600000	4
600660	4
002475	4
601318	4
600741	4
603239	3
000422	3
600547	3
000538	3
000910	3
002509	3
601009	3
002583	3
600060	3
601006	3
600276	3
0	3
000858	3
600886	3
002311	3
600585	3
01359	3
600030	3
002310	3
601688	3
601288	3
601328	3
600027	2
000786	2
600816	2
002217	2
000018	2
600557	2
601633	2
300285	2
600062	2
002366	2
600016	2
603298	2
601098	2
600688	2
002835	2
600196	2
002142	2
002126	2
600693	2
02186	2
00966	2
300582	2
300586	2
02357	2
01117	2
000725	2
02727	2
600837	2
600036	2
00489	2
600742	2
00700	2
00570	2
600109	2
002838	2
601333	2
03899	2
603001	2
600976	2
300537	2
600565	2
600138	2
01177	2
600409	2
601155	2
002273	1
600318	1
603218	1
01618	1
002573	1
002673	1
002672	1
600961	1
000625	1
600967	1
000550	1
000551	1
000554	1
300228	1
600893	1
1	1
600125	1
002433	1
600089	1
603886	1
300410	1
600128	1
300143	1
300210	1
300332	1
002051	1
002056	1
002058	1
600166	1
000423	1
300253	1
002726	1
000630	1
02628	1
300258	1
300568	1
002683	1
300312	1
300316	1
01398	1
600093	1
000877	1
300097	1
00386	1
600399	1
300014	1
300017	1
600019	1
300342	1
300156	1
002214	1
601997	1
601998	1
000686	1
300241	1
002024	1
300408	1
002023	1
002694	1
03988	1
300088	1
002299	1
600509	1
600143	1
002611	1
002458	1
600703	1
603030	1
300168	1
002452	1
002450	1
000529	1
600267	1
600787	1
002828	1
000977	1
600477	1
002821	1
002341	1
600883	1
600686	1
600687	1
600750	1
600775	1
000998	1
002323	1
600674	1
600919	1
600172	1
300375	1
601169	1
601566	1
002185	1
603611	1
300070	1
601088	1
601375	1
600562	1
601166	1
300075	1
600038	1
600690	1
002085	1
002234	1
600856	1
002533	1
000748	1
000726	1
000059	1
00902	1
603766	1
300183	1
002738	1
601789	1
600518	1
600803	1
600667	1
600035	1
600820	1
600731	1
000776	1
000063	1
000778	1
002245	1
002408	1
002241	1
000718	1
300450	1
601390	1
002640	1
601233	1
300059	1
000100	1
600426	1
300231	1
300357	1
600114	1
600834	1
600682	1
600337	1
002550	1
601899	1
02318	1
002394	1
000887	1
002396	1
002050	1
002391	1
000881	1
002398	1
00857	1
002395	1
300040	1
601818	1
603416	1
300121	1
300287	1
002092	1
300282	1
00175	1
300327	1
300164	1
000401	1
603660	1
002053	1
300508	1
300431	1
00939	1
600211	1
600382	1
002466	1
600489	1
002464	1
600736	1
300230	1
603085	1
601857	1
600888	1
600486	1
601336	1
000967	1
600826	1
600132	1
601339	1