600885	24411.89
600335	15222.7
002250	12465.45
600035	12320.0
600338	12086.74
000910	12033.0
603883	11903.37
600856	11868.0
600382	11293.08
300422	11264.36
002611	10449.95
600110	10096.62
000823	9944.0
000568	9403.4
601566	9382.7
002108	9370.29
002398	9234.4
002394	8840.0
002138	8828.08
600138	8388.0
300437	8281.73
000903	8019.63
000513	6951.8
600146	6769.92
600565	6678.0
601398	5808.93
300263	5759.54
002509	5638.38
000403	4919.17
002323	4645.86
601318	4608.26
300248	4492.37
002245	4459.93
000001	4440.32
300234	4214.81
000919	4058.61
002449	3984.0
601000	3855.77
000566	3812.89
000858	3698.81
600056	3281.23
300115	3254.76
002456	3225.34
002241	3032.85
002168	2715.74
600195	2691.58
000422	2630.32
000590	2555.51
300145	2438.74
600093	2320.0
600519	2276.53
002409	2232.0
600794	2197.98
300365	2075.0
000651	2051.06
600104	1998.42
600900	1882.8
000656	1815.35
300411	1792.4
000609	1772.51
601939	1745.52
600409	1718.84
600083	1715.7
600731	1677.79
600036	1649.77
000333	1633.86
002230	1625.4
002412	1522.9
600787	1463.9
601857	1439.98
601997	1420.2
601006	1416.0
600691	1414.39
600888	1400.66
601818	1375.5
603001	1357.51
002426	1330.47
000554	1316.03
000963	1315.0
600547	1293.92
002475	1280.89
600467	1217.7
600596	1180.22
600085	1167.34
601688	1155.9
000625	1134.93
002078	1130.99
600883	1107.65
600619	1076.38
300144	1072.52
601668	1070.62
600315	1052.12
600509	1037.44
002142	1037.41
000778	1035.03
600000	1033.59
600919	1032.09
601211	1011.48
600068	1010.78
600362	1003.8
000400	1002.61
000639	993.56
600125	992.27
000877	979.13
600469	975.8
000895	970.39
600028	960.51
600309	946.88
600418	924.8
002781	905.22
601989	871.64
601166	870.46
600674	862.0
600153	860.11
000030	850.0
600016	841.04
002196	838.6
300284	831.84
002758	822.58
600060	822.34
601117	812.4
601800	808.41
601288	807.18
601328	807.1
300003	806.85
600477	804.0
600015	794.65
600637	773.09
600022	750.0
002029	747.98
601965	745.5
300224	740.8
300303	734.77
000069	711.41
600826	710.32
600223	707.9
300498	704.4
002033	692.5
601009	692.33
300336	692.27
002008	678.0
002311	677.25
600689	665.33
600011	661.9
000998	657.69
300015	657.68
000776	606.96
600616	604.42
600276	604.24
600887	598.4
600820	594.54
000019	576.36
600816	573.26
002205	572.72
000581	568.85
601633	565.39
603308	561.6
601118	556.8
600031	546.99
002756	544.38
600741	539.11
600213	536.3
002013	533.43
000049	533.19
600305	513.92
600048	513.2
600585	510.16
601988	510.08
601098	499.8
600166	495.48
000027	491.61
002570	484.65
002325	480.53
600600	476.92
600358	473.47
300164	465.4
300161	452.4
600208	450.51
000686	448.18
000421	444.5
601233	430.8
300017	418.69
600761	409.87
000876	394.45
601799	385.0
002057	367.4
002002	367.0
300334	363.6
600561	359.35
600444	350.39
600719	347.42
002627	344.13
600332	343.9
600448	343.45
600079	337.95
000423	323.22
000731	317.26
002400	316.58
300258	310.98
000726	307.34
000830	306.22
601333	297.15
601390	295.75
600426	295.13
600690	294.13
002056	268.46
600518	267.75
600822	267.6
600499	264.6
600688	262.56
000538	261.96
601998	252.43
600848	251.55
601336	240.79
002004	238.9
600562	231.19
300011	228.13
000529	223.02
002104	221.77
601628	213.85
600489	213.63
601601	213.15
600128	211.06
002058	208.92
002068	206.37
603085	205.31
600318	202.54
600029	196.56
300029	193.09
600593	192.45
300092	190.94
600793	189.31
000902	189.06
600738	187.93
002736	186.6
002701	177.21
002236	150.48
300088	148.95
000967	143.43
600633	141.28
000711	138.95
002470	131.06
002466	124.61
603823	120.37
002123	113.85
601012	110.2
600487	110.09
600503	105.03
002410	104.25
002581	102.18
300199	101.77
300113	101.71
600755	101.44
600736	100.41
603660	83.79
002635	59.7
300200	54.77
600027	39.6
600992	36.49
600030	32.12
002440	29.74
600996	23.49
601375	21.36
600859	21.26
601020	17.15
603298	14.78
300516	14.33
300512	12.49
300508	11.78
300568	10.73
300537	10.0
300120	9.99
000062	9.94
603239	8.73
603959	8.09
603900	7.54
603131	7.39
300515	6.95
603218	6.88
603819	6.76
603877	6.43
002819	6.16
600021	5.95
002799	5.43
603416	5.39
002828	4.02
603886	3.97
000158	2.63
002512	2.61
601699	2.58
600259	2.55
000970	2.54