300136	223008.84
002475	216426.32
002572	193382.7
002415	178255.5
600887	150445.77
002456	143290.82
000333	141381.13
600056	129752.28
002035	127973.5
002508	120392.55
002217	120139.43
300197	113361.22
002310	108671.51
600196	103206.37
300115	100391.87
002127	91805.62
002311	89707.36
002236	86317.47
000651	80658.41
002640	80323.62
002466	75537.61
300296	75208.52
300145	74925.28
00175	74084.97
002450	73310.22
600660	67589.17
000568	64329.81
002043	63582.16
300355	60095.9
600522	60015.56
600867	58961.72
000963	57670.54
002271	55512.27
600426	54086.22
600519	49748.24
300156	46825.03
002511	46691.88
002008	46493.58
600110	46424.54
000423	43227.67
002241	41560.31
002589	38214.72
002411	37934.33
600183	36092.52
02020	35901.65
002120	34963.69
000820	34844.0
002138	33077.35
002108	32352.67
002460	31851.64
600885	31460.74
000418	29723.51
000858	28379.06
601012	27934.46
002502	25970.24
300049	25246.66
603818	25034.87
600584	24233.18
600557	24195.95
300408	23943.27
600335	23867.11
300065	23084.15
002635	22652.05
300285	21325.98
600068	21212.73
600066	21204.31
002434	20584.31
300144	20151.31
601328	20065.52
000089	19638.26
601988	19610.0
600201	19265.4
600009	18947.89
600007	18672.1
300476	18411.04
600703	18292.19
601689	18122.59
600739	16052.62
002045	15681.98
002636	15386.41
300072	14921.67
002530	14886.23
002032	14610.95
600338	14138.02
002142	13976.47
000823	13758.76
600691	13678.2
600036	13606.42
002343	13275.89
600240	13176.58
601933	12501.84
603883	12318.09
600104	11976.07
002838	11928.75
000776	11737.5
300406	11232.49
601888	10360.32
603588	10336.48
603355	10195.71
000049	9958.83
600779	9950.0
600884	9371.06
00902	9215.26
600674	9050.0
300365	9000.2
601398	8955.16
002322	8813.5
002384	8786.94
002185	8674.05
000967	8639.9
600146	8549.43
000065	8356.78
001979	8272.0
300097	8212.04
600535	8001.99
000661	7926.72
002027	7922.58
603808	7736.53
002479	7556.67
002709	7468.78
601318	7360.18
601899	7346.19
000400	7136.82
002714	6975.03
000925	6885.36
600864	6816.97
002727	6813.51
600993	6618.12
300308	6567.22
002192	6439.5
002303	6409.0
600114	6290.47
002675	6277.73
601607	6256.93
002664	6250.58
600518	6213.05
601009	6163.44
600089	6133.15
002583	6080.7
002332	6076.54
300340	6070.03
600029	6042.56
300031	5948.22
300273	5932.53
600804	5919.0
002509	5818.38
300450	5725.93
600079	5654.89
600585	5644.74
600664	5623.44
600487	5523.64
300274	5518.58
300106	5419.63
002304	5356.83
603589	5299.99
002581	5129.55
002050	5123.36
300161	5121.95
002044	5090.77
000921	5082.99
300203	4885.69
000968	4866.5
300068	4738.08
600340	4701.1
002094	4699.93
603778	4658.93
600267	4653.97
300332	4468.6
600297	4288.16
002555	4265.49
002426	4253.78
603686	4252.58
300232	4203.47
600030	4188.3
601111	4137.29
002195	4112.65
600741	4006.08
002480	3989.28
600195	3976.38
000403	3958.5
002462	3927.24
002222	3917.21
000919	3872.63
603366	3861.29
002449	3850.2
000039	3815.9
600563	3789.6
600879	3723.02
000928	3605.1
000630	3487.0
002568	3382.4
002202	3344.29
603626	3318.15
300347	3281.74
002245	3272.5
002223	3213.31
300426	3146.82
002273	3130.44
300229	3066.0
300164	2696.45
002372	2669.72
600566	2639.61
002562	2617.75
002641	2614.05
000970	2580.28
002718	2572.68
000541	2564.3
601288	2545.48
000929	2537.55
600676	2501.47
002833	2499.22
601818	2466.0
600109	2465.97
002554	2457.57
002528	2432.57
300393	2426.52
300263	2419.2
600392	2413.77
002243	2398.75
000001	2397.96
002295	2382.14
002003	2376.64
600967	2356.5
002216	2344.58
300389	2342.07
600072	2315.49
002541	2266.49
300342	2228.27
002051	2202.51
300088	2195.96
600525	2195.03
300317	2193.65
002537	2113.39
600834	2105.22
300061	2082.89
300129	2057.63
600768	1932.76
002609	1903.14
300545	1740.0
600750	1703.17
000799	1697.93
600258	1665.26
600751	1664.61
600990	1430.53
002353	1409.64
600048	1360.09
603040	1349.61
600061	1331.34
600900	1247.38
002777	1224.8
002507	1155.71
300463	1014.25
601800	1014.24
300100	930.71
600276	923.61
601098	909.1
601668	899.48
000910	818.89
00700	779.33
601939	751.41
000729	744.75
03888	729.55
300526	719.75
603306	708.0
600166	703.05
300025	689.04
300207	682.13
600456	671.3
002376	650.95
600167	648.6
00371	640.23
02238	633.93
600028	631.4
300433	621.86
00570	619.36
600511	616.13
600771	613.99
600702	610.22
00494	576.23
300219	557.55
000768	550.52
002179	543.11
300299	540.61
300294	526.43
600690	495.24
00867	490.57
002007	490.5
000530	488.14
002180	462.31
300568	459.33
600637	450.8
002036	442.39
02018	427.95
002078	420.67
002250	420.24
300148	405.8
002029	398.67
000998	396.95
002705	390.6
600256	387.96
002341	384.63
601155	384.5
00981	380.48
000949	356.24
00874	349.68
600977	346.75
300147	343.2
002048	339.03
002431	333.73
600138	314.35
000063	312.91
300432	312.0
000417	311.87
300302	310.2
002340	307.88
002570	299.09
000166	289.37
002616	286.56
000020	285.96
300291	283.22
002821	279.99
002090	277.71
002230	275.32
002694	254.1
600332	230.04
600298	228.47
600188	203.26
600708	197.57
600309	182.99
603898	165.42
000018	163.66
600271	163.59
603169	151.28
601008	139.27
603008	126.08
600255	123.89
600835	123.72
000682	121.58
002351	108.39
002204	108.33
600966	105.88
000513	103.46
300003	103.29
603018	102.43
600399	101.02
600033	100.95
600498	99.38
600019	63.99
600273	51.76
002391	51.13
603833	26.4
601366	14.82
300621	6.21
0	5.0