300136	11
002572	7
002475	7
300115	7
002456	7
601318	4
300156	4
002589	4
002236	4
000065	4
002460	4
000568	4
002466	4
002043	3
000820	3
600009	3
300145	3
600068	3
000423	3
002217	3
002241	3
300450	3
600110	3
002045	2
300197	2
002108	2
600146	2
600703	2
002343	2
600201	2
002035	2
002530	2
002583	2
300476	2
002838	2
600566	2
600196	2
600056	2
002636	2
600518	2
600519	2
000858	2
600511	2
600028	2
600183	2
600885	2
601668	2
600335	2
601689	2
600036	2
002411	2
600029	2
002415	2
000333	2
000651	2
600522	2
600887	2
600739	2
600487	2
601607	2
600312	1
002273	1
002271	1
000823	1
300308	1
600967	1
300229	1
600498	1
603883	1
600089	1
600867	1
300545	1
002479	1
600007	1
000799	1
002202	1
002568	1
600309	1
600061	1
002562	1
600104	1
600990	1
601398	1
300317	1
002449	1
600864	1
002609	1
600392	1
600072	1
300408	1
002353	1
300088	1
300161	1
000039	1
601012	1
002450	1
601633	1
600267	1
002195	1
600660	1
300003	1
603589	1
002008	1
000919	1
002223	1
002509	1
002508	1
002032	1
300274	1
002502	1
000049	1
600273	1
600271	1
002185	1
600779	1
300072	1
002833	1
002120	1
002127	1
600691	1
002384	1
000513	1
300263	1
002635	1
300340	1
600768	1
300100	1
300065	1
600884	1
002322	1
002310	1
600584	1
000776	1
002245	1
002640	1
300296	1
600751	1
300355	1
300097	1
002391	1
603808	1
002554	1
002311	1
600338	1
600426	1
600834	1
002142	1
603018	1
002250	1
601211	1
600535	1
300049	1
000970	1
600109	1
300129	1
002511	1
600276	1
002541	1
000403	1
601888	1
600258	1
600240	1
002304	1
300433	1
601800	1
000089	1
002230	1
002179	1
002709	1
600486	1
600138	1
000963	1
000967	1
300031	1