0	3.0
300136	1.3661
002475	1.1728
002572	1.0642
002456	1.0455
600519	1.0395
300115	1.0325
600056	0.8867
002415	0.8706
300156	0.854
000651	0.8454
002236	0.7456
000568	0.6983
002310	0.623
000858	0.6092
002217	0.6056
002241	0.592
000333	0.5905
300197	0.578
600887	0.5425
000423	0.5374
002466	0.5369
600068	0.534
300145	0.5215
002508	0.5124
002589	0.4984
002035	0.4927
002635	0.4819
000963	0.4236
002311	0.4131
601398	0.3996
600703	0.3855
300296	0.3788
002043	0.3679
600104	0.3669
002008	0.3608
600522	0.3552
000820	0.3509
000065	0.3433
002460	0.3406
002411	0.3084
600196	0.3056
002045	0.2964
601689	0.2953
600036	0.2903
600183	0.2846
002640	0.2765
002185	0.2711
002127	0.2588
300097	0.2564
002583	0.2499
600201	0.248
300355	0.2467
600110	0.2417
600779	0.241
000039	0.2261
300450	0.2237
600867	0.2193
002434	0.2174
600066	0.2171
300065	0.2162
002304	0.2129
600487	0.2049
300072	0.1982
002479	0.1956
002372	0.1952
000049	0.1914
600146	0.1871
601288	0.1862
600240	0.1849
002138	0.1842
002709	0.1832
600885	0.1825
601318	0.1823
002273	0.1774
600089	0.1767
00175	0.1763
000001	0.1754
002003	0.1738
002108	0.1688
603588	0.1678
601012	0.1662
002450	0.1655
600739	0.16
000928	0.1595
300408	0.1574
002384	0.1563
601607	0.1512
300144	0.1493
002511	0.1479
300161	0.1473
600660	0.1434
600426	0.1433
300308	0.1422
000968	0.1419
300031	0.1355
600691	0.1345
002332	0.134
300068	0.1336
600884	0.1335
002343	0.1333
300285	0.1333
603808	0.1319
300088	0.1318
600518	0.1288
002714	0.126
000661	0.1254
002636	0.1228
603355	0.1227
000925	0.1178
000776	0.117
002027	0.1154
002195	0.1113
603818	0.1079
000418	0.1077
300476	0.1072
600584	0.1056
300365	0.1043
002120	0.1034
601933	0.1032
002142	0.1015
600864	0.1012
002029	0.1004
002179	0.0981
000921	0.0979
600834	0.0959
601988	0.0956
603686	0.0954
00700	0.0954
300294	0.0949
002271	0.0948
000998	0.0945
600335	0.094
600879	0.0939
000089	0.0934
002426	0.0932
300406	0.0911
000967	0.0901
03888	0.0893
002007	0.0884
000799	0.0881
600768	0.0881
600009	0.0875
300332	0.0872
002530	0.0872
002609	0.0867
002462	0.0866
002250	0.0861
300100	0.0852
002094	0.0849
600557	0.0843
600456	0.0838
002180	0.0834
300274	0.0819
600030	0.0816
601009	0.0812
000063	0.0788
00371	0.0784
02238	0.0776
603626	0.0763
600751	0.0758
00570	0.0758
300207	0.0757
002570	0.0753
300433	0.0739
600338	0.0735
603589	0.0733
600566	0.0731
601328	0.073
603040	0.0728
000020	0.072
600977	0.072
002562	0.0714
601800	0.0711
002202	0.0708
00494	0.0705
600007	0.0703
002222	0.0702
600267	0.0691
002838	0.069
000768	0.0688
02020	0.0687
002509	0.0687
002833	0.0682
600079	0.0668
002777	0.0661
600585	0.0654
600967	0.0631
002051	0.0628
300342	0.0623
600029	0.0615
600061	0.0607
002431	0.0602
00867	0.0601
601111	0.06
002537	0.0591
600332	0.0589
300347	0.0587
600298	0.0585
300061	0.0582
601899	0.0557
002036	0.0552
002727	0.0552
300129	0.0551
002032	0.055
000400	0.0548
300232	0.0546
02018	0.0524
600674	0.052
600114	0.0513
600188	0.0512
603306	0.0511
002675	0.0509
002568	0.0502
000541	0.05
600708	0.0498
002192	0.0495
002507	0.0494
300147	0.0492
600563	0.0492
600750	0.0486
300273	0.0481
002664	0.048
002223	0.0477
001979	0.0476
600664	0.0475
601668	0.0475
300545	0.0475
600741	0.0472
000403	0.0467
00981	0.0466
000919	0.0457
002449	0.0455
600258	0.0446
000530	0.0445
300526	0.0444
002502	0.0443
000910	0.0442
300106	0.0439
002581	0.0433
300049	0.0431
00874	0.0428
300426	0.0409
300148	0.0408
000513	0.0402
300219	0.0402
300003	0.0401
300203	0.0398
603018	0.0398
002050	0.0393
300340	0.0393
300299	0.039
600990	0.039
000417	0.0389
000823	0.0389
002245	0.0386
600498	0.0386
002353	0.0385
600993	0.0381
300393	0.0379
600019	0.0378
002303	0.0369
002694	0.0364
300229	0.0362
600340	0.0361
603778	0.0358
600256	0.0357
002044	0.0356
300432	0.0352
300302	0.035
603883	0.0349
603898	0.0349
002340	0.0348
000018	0.0345
600167	0.0345
600072	0.0344
300025	0.0341
600028	0.034
600804	0.034
002541	0.0336
300568	0.0331
600048	0.0328
300317	0.0326
000949	0.0325
002480	0.0323
002376	0.0322
600835	0.0312
002230	0.031
600195	0.0305
600166	0.0305
002555	0.0299
600771	0.0299
600511	0.0299
603366	0.0297
600702	0.0297
600297	0.0294
600109	0.0291
601818	0.0291
002554	0.029
601888	0.029
000970	0.0289
300263	0.0286
000630	0.0284
300463	0.0284
00902	0.0283
600690	0.0278
600392	0.027
002616	0.0263
002078	0.026
600525	0.0254
600900	0.0249
002322	0.0247
002705	0.0241
601155	0.0238
600535	0.0224
002341	0.0207
600273	0.0201
002391	0.0199
600276	0.0184
600138	0.0152
601939	0.015
000729	0.0148
603169	0.0102
601098	0.0101
601008	0.0094
600309	0.0089
600255	0.0084
000682	0.0082
600271	0.0079
002204	0.0073
002351	0.0073
600966	0.0072
600033	0.0068
600399	0.0068
603008	0.0068
300164	0.0055
002641	0.0053
000929	0.0052
002718	0.0052
600676	0.0051
600637	0.005
002528	0.0049
002243	0.0049
002295	0.0048
002216	0.0048
300389	0.0048
002048	0.0038
000166	0.0032
002090	0.0031
002821	0.0031
300291	0.0031
603833	0.0008
601366	0.0004
300621	0.0003