0	24.0
600519	0.928
002415	0.8503
600887	0.7879
600066	0.7079
600547	0.6256
000651	0.564
002236	0.5126
000858	0.5078
600489	0.4836
000333	0.4439
600276	0.3987
000002	0.3891
000568	0.3784
002475	0.3757
600115	0.3579
002007	0.3237
600029	0.3182
600557	0.3031
002085	0.2788
300070	0.2771
600900	0.2609
601899	0.2528
002299	0.248
600028	0.2392
601111	0.2357
000895	0.2344
000963	0.2322
002155	0.227
600594	0.2243
000538	0.2196
601607	0.2142
600521	0.2052
000933	0.1992
000786	0.1962
000078	0.1899
000983	0.1898
601318	0.1847
000403	0.1822
002450	0.1813
002400	0.1785
600271	0.1776
600406	0.1771
601009	0.1768
600221	0.1712
002508	0.1674
600988	0.1618
600570	0.1611
601633	0.1586
000423	0.1583
000625	0.1572
002304	0.1556
600305	0.1533
002618	0.1496
002594	0.149
300033	0.1443
300279	0.1442
000999	0.1434
600335	0.1354
601699	0.1337
300021	0.133
300199	0.1324
002572	0.1322
600309	0.1281
600867	0.1266
600076	0.1256
603939	0.1256
00700	0.1252
000915	0.1251
600566	0.1247
000401	0.1218
300003	0.1202
600518	0.1194
601098	0.1192
601668	0.1161
600511	0.1147
300058	0.1141
002371	0.1122
603609	0.1118
300017	0.1095
600030	0.1076
000860	0.1054
600233	0.1033
600104	0.1026
603001	0.1016
600161	0.101
002714	0.1006
300031	0.0993
002234	0.0991
600322	0.0984
300429	0.0972
600622	0.0972
002727	0.0954
601818	0.0945
300011	0.0945
600888	0.0942
00388	0.0933
002355	0.093
002746	0.092
002548	0.0914
002445	0.0909
000069	0.0904
300267	0.0886
300468	0.0881
600703	0.088
002715	0.088
002533	0.088
600377	0.0876
002418	0.0875
01299	0.0869
600486	0.0856
603012	0.0851
002640	0.0836
02238	0.0834
002308	0.0832
000418	0.0827
000089	0.0823
000903	0.0822
002048	0.0813
300161	0.0812
000028	0.0807
600976	0.0807
600048	0.0806
601166	0.0804
600418	0.0804
600595	0.08
601225	0.0798
601339	0.0798
600667	0.0796
002699	0.0795
000070	0.0792
000726	0.0786
002583	0.0785
300304	0.078
000783	0.0778
600085	0.0777
300109	0.0769
001979	0.0761
600123	0.0753
000932	0.0744
002123	0.074
300072	0.0737
002035	0.0737
601028	0.0733
002609	0.0726
600298	0.0723
002001	0.072
002458	0.0712
603883	0.0709
002059	0.0696
002239	0.0694
600731	0.0687
600702	0.0684
03888	0.0681
002673	0.0674
000975	0.0672
600267	0.0666
600348	0.0661
300165	0.0661
600228	0.0657
600340	0.0654
600498	0.0648
000550	0.0646
600608	0.0634
600784	0.063
300356	0.0628
600715	0.0625
601998	0.0621
300008	0.0617
600019	0.0614
000829	0.0613
002585	0.061
300383	0.061
002050	0.0609
600690	0.0607
600138	0.0603
600741	0.0592
002511	0.0591
601199	0.0587
002630	0.0585
000606	0.0584
600197	0.0584
600990	0.0584
002656	0.0578
002230	0.0575
600122	0.057
600395	0.0569
600188	0.0568
000021	0.0565
600559	0.0564
002353	0.0564
002537	0.0562
002025	0.0548
000937	0.0541
600509	0.0538
002311	0.0536
600571	0.0535
601688	0.0535
600869	0.0523
300266	0.0523
002675	0.052
601088	0.0518
000001	0.0514
600584	0.0505
300339	0.0504
600199	0.0502
300142	0.0499
002152	0.0499
300068	0.0496
002343	0.0496
600552	0.0495
002262	0.0494
002100	0.0489
603023	0.0489
002617	0.0486
000795	0.0477
00941	0.0477
601069	0.0476
300398	0.0474
000876	0.0473
300213	0.0469
600136	0.0468
300373	0.0465
300145	0.0465
000821	0.0461
300312	0.046
600074	0.0454
002271	0.0452
002456	0.0449
600686	0.0449
600816	0.0449
300114	0.0445
600436	0.0445
601689	0.0441
600004	0.044
600682	0.0439
600855	0.0438
02382	0.0437
600805	0.0435
300322	0.0432
600525	0.0425
600478	0.0419
002462	0.0417
002339	0.0416
601898	0.0416
300009	0.0414
00939	0.0412
002553	0.041
300207	0.0409
603328	0.0407
300133	0.0405
600987	0.0404
000835	0.04
000998	0.04
000572	0.04
300456	0.0399
603799	0.0399
01398	0.0396
002041	0.0396
300284	0.0396
600068	0.0394
600885	0.0392
002121	0.0391
002454	0.039
300342	0.0388
600585	0.0388
000501	0.0385
300147	0.0383
300350	0.0383
300309	0.0382
002361	0.0381
002191	0.038
002649	0.0379
600337	0.0379
300326	0.0378
300379	0.0377
600328	0.0376
002631	0.0374
603788	0.0373
300043	0.0373
002127	0.0372
002169	0.0371
02318	0.0368
000513	0.0365
600612	0.0359
300408	0.0356
000826	0.0354
000528	0.0352
002555	0.0352
600000	0.0351
002051	0.0348
03988	0.0345
002452	0.0344
000919	0.0344
300136	0.0341
300340	0.034
601877	0.0338
000911	0.0336
000650	0.0336
300503	0.0335
002665	0.0333
00570	0.0333
300273	0.0332
300025	0.0331
000716	0.0328
603766	0.0326
600338	0.0326
002103	0.0325
000756	0.0325
000050	0.0325
603308	0.0323
600184	0.0314
300078	0.0313
002179	0.0312
002013	0.0311
600110	0.0311
000547	0.031
000060	0.0309
002590	0.0308
000848	0.0308
600497	0.0308
600600	0.0307
600883	0.0306
000661	0.0305
601328	0.0304
000633	0.0304
600597	0.03
300015	0.0299
300059	0.0296
603300	0.0296
300200	0.0295
601933	0.0295
600201	0.0289
002716	0.0287
002414	0.0286
300498	0.0283
603006	0.0281
603866	0.0276
002126	0.0275
601211	0.0265
600965	0.0262
002142	0.0259
600109	0.0254
000768	0.0251
300219	0.0243
600015	0.0241
02319	0.0238
01928	0.0236
02018	0.0235
00665	0.0234
002131	0.0233
600697	0.0232
601336	0.0231
300081	0.0227
000902	0.0226
00867	0.0223
00669	0.0219
300148	0.0211
00027	0.021
000601	0.0207
00874	0.0203
002405	0.0199
000869	0.0191
00386	0.0184
002092	0.0178
01093	0.0172
300364	0.0169
00688	0.0165
600839	0.0165
000563	0.0163
000969	0.016
300168	0.0158
300274	0.0153
002329	0.0152
601985	0.0141
002690	0.014
600699	0.0137
601137	0.0136
000988	0.0134
300349	0.0134
000166	0.0133
300019	0.0127
300310	0.0122
601313	0.0114
002645	0.0113
002430	0.011
002470	0.0108
600459	0.0104
601999	0.0102
300401	0.0101
300198	0.01
300354	0.01
002669	0.0099
002495	0.0099
601186	0.0096
000686	0.0095
600398	0.0095
002521	0.0094
603111	0.0094
300210	0.0093
600203	0.0091
300303	0.0091
002351	0.009
300102	0.0089
000532	0.0087
600369	0.0083
002165	0.0081
002249	0.0077
300007	0.0074
601611	0.0061
600315	0.006
002465	0.0054
002373	0.0048
300088	0.0041
600779	0.004
300100	0.0037
601127	0.0033
000799	0.0029
000728	0.0029
002294	0.0028
002383	0.0028
300285	0.0028
002657	0.0026
600132	0.0025
300037	0.0022
002055	0.002
601788	0.002
601198	0.002
002292	0.0019
601966	0.0011
300515	0.001
002799	0.0008
603958	0.0005
002802	0.0004
603909	0.0003