0	8.0
1	1.0
300207	0.7843
300136	0.7059
002120	0.5961
002127	0.5749
600330	0.5016
600885	0.416
000910	0.4123
002236	0.4114
002640	0.3934
600233	0.3856
300017	0.3746
300115	0.3454
002271	0.3341
002180	0.3029
300031	0.3015
002572	0.2855
002511	0.2828
002045	0.2664
600500	0.2641
002508	0.2549
002609	0.2539
000028	0.2502
002138	0.2453
002456	0.2426
002050	0.2424
600998	0.2421
002343	0.2396
002035	0.2372
300197	0.2246
002221	0.2239
300182	0.2238
002479	0.2213
000423	0.2175
600967	0.2166
000651	0.2152
600325	0.2146
002582	0.2122
600056	0.211
600521	0.2097
300477	0.202
000983	0.201
002310	0.1993
002569	0.196
300271	0.193
300145	0.1918
600834	0.1872
300088	0.1864
600522	0.1861
300215	0.1818
001696	0.1807
000404	0.1785
600418	0.1767
300203	0.1767
600382	0.1766
002482	0.1734
000333	0.1702
600389	0.1691
000967	0.1677
002468	0.1675
600309	0.1656
002701	0.164
600060	0.1612
600061	0.1604
603808	0.1566
300033	0.1559
000821	0.1535
300196	0.1534
600608	0.15
600329	0.1494
600146	0.1451
600547	0.1444
002426	0.1441
601699	0.1438
600693	0.1424
002126	0.1414
600867	0.136
600487	0.1358
300156	0.1339
300244	0.132
000963	0.13
002384	0.1267
601198	0.1253
002078	0.1249
002519	0.124
002450	0.1178
002281	0.114
601800	0.1113
600240	0.1104
600566	0.1101
600584	0.1096
300090	0.1096
002475	0.1095
002583	0.1092
002043	0.1081
002241	0.107
300300	0.1063
002352	0.1063
300304	0.106
002173	0.1059
002303	0.1042
300285	0.1034
600079	0.1028
300266	0.1024
000915	0.1022
600489	0.1022
300238	0.1017
002358	0.1014
000488	0.1002
300221	0.0981
600856	0.0975
002394	0.0969
300202	0.0967
600419	0.0942
000503	0.0935
002085	0.091
002662	0.0908
000513	0.09
002398	0.0897
603555	0.0897
300012	0.0895
603686	0.0893
300316	0.0878
002026	0.0869
300065	0.0866
000711	0.0864
300113	0.0856
600180	0.0854
600739	0.085
600498	0.085
300458	0.0835
600261	0.0834
600990	0.0831
002092	0.0828
600882	0.0827
300396	0.0826
002425	0.0823
600110	0.082
000625	0.0812
600519	0.0804
000035	0.0803
300267	0.0798
002247	0.0792
603026	0.0792
002048	0.0792
002611	0.0792
600109	0.0785
000820	0.0783
002013	0.0783
600528	0.0778
600098	0.0776
000524	0.0775
600643	0.0773
002250	0.0762
000568	0.0755
600771	0.0755
300430	0.0751
300302	0.0748
300059	0.0747
600276	0.0747
300219	0.0738
300476	0.0736
603611	0.0736
000678	0.0734
000070	0.0734
001979	0.0732
300282	0.0729
300058	0.0727
300378	0.0726
002169	0.0725
002699	0.0719
002299	0.0714
002080	0.0713
300306	0.0711
000971	0.0706
601566	0.0704
002584	0.0703
000049	0.07
600285	0.0698
000158	0.0693
000725	0.0693
002509	0.0691
300379	0.0689
600338	0.0681
000687	0.068
300265	0.0678
002131	0.0675
600535	0.0674
600763	0.067
300025	0.0668
002435	0.0659
300373	0.0649
601677	0.0649
002366	0.064
600439	0.064
000671	0.0639
600201	0.0636
300301	0.0632
300416	0.0627
300080	0.0627
300408	0.0626
002410	0.0621
002492	0.0619
300015	0.0613
002672	0.0612
000887	0.0612
002333	0.0608
300144	0.0608
300087	0.0608
002350	0.0607
300456	0.0602
300403	0.0602
002243	0.06
000951	0.06
002322	0.06
300138	0.06
300054	0.0599
002458	0.0595
002049	0.0594
601311	0.0591
300070	0.0578
603108	0.0577
600340	0.0573
002297	0.0572
002313	0.057
002507	0.0566
000933	0.0562
600305	0.0559
000796	0.0556
600497	0.0553
600997	0.0546
000590	0.0545
600048	0.0544
600477	0.0543
000100	0.0535
002008	0.0535
600030	0.0534
600136	0.0534
000608	0.0525
300344	0.0523
300121	0.052
600525	0.0517
002025	0.0513
002773	0.0513
002405	0.0508
002543	0.0505
002617	0.0505
002631	0.0504
002188	0.0504
002053	0.0497
600376	0.0497
002476	0.0496
600038	0.0488
002480	0.0487
002638	0.0487
600517	0.0485
600750	0.0483
601155	0.0483
002071	0.0482
600448	0.0482
002059	0.048
601818	0.048
002707	0.0477
002665	0.0476
002325	0.0473
002517	0.047
300347	0.0469
600697	0.0469
600337	0.0469
601636	0.0468
000790	0.0467
600561	0.0467
002636	0.0465
600963	0.0465
600605	0.0464
600816	0.0463
600485	0.0462
002627	0.046
600985	0.0459
002368	0.0459
002355	0.0459
000547	0.0457
600727	0.0455
600328	0.0455
300232	0.0452
002007	0.0448
300359	0.0448
600719	0.0445
300013	0.0444
000786	0.0443
600151	0.044
002057	0.0439
600568	0.0438
002319	0.0435
000823	0.0435
300061	0.0433
300241	0.0432
002308	0.0431
300326	0.043
002207	0.0429
600681	0.0429
600099	0.0428
600559	0.0428
300324	0.0422
600958	0.0412
600845	0.0411
600721	0.0408
600720	0.0408
000925	0.0408
600198	0.0407
600761	0.0405
600803	0.0405
000538	0.0404
603898	0.0404
300356	0.0403
002283	0.0402
000997	0.0402
002234	0.0402
002445	0.0402
600475	0.04
601799	0.0394
601555	0.0393
300237	0.039
000739	0.0386
002159	0.0382
300072	0.0381
300269	0.0381
600336	0.038
000662	0.0376
300148	0.0374
600661	0.0365
002068	0.0363
000606	0.0362
002635	0.0358
000004	0.0358
002372	0.0358
600392	0.0358
000928	0.0355
002520	0.0351
002664	0.0349
300124	0.0348
300340	0.0346
603989	0.0346
603838	0.0343
002383	0.0341
000581	0.0339
002761	0.0338
600054	0.0338
601678	0.0333
300367	0.0333
300005	0.0333
600491	0.0332
300098	0.0332
000034	0.0331
002200	0.0331
000403	0.0329
600898	0.0327
600000	0.0322
002494	0.032
300011	0.032
601899	0.0319
600029	0.0319
300223	0.0314
600740	0.0312
002727	0.0311
000911	0.0311
002149	0.0309
600869	0.0308
000752	0.0307
002239	0.0306
603883	0.0306
601668	0.0304
600678	0.0304
600551	0.0302
603899	0.0302
601186	0.0301
002427	0.0301
002668	0.0301
300401	0.0301
002155	0.0301
002400	0.0301
000975	0.0299
600268	0.0298
300383	0.0296
300050	0.0296
600050	0.0296
002619	0.0296
300135	0.0295
600701	0.0294
600872	0.0291
600529	0.029
002340	0.029
000703	0.0287
300002	0.0287
300137	0.0287
000596	0.0282
002567	0.0279
002087	0.0278
002027	0.0274
600055	0.0274
002406	0.027
600894	0.0265
300032	0.0264
002364	0.0257
000609	0.0255
601166	0.0241
601225	0.0225
300338	0.0224
000998	0.0206
002179	0.02
002434	0.0199
002133	0.0189
000656	0.0189
600794	0.0187
002167	0.0183
000980	0.0182
600984	0.0177
600327	0.0177
002726	0.0176
600508	0.0175
000698	0.0174
603167	0.0174
600873	0.0168
600062	0.0157
300296	0.0156
300284	0.0152
600409	0.0151
000999	0.0134
600746	0.0133
002041	0.0124
601398	0.0123
600028	0.012
601857	0.0095
601169	0.0093
000953	0.0086
000613	0.0083
002718	0.0083
002493	0.0082
002771	0.0082
300018	0.0082
603158	0.0082
600393	0.0082
300210	0.0082
601328	0.0081
600979	0.008
000063	0.0079
300132	0.0079
002240	0.0078
000002	0.0078
600847	0.0078
002719	0.0078
002693	0.0077
600833	0.0077
300214	0.0077
601988	0.0072
601238	0.0069
002168	0.0069
600104	0.0068
002265	0.0067
601998	0.0064
002568	0.0063
600248	0.0062
600036	0.0061
600859	0.0056
601939	0.0056
002756	0.0055
600009	0.0053
002081	0.0052
600153	0.0051
000917	0.0051
600332	0.0043
600978	0.004
002815	0.004
601588	0.004
600900	0.0035
600908	0.0034
601139	0.0032
002673	0.0029
600893	0.0029
600970	0.0028
002302	0.0027
002657	0.0026
300541	0.0025
600399	0.0025
300534	0.0021
300548	0.0013
300536	0.0009
002813	0.0003
2	0.0