000651	325815.5	705035.77	85.9172163977	5
002310	184946.14	218672.31	548.375756868	3
002456	177444.58	343463.72	106.882001678	5
000333	147631.35	562722.83	35.5659793354	2
002043	141879.18	155470.97	1043.85941808	2
601166	139997.29	682394.13	25.8108601813	2
600030	130982.95	556518.18	30.7807534525	4
300136	122999.17	457192.18	36.8048302387	3
300197	108427.15	118801.97	1045.0990957	4
600079	107955.17	212474.63	103.287148632	3
002694	102004.22	109744.64	1317.81247012	2
000034	96839.53	104049.62	1343.11125104	2
600068	88572.98	116797.34	313.817496659	2
000423	86887.5	250676.32	53.048492565	5
300115	81663.4	141870.13	135.638324819	6
000820	80237.68	84387.4	1933.56852992	3
300068	80221.62	151764.01	112.131590795	2
600276	77722.5	399736.01	24.1364096805	3
300271	76836.84	275591.8	38.659080508	2
002250	75885.09	101102.04	300.928899014	2
600477	71696.08	107415.62	200.719494148	2
002640	64373.17	218966.15	41.6404224823	7
600491	61653.86	80750.42	322.853225921	2
600233	57890.64	66964.34	638.004783054	9
600643	55455.93	57117.34	3337.88348451	2
002035	52507.42	170750.72	44.406253885	2
600867	52019.96	432451.01	13.6739522181	4
002185	49197.88	54156.11	992.246830018	2
000662	48966.85	49439.85	10352.3995772	2
600066	47795.47	197357.03	31.957055008	2
300203	47665.5	102860.43	86.3584753165	2
600693	45951.25	59440.72	340.645332989	2
600566	45867.22	87716.46	109.601082361	4
300456	43325.73	180289.28	31.6330366729	4
000711	39655.48	59572.34	199.105079817	6
000070	38706.08	102505.03	60.6688354589	4
002103	38035.34	93714.37	68.3117863224	4
600885	36994.37	149402.68	32.9107074023	6
300237	36793.76	42145.26	687.541063253	5
601225	35932.79	65001.26	123.614314754	2
002045	34864.13	48571.82	254.339936196	8
300015	34263.36	248266.67	16.0106682462	2
000001	31726.26	266969.3	13.4865881686	2
601669	31545.11	51516.11	157.954584147	2
300196	31034.55	96887.71	47.1268956569	4
000065	30109.5	48263.41	165.856831944	2
000404	30046.85	32197.43	1397.15100113	2
002509	29062.79	40360.55	257.243825325	3
600963	27880.68	38988.07	251.01018331	2
001979	26920.1	143998.0	22.9933232489	3
600240	26172.21	62950.98	71.1611889141	4
600529	25888.06	56728.99	83.9405945281	2
002766	24301.29	24837.69	4530.44183445	2
600763	24200.48	97378.71	33.0706003684	2
300408	23541.83	130571.46	21.9956193439	3
600967	23446.84	35128.1	200.721839938	4
300365	22997.82	112033.83	25.8297962813	4
000063	22576.19	124652.17	22.117044578	2
002094	22573.47	66607.1	51.2641587805	2
300212	22374.76	32650.83	217.736547143	3
601699	22260.21	70403.38	46.2375244505	2
002511	22238.72	110856.44	25.0951164169	3
002494	21736.01	63640.85	51.869927197	3
600697	20065.18	20747.19	2942.06536561	2
300284	20044.05	45243.16	79.5426901982	2
000590	19840.75	21931.93	948.782505571	4
002149	19714.36	36451.36	117.78909004	2
000687	18939.47	67527.8	38.979462764	2
600325	18205.31	44526.46	69.1660888677	2
600593	17440.05	39437.5	79.2821440667	5
600486	17116.3	26933.63	174.347811472	2
002468	14863.59	15875.11	1469.43115312	3
002582	14805.23	84397.3	21.2743061099	5
002214	13939.53	16890.75	472.331103747	2
002665	13705.27	49570.43	38.2133245746	2
300347	13665.62	74207.5	22.5721764835	4
002450	13608.38	369778.14	3.82075670882	2
600816	13339.16	18406.87	263.218692467	2
603703	13036.74	45593.38	40.0432599924	3
600261	12169.88	20472.49	146.578967337	2
002155	12024.63	92455.38	14.9502895348	2
300202	12001.1	43013.73	38.6974597124	3
002383	11635.16	31871.45	57.496507512	2
002170	11558.45	13332.94	651.36743515	2
600682	11480.15	43771.26	35.5520451294	2
002308	10833.65	69866.87	18.3517856556	3
600622	10003.88	65865.44	17.9083434118	2
300159	9526.63	167005.69	6.04945825813	2
002609	9437.23	44122.82	27.2079269806	2
600389	9176.34	30216.61	43.6132235946	2
600500	9109.49	41275.45	28.3202801968	4
300463	8822.19	27736.04	46.6440729941	2
601800	8795.34	20620.5	74.3781902317	3
002173	8759.8	34066.6	34.6144119367	3
300262	8567.4	16172.07	112.659720935	2
002519	8528.35	83597.14	11.3607132871	2
600337	8342.94	41087.58	25.478795919	2
600382	8287.78	40017.18	26.1201913683	2
600751	8099.09	8101.96	282198.25784	2
300018	7915.2	15507.14	104.257936707	2
000983	6917.83	108579.35	6.80476742823	2
300326	6869.65	44539.55	18.2364434203	3
300142	6390.98	44221.99	16.8934955741	2
000925	6254.74	19052.94	48.8720288791	2
000597	5980.32	7845.05	320.707019247	2
002435	5308.71	13763.72	62.7877435982	2
002240	5117.01	5992.94	584.180242713	2
600833	5030.43	5837.7	623.140956557	2
300300	4104.66	18858.39	27.8211679352	2
002084	3897.93	11334.73	52.4140759466	2
600110	2265.17	108196.21	2.13834396415	10
000028	1735.85	156119.13	1.1243769403	2
000910	1594.69	66114.0	2.47164763541	4
002059	855.62	11439.47	8.08420376328	2
002627	549.35	2317.73	31.0651556792	2
002007	370.13	224706.04	0.164989189649	2
300228	361.88	14249.61	2.60575342407	2
600995	153.64	7095.34	2.21329069248	3