000651	713463.38	1390943.03	105.311411199	11
000858	575388.96	1185661.77	94.2838924775	9
600887	388900.54	1084801.65	55.8844546174	4
000423	275806.63	511100.08	117.218150357	9
600519	263587.71	1365888.03	23.9125132432	12
601318	258601.56	885572.83	41.2461578981	4
002466	251938.91	276366.66	1031.3635517	2
002475	230546.91	603802.36	61.7665220963	5
000568	228889.77	552977.61	70.6258432899	11
002241	223152.69	296588.6	303.874071963	2
600068	216543.12	391178.5	123.99727936	9
002236	200468.93	432674.2	86.3326357752	7
300156	200360.09	403611.19	98.5776165541	5
002572	198157.48	618784.49	47.1100227254	11
000333	195802.78	865392.19	29.2422157632	9
002035	179442.1	364091.44	97.179930348	8
600196	140643.54	235745.36	147.887327498	4
000963	132576.28	405639.28	48.5515357262	9
601012	130893.63	205297.55	175.923029324	3
300136	122943.78	595112.9	26.03808144	3
002456	120061.59	481089.33	33.2555027489	2
002508	117285.97	279885.17	72.1319477587	7
601607	115261.96	307415.57	59.9842802849	3
002043	113417.56	242043.24	88.1764512343	4
600056	110604.47	274908.36	67.317012397	7
600622	109512.99	155589.95	237.674078325	3
000538	105555.0	294777.62	55.7834998797	2
002304	101530.48	157940.57	179.986381869	2
002127	101185.2	211383.76	91.8208005622	3
002415	94174.35	428882.28	28.1362769027	5
300145	93928.95	274138.49	52.1220741144	6
601009	85292.76	227617.7	59.9281896764	2
601668	84202.24	471538.17	21.738814677	3
002450	82928.05	288145.04	40.4099338948	2
000065	81624.57	128548.34	173.951432291	3
002271	80492.95	242049.59	49.8233622586	2
600258	77930.07	80895.61	2627.85428623	2
300115	77388.67	283722.76	37.506487658	2
601988	75353.03	264616.03	39.8139255956	2
600029	74765.37	99553.32	301.619819307	2
600518	73017.44	357382.31	25.6773770965	4
002311	69620.67	163746.33	73.9656646232	4
600779	64656.1	86250.87	299.406291431	5
002273	63991.04	106512.97	150.489500359	2
600028	63980.16	461037.44	16.1135844178	2
000418	62958.15	88690.74	244.663090657	4
600900	62563.02	238525.43	35.5547642249	3
002310	60731.53	239616.83	33.9499835928	6
000820	58149.72	192881.52	43.159610426	2
300355	47746.02	48541.4	6002.9193593	5
300296	45994.35	199685.59	29.9264616513	6
600879	42327.68	156620.51	37.0344141448	2
600426	41770.91	105806.56	65.2307113303	2
002138	39498.22	133661.6	41.9464764328	2
600009	38388.34	63137.04	155.112551366	3
300197	37107.45	197339.26	23.1586037754	6
600585	36275.13	84278.75	75.5674884519	3
002217	32258.76	139278.46	30.1428241716	6
603377	30489.73	86831.89	54.1153019338	2
600566	29687.56	92343.12	47.3821636899	3
300007	28779.17	29032.34	11367.5277482	2
600511	28712.55	73494.21	64.116761192	2
300310	22167.81	67788.54	48.5915284565	2
600674	21188.51	69867.53	43.5269855474	3
300285	21160.69	236918.6	9.80760798063	2
600993	20753.16	28232.12	277.487244216	2
603818	19005.45	36257.47	110.163621419	2
600664	18406.45	32569.53	129.960785366	2
300038	16580.64	38121.51	76.9729356335	2
600522	12638.03	79370.94	18.9382270307	7
000925	10783.69	62585.49	20.8172109849	2
002051	10012.5	139572.87	7.72805758428	2
002235	9747.39	20628.28	89.5826536248	2
600885	9318.61	147862.51	6.72610630999	2
603899	9241.4	43041.66	27.3412098013	2
600271	9042.59	61307.58	17.3014287384	2
000829	8077.12	11731.15	221.046898903	2
002675	7692.88	30289.19	34.0448506858	2
000697	187.29	7515.67	2.55568079166	2