600519	283242.02	1102300.32	34.581423569	5
000858	259040.38	610272.81	73.7518400565	6
601211	251323.65	292627.77	608.471140409	2
600104	232275.21	473623.29	96.2407531893	10
600028	192098.34	397057.28	93.7252798048	13
601318	188950.17	626971.27	43.1372301471	12
601328	171698.69	524241.35	48.7029541333	2
601398	149540.23	403301.97	58.9293839174	13
600038	131901.34	171541.1	332.750097377	2
601006	128342.52	274567.95	87.7703146436	2
600887	118411.83	695901.11	20.5045936091	3
002415	118083.3	334707.93	54.5105605027	2
000333	106866.58	669589.41	18.9909799821	5
000063	105146.41	229798.58	84.3518488286	3
600015	104958.68	180575.08	138.804121857	6
600048	96479.84	226372.74	74.2764539093	2
601607	93054.16	192153.61	93.8997744185	5
600109	74302.42	88296.2	530.967472691	2
000422	74160.52	75333.26	6323.69664205	3
600062	72632.38	86392.39	527.851215224	2
601668	72310.52	387335.93	22.9538690228	4
600409	72023.19	171244.38	72.5885166263	5
000998	67627.65	113456.64	147.565220181	2
600036	65001.58	505762.73	14.7475747352	4
601988	63096.16	189263.0	50.0100977404	9
600068	57838.04	174635.38	49.5199976301	2
002142	54475.94	188569.1	40.6254427892	12
601939	52142.11	107391.83	94.3753380108	8
000963	51217.97	273063.0	23.0872740309	3
601166	49449.48	731843.61	7.24646913361	3
600967	47737.43	82865.53	135.895280417	2
000568	44915.66	324087.84	16.0888738985	9
601997	44641.53	53886.38	482.879981828	2
000538	31953.55	189222.62	20.3177586031	3
600660	30789.65	84833.76	56.9713332313	2
000001	30555.38	297524.68	11.4452785395	14
000059	28960.56	33945.4	580.972709254	2
000401	27734.61	49410.29	127.952663999	2
600309	26715.01	203412.44	15.1190710584	5
601288	26559.84	441671.3	6.39824301647	3
000089	26423.55	47677.26	124.324412067	2
601009	26382.91	142324.94	22.7552596759	3
600150	26062.92	75782.39	52.4199473566	2
601098	22884.21	97827.31	30.5354462252	3
601633	22338.65	47818.23	87.6727559873	3
601818	20932.9	103695.56	25.2926863395	4
600919	20781.95	23242.87	844.478894072	2
300138	20525.44	29185.82	237.003918997	2
600079	19185.8	231660.43	9.02968980344	3
601012	18828.41	74403.92	33.8789693518	2
601117	18670.07	20684.35	926.885537264	3
601933	15870.55	53754.42	41.8926313494	2
601336	14982.1	81302.72	22.5904100414	3
002581	14162.64	27140.47	109.129492373	2
600060	13275.39	92625.41	16.7301659155	2
002408	12521.13	16266.56	334.304205392	2
601857	11103.26	58602.06	23.3758747589	6
600195	9917.43	31018.73	46.9991422329	2
600261	9563.2	30035.69	46.712441916	3
000709	8881.04	42008.55	26.8086554045	3
002168	8650.67	12000.87	258.21353949	2
000625	8647.5	129263.95	7.16942009154	5
600741	6041.64	27854.79	27.6972376754	2
300327	5525.93	9699.3	132.409299918	2
600000	5305.06	405875.54	1.3243761747	2
600022	5058.24	5546.24	1036.52459016	2
601965	5007.57	28650.64	21.1798636979	4
600377	2840.51	13649.01	26.2803349216	2
000609	2366.1	12437.2	23.4939579589	2
300498	1803.44	58484.88	3.18171168552	3
300100	1019.0	59195.57	1.75156424657	2
600794	989.23	11824.44	9.12977228868	2
600816	812.31	19219.18	4.4130805509	2
600552	344.78	457.76	305.16905647	2
000600	223.37	1044.21	27.2123678183	2
300537	16.71	20.0	507.902735562	2