519727	0.114103472714
519697	0.100280786201
210004	0.0990320178704
519002	0.0988117573483
040020	0.0958781362007
001152	0.0946428571429
519692	0.0927066529794
519712	0.0919701213819
160135	0.0876715092817
519732	0.087428867046
000865	0.0848484848485
160639	0.0842391304348
001694	0.0800681431005
502030	0.07995951417
164820	0.0799559691784
519993	0.0725461061096
519702	0.0708591674048
610007	0.0689102564103
519688	0.068795702134
519736	0.0677871148459
001075	0.0651872399445
410009	0.0648533539832
410006	0.064218328841
550008	0.0642013353878
519983	0.0637322329207
165525	0.0609184629803
001740	0.060546875
000294	0.0601226993865
160512	0.0594149908592
519710	0.0570934256055
450011	0.0560606060606
540008	0.0559013646158
377150	0.0555555555556
660015	0.0549840095557
040015	0.054678692221
270022	0.0545670225386
001071	0.0541027953111
001037	0.0538373424971
001940	0.0528708370392
000924	0.0526755852843
001985	0.052534562212
590005	0.0521191294387
001154	0.0520732883317
375010	0.0516159695817
000362	0.051434223541
000586	0.0513856812933
001039	0.0513141426783
000363	0.0510406342914
519126	0.0509832483613
000263	0.0507584597433
001897	0.0502958579882
002263	0.0496838301716
090013	0.0494645588985
001225	0.0494350282486
000549	0.0492091388401
320012	0.0491913746631
630016	0.0487557135602
370027	0.0484693877551
000991	0.048403707518
000127	0.0482513661202
001635	0.0479296653432
001421	0.0477707006369
000520	0.0475423045931
168101	0.047514619883
002189	0.0474078454563
001714	0.0473321858864
450007	0.0473264166002
040035	0.0470817120623
000529	0.0470420527441
660010	0.0470406097416
001636	0.0470297029703
090001	0.0469347668769
002305	0.046904315197
000523	0.0467233009709
000136	0.0463192721257
206009	0.0462456489309
202019	0.0458415193189
450009	0.0458015267176
519091	0.0457002457002
450010	0.0456333595594
161609	0.0452650387135
000652	0.0452368281001
519019	0.0449197860963
001054	0.0448979591837
660001	0.0448373855384
001878	0.0448154657293
373020	0.0447035351331
001975	0.044558697515
000646	0.0441947565543
001445	0.0441839495041
001230	0.044061302682
002210	0.0438378825476
519704	0.0436461954423
161724	0.0435943060498
340006	0.0435160505273
160919	0.0434397163121
519698	0.04333149628
163415	0.0427777777778
519191	0.0427090269191
002244	0.0425716768028