000263	0.0542986425339
000457	0.050944476245
519712	0.0503055947344
519002	0.0487955528104
001048	0.0444033302498
519697	0.0443458980044
100056	0.0442953020134
550008	0.0429606625259
519736	0.041922861934
090013	0.0392656807751
161724	0.0378378378378
519606	0.0378266850069
410009	0.0360971771417
001039	0.0353089533417
000628	0.0333618477331
001075	0.0332871012483
519727	0.0331686661962
020026	0.0330769230769
519732	0.0330067044868
040020	0.0328988206083
270028	0.0327799063431
001037	0.0323325635104
270022	0.031847133758
210004	0.0313253012048
340008	0.0311483031148
519066	0.0307929176289
690011	0.0304975922953
000309	0.0293778801843
610007	0.0287026406429
002727	0.0285433070866
000567	0.0284848484848
001220	0.0281517747858
001694	0.0280612244898
519983	0.0279239174423
001607	0.0275511183642
160512	0.0271903323263
000477	0.0271247739602
002124	0.02700270027
000780	0.0260869565217
001714	0.0258397932817
000778	0.0253164556962
519692	0.0249633789063
002942	0.0249500998004
000520	0.0249088699878
001740	0.0246548323471
740001	0.0245711636532
160916	0.0244044160372
000362	0.0243417784401
000418	0.0241286863271
410006	0.0241267112775
519673	0.0238805970149
001430	0.0234082397004
519068	0.0233973598925
000363	0.0233830845771
000751	0.0231941683234
000328	0.0230508474576
168204	0.0228426395939
001009	0.0222222222222
000020	0.0218289085546
002263	0.0217194570136
001168	0.0216981132075
001421	0.0215827338129
002132	0.0214285714286
160627	0.0210157618214
001760	0.0208747514911
161032	0.0205882352941
020023	0.020487804878
001985	0.0203703703704
001178	0.0202764976959
165313	0.019926199262
590005	0.0198952879581
000696	0.0198722498226
001726	0.0197300103842
202019	0.0195058517555
121001	0.0193564927573
320007	0.0193266832918
090020	0.0192719486081
530015	0.0192577289161
233007	0.018733125649
001278	0.0185185185185
206009	0.0185101580135
000136	0.0185032894737
001897	0.0178041543027
163406	0.0177319587629
001717	0.0176991150442
002360	0.0175115207373
519993	0.0174911388504
002340	0.017479300828
002210	0.0174563591022
690004	0.0171875
090009	0.0169230769231
730002	0.0168404170008
519704	0.0168034388433
519710	0.016776075857
090007	0.0167597765363
070021	0.0167560321716
470009	0.0165947560571
690005	0.0164794007491
001365	0.01644245142
002595	0.0164251207729