163117	0.475244632686
002778	0.32518597237
001840	0.181377303589
003857	0.14967577336
003858	0.149664929263
003624	0.149224425682
003625	0.148582118944
168204	0.146052631579
161724	0.145871559633
240022	0.133989401968
690008	0.133053221289
165520	0.133018867925
161032	0.130357142857
160221	0.126083991036
161819	0.125230202578
110025	0.122345803842
160620	0.120926243568
161217	0.119822485207
050024	0.11702284451
002779	0.115456238361
002910	0.111461951374
257060	0.109154929577
001740	0.108601216334
519196	0.100939727803
519195	0.10048453224
002669	0.0965346534653
001875	0.095087163233
168203	0.094247246022
004091	0.0935554917169
000755	0.0926503726816
161715	0.0923226433431
001558	0.0913260488331
001559	0.0911433609114
004092	0.0885258358663
000294	0.0883582089552
001542	0.0879897238279
001120	0.0868006856787
001121	0.086283891547
001811	0.0858447488584
000742	0.0840639504899
502023	0.0824295010846
167301	0.0810329474622
001837	0.0805577072037
001581	0.0798872180451
519181	0.0791091403809
002121	0.0790816326531
002214	0.0780640124902
519193	0.077528532074
003175	0.0771746817539
003954	0.0763273304096
519033	0.0761750405186
519125	0.0756972111554
519176	0.0754339118825
519173	0.0745829244357
519172	0.0745401742498
001594	0.0742767787334
001595	0.0741031941032
165521	0.0720906282183
377240	0.0720064724919
160517	0.0719086738504
161723	0.0718057022175
161029	0.07164790174
160418	0.0716439512725
161121	0.0712828649139
168205	0.071261682243
001878	0.0710801393728
360007	0.071000855432
160631	0.0706401766004
004355	0.0704063010278
160322	0.0700680858399
519113	0.0698666666667
004450	0.0692914920573
000312	0.0686880466472
000313	0.068486618585
001552	0.0683771648493
001553	0.0682228527212
001460	0.0672879099601
002973	0.0671027131783
000950	0.0668272125226
020021	0.0665007339332
160516	0.0646228879986
398061	0.0642159143788
050010	0.0640362225097
000925	0.0639431616341
160625	0.063829787234
004477	0.0637245392823
004099	0.0635925256178
398021	0.063550036523
003986	0.0634503472874
519120	0.0629244001811
519027	0.0627147766323
002387	0.0617283950617
000251	0.0613553113553
001569	0.060773480663
001605	0.0606060606061
370024	0.0603788476717
004482	0.060161480898
004263	0.0600193610842
379010	0.0597243491577
161211	0.0590609730189