003854	0.499158499158
376510	0.102755026061
002045	0.0927787083566
002514	0.0909090909091
000457	0.0875202593193
519606	0.0856209150327
002581	0.08
001048	0.0785046728972
020026	0.0769230769231
000073	0.0764872521246
100056	0.0759493670886
377240	0.0749646393211
001645	0.0703789636504
002692	0.0690058479532
050018	0.0689013035382
160211	0.0683990442055
000020	0.068330362448
160212	0.0668402777778
110022	0.0650618087183
001044	0.0633802816901
001410	0.0630063006301
110011	0.0621875497532
000974	0.061872909699
001986	0.0617870722433
001542	0.0614814814815
001574	0.0609911054638
001712	0.0604606525912
100060	0.0587341772152
001112	0.0583941605839
200015	0.0582959641256
530016	0.0569863013699
000878	0.0559062218215
370024	0.0558076225045
000879	0.0553505535055
001827	0.0551470588235
000117	0.0542586750789
002383	0.0533188248096
210005	0.052734375
519736	0.0526875997871
001018	0.0525490196078
001583	0.0523665659617
206007	0.0521945432977
370027	0.0520702634881
270008	0.0520514390692
000328	0.0519662921348
002851	0.0517711171662
001513	0.0512295081967
003940	0.0509653216214
260116	0.05078447564
000522	0.0505865102639