002117	0.0682261208577
519177	0.0639481000927
002156	0.0498046875
001535	0.0215475024486
001281	0.0212569316081
002072	0.0203139427516
001528	0.0186335403727
001811	0.0181623931624
001875	0.0173761946134
002803	0.0173410404624
001662	0.017094017094
000929	0.0170603674541
000216	0.0168339924957
002332	0.0166099659796
000217	0.0165835792044
519156	0.0164168451106
000218	0.0162818235642
001838	0.0161812297735
000930	0.0161765817522
002333	0.0160144129717
002533	0.0157787084835
519157	0.0152855993564
000307	0.0150304813958
002610	0.014979283969
002963	0.0146238821673
000979	0.014606741573
002334	0.0145142957069
002611	0.0144881218707
002335	0.0141588250813
001104	0.013230429989
002121	0.0131048387097
501023	0.0130430420387
001333	0.0126239855726
002374	0.0126239855726
519091	0.0117753623188
161225	0.0116279069767
001938	0.0112546125461
001262	0.0108161258604
002443	0.010752688172
001073	0.0105948678072
002564	0.0105263157895
519779	0.0100200400802
501025	0.00995575221239
001810	0.00993377483444
002371	0.00983284169125
040011	0.00934833414859
001874	0.00914634146341
003030	0.00893743793446
002057	0.00862895493768
002804	0.00854021847071
000273	0.008356545961
001942	0.00825688073394
001371	0.00769230769231
002058	0.00767754318618
502023	0.00753498385361
001206	0.00738688827331
001943	0.00738007380074
001431	0.00715990453461
001508	0.00711743772242
003862	0.0071
003861	0.007
001837	0.00697471665214
001824	0.00692383778437
001891	0.00688298918387
166020	0.00687622789784
180012	0.00687137642259
001564	0.00676246830093
003279	0.00649220934878
002934	0.00639616230262
003250	0.00639488409273
001510	0.00625
110022	0.00619834710744
001670	0.00613496932515
002935	0.00610427299109
000414	0.00602928509905
003251	0.00599760095962
000849	0.00586560855689
001671	0.00571973307912
003502	0.0057
001342	0.00564174894217
002029	0.00556070435589
001185	0.00555041628122
000850	0.00550253632534
003503	0.0055
001974	0.00549954170486
001207	0.00545950864422
001530	0.00539676194283
003751	0.00529735132434
001321	0.0051724137931
001355	0.00504201680672
002233	0.00497512437811
002129	0.00496524329692
002434	0.00494071146245
002853	0.00493096646943
001703	0.00492610837438
001356	0.0049115913556
002462	0.00488758553275
002461	0.0048828125
002227	0.00486381322957
002297	0.00481695568401