003854	0.509168825992
376510	0.134865900383
161725	0.125
001410	0.123691722169
000457	0.121448467967
519606	0.120782726046
002692	0.120098039216
001048	0.119301648885
100056	0.115799343647
020026	0.114058355438
110022	0.111337406653
001542	0.110852713178
000020	0.110562075355
000073	0.103581800581
110011	0.102707348517
206007	0.0991325898389
100060	0.0987913820284
002514	0.0985915492958
377240	0.0972088546679
000117	0.095737704918
002045	0.0937965722802
001018	0.0928338762215
000970	0.0927444794953
270008	0.0901015228426
001044	0.0896907216495
200015	0.0894402769763
001986	0.088693957115
000854	0.0868852459016
002581	0.0865191146881
160632	0.0853909465021