210009	0.161437908497
161226	0.144973544974
001158	0.125173852573
398061	0.121
519126	0.120188531029
100060	0.119128329298
001331	0.117458466919
000586	0.111387678905
481015	0.109129066107
000929	0.106826752867
630011	0.106466876972
000930	0.106387094278
000216	0.104253112033
000217	0.104212168487
519125	0.103402268179
519176	0.102803738318
000654	0.102231821454
200015	0.102068045364
360016	0.101754385965
161725	0.101714285714
000800	0.100346020761
000294	0.100323624595
001838	0.0973871733967
377020	0.0971780400205
398021	0.0969894475481
000218	0.0965266558966
519113	0.0955
000955	0.0954391891892
202009	0.0952941176471
002244	0.0951035781544
630005	0.0892320892321
001302	0.089209855565
001072	0.0882040382572
001480	0.0875145857643
160630	0.0867768595041
720001	0.0863125638407
002207	0.0848176420696
519091	0.0844913841023
519975	0.0844748858447
200006	0.0837307308417
519120	0.0826306913997
001037	0.0826032540676
580003	0.0822888283379
168101	0.0821917808219
000264	0.0818604651163
000061	0.0816326530612
519172	0.0815324165029
001071	0.0810810810811
519979	0.081001472754
001606	0.0809225166903
000462	0.0808101472995
000524	0.0805896805897
001877	0.0805369127517
610006	0.0805152979066
610002	0.0803443328551
001694	0.0800762631077
519173	0.0799605133268
580001	0.0794884653962
001479	0.079337401918
260111	0.0789980732177
001897	0.0787139689579
000073	0.0786219081272
630016	0.078453038674
160512	0.0784524449221
502003	0.0779868297272
233011	0.0777173913043
660010	0.0771248688353
229002	0.0769585253456
001018	0.0768595041322
001267	0.0767824497258
217012	0.0766550522648
001719	0.0763819095477
040015	0.0762660158633
162202	0.076225334182
090009	0.0762066045724
110013	0.0759267530147
213001	0.0758620689655
233001	0.0755395683453
000354	0.0754877014419
180012	0.0753634038306
233006	0.0753226852125
001017	0.0751020408163
483003	0.0744658784485
610004	0.0739371534196
000778	0.0738461538462
519156	0.0737100737101
163115	0.0736638348209
050014	0.0735042735043
002553	0.073471676949
420005	0.0731707317073
000418	0.0731707317073
162208	0.073115778763
160627	0.0730380730381
519056	0.0730158730159
519157	0.0728110599078
001125	0.0726072607261
519115	0.0719619823489
580005	0.0719209722124
000596	0.0718829516539
002199	0.0717821782178