002196	0.169
160635	0.161781946073
110025	0.106651376147
160221	0.0974993229214
001302	0.0967486122125
240022	0.0962897526502
165520	0.094
160813	0.0939153439153
530003	0.0936271108027
002207	0.0922098569157
160620	0.0921658986175
161032	0.0856031128405
398061	0.0844625112918
398021	0.0829519450801
690008	0.0818181818182
530012	0.0815031722792
161724	0.0808897876643
161226	0.0807217473884
161217	0.0789022298456
161819	0.0778097982709
001877	0.0751547303271
168204	0.0749646393211
000761	0.0743879472693
161611	0.074297188755
257060	0.0730769230769
000778	0.0716353111433
050024	0.0716068642746
161715	0.0715048025614
217012	0.0709624796085
519196	0.0689310689311
160627	0.0686131386861
001928	0.0683760683761
001471	0.068349106204
000056	0.0682397959184
020015	0.0681818181818
001927	0.0681818181818
202005	0.0680766688698
001559	0.0678803274062
001558	0.0678013785343
001878	0.0676616915423
001838	0.0671806167401
000423	0.0670785525154
470098	0.0669642857143
519195	0.0666418812157
420003	0.0663657435647
160512	0.0661322645291
000974	0.0652610441767
000867	0.0645569620253
001865	0.0644230769231
001397	0.064235924933
001195	0.0637254901961
160136	0.0635171241195
000747	0.0629508196721
050004	0.0628596447336
161026	0.0625
450002	0.0624881830214
161017	0.0622671633848
502006	0.0621147463253
162510	0.0616570327553
270002	0.0610715277135
270007	0.0610559524914
360006	0.0609010640706
000309	0.0608913998745
398041	0.0607101947308
519995	0.0602910602911
164402	0.0602536997886
162607	0.0602409638554
000577	0.0602345415778
180012	0.0597614198429
229002	0.0597524541187
217017	0.0596885813149
519714	0.0596026490066
000619	0.0595412396291
001518	0.0594172538564
585001	0.059204440333
001178	0.0590590590591
001236	0.0590500641849
519185	0.058885261194
320014	0.0588235294118
000478	0.0587526508579
002556	0.058748403576
000263	0.0585042219542
410003	0.0584209004145
110011	0.0581949038566
001487	0.0577731092437
310328	0.057697968796
162216	0.0575960821889
001244	0.0575677110993
000796	0.0574712643678
165312	0.057331508173
002263	0.0572556762093
460009	0.0570687418936
000794	0.0570532915361
110022	0.056990881459
519133	0.056862745098
270041	0.0568239472349
001528	0.0567514677104
040007	0.0566216857666
001882	0.0566129819424
001459	0.0566094853683