002564	0.353
502013	0.184085510689
502030	0.148425787106
167503	0.127604166667
160135	0.105152471083
160639	0.100436681223
164820	0.0984188447886
161032	0.0969162995595
168204	0.0922882427307
161724	0.0921228304406
000865	0.0848484848485
502006	0.0842148087876
165525	0.0815765352887
000991	0.0758047767394
050013	0.0694090677534
001460	0.0684861624793
002973	0.0683935179278
168201	0.0679824561404
160638	0.0679012345679
001054	0.0639834881321
502010	0.0628272251309
202021	0.0627473148672
240022	0.0616153205662
502016	0.0601805416249
002085	0.0592808551992
450011	0.0591805766313
110025	0.0589519650655
519727	0.0576794097921
502020	0.0564635958395
168101	0.0562962962963
502040	0.0539053905391
161122	0.0531957657778
001892	0.0528846153846
519672	0.0522255192878
519002	0.0516735173224
000061	0.0515463917526
519773	0.0515151515152
000362	0.0513698630137
502048	0.0510578279267
001438	0.051010587103
000363	0.0510053948014
001437	0.050753370341
001740	0.0504854368932
210004	0.0498102466793
001694	0.0493421052632
519196	0.0487938596491
519697	0.0485573539761
001152	0.0483592400691
180033	0.0483135824977
519673	0.0477255779269
630016	0.0473036896878
160620	0.047193877551
001708	0.0471014492754
000523	0.0469837587007
001878	0.0469565217391
160136	0.0469017459774
001154	0.0468003820439
519710	0.0463768115942
160127	0.0457175925926
001897	0.0456754130224