002779	0.572
519177	0.063829787234
002117	0.0542635658915
002156	0.0458984375
002564	0.0325443786982
050013	0.0290094339623
202021	0.0280446637237
502013	0.026518804243
001215	0.0237430167598
001535	0.0228628230616
001773	0.0227272727273
540006	0.0225115269867
001564	0.0225108225108
002555	0.0214765100671
001528	0.0198735320687
160512	0.0181173690429
001626	0.0169660678643
000849	0.0150155434336
000850	0.0148048452221
002593	0.0141509433962
160716	0.0140397793749
169102	0.0129076086957
000754	0.0126646833829
001824	0.012
000936	0.0116182572614
169104	0.0115273775216
160638	0.011385199241
000585	0.0113421550095
002860	0.0112704918033
001073	0.0111480539801
000970	0.0105471324984
200012	0.0104076322637
002539	0.010111223458
002538	0.010101010101
169101	0.0100055586437
540012	0.00987760360747
002172	0.00974251913709
001942	0.0093896713615
001499	0.00932835820896
001149	0.00894838571122
001716	0.00891972249752
001262	0.00884955752212
001943	0.00849056603774
002804	0.00798642308076
002371	0.007866273353
001938	0.00783085356304
001997	0.00697906281157
001662	0.0065851364064
519062	0.00657354149548
110022	0.00641025641026
001729	0.00633579725449
740101	0.00629370629371
168201	0.00608519269777
001445	0.00607111882047
002334	0.00606655366224
001112	0.00580832526621
501023	0.00579209429936
161722	0.00559179869525
002335	0.00538164857835
000844	0.00518134715026