002117	0.0830039525692
001875	0.0511669658887
001837	0.05
001878	0.0484154929577
002443	0.0473537604457
001685	0.0459081836327
001371	0.0438247011952
000979	0.0415224913495
002214	0.0388170055453
003993	0.0386077215443
002121	0.0371517027864
001424	0.0368873168267
001425	0.036666326218
002653	0.0361216730038
002387	0.0356756756757
002334	0.0351503256312
002335	0.0349098088486
001764	0.0339157245632
501023	0.0333640364343
501025	0.0328054298643
001104	0.0325842696629
502048	0.0324402416601
002803	0.0322580645161
502020	0.03204235163
000216	0.0314782429791
000217	0.0312725771493
002332	0.0312626877791
110022	0.03105151729
002333	0.0308723469077
000930	0.0307876114328
001942	0.0299906279288
000218	0.0296940611878
001943	0.0292177191329
000929	0.0290890533299
002610	0.028971459343
002611	0.0286238928494
000307	0.0282155025554
001811	0.0280474649407
001874	0.027950310559
002963	0.0278162634552
161226	0.0275132275132
169103	0.0271535580524
001281	0.0269516728625
003030	0.0262626262626
002685	0.0262361251261
002686	0.0262361251261
001810	0.0260723296888
160517	0.0260102701496
002072	0.0259981429898
166005	0.0258892390815
001882	0.0256672597865
310398	0.025470837136
540012	0.0248883216337
002147	0.0244988864143
001149	0.0244127457242
169102	0.0243572395129
001112	0.0243427458617
002146	0.0243362831858
161121	0.0243227665706
161723	0.0239912758997