001387	1.20546558704
003142	1.0725
003854	0.49703087886
002028	0.248390064397
000892	0.235883424408
001777	0.177747378021
002871	0.170385192596
001388	0.132860040568
160211	0.112047769582
160212	0.109829059829
519690	0.10741643454
310358	0.105635409537
206007	0.104705882353
001645	0.103896103896
000431	0.103703703704
000854	0.100313479624
020003	0.0983102918587
001044	0.0952380952381
002514	0.0907297830375
110011	0.0902986729167
161725	0.0900090009001
110022	0.0888746803069
040008	0.0883778306459
000974	0.0883567299752
003140	0.0878223638355
020005	0.0854214123007
519066	0.0850267379679
260116	0.0848406546081
169101	0.0846905537459
162605	0.0826985854189
260108	0.0819672131148
001543	0.0817916260954
376510	0.0816473988439
002045	0.0805806271518
001048	0.0805008944544
200015	0.0795724465558
260110	0.0793201133144
519068	0.0790773405699
070032	0.07866273353
000551	0.0786384976526
001521	0.0783410138249
001827	0.0776173285199
002666	0.0775862068966
002667	0.0768491834774
100056	0.0765570934256
002581	0.0752475247525
180012	0.0751805808068
000423	0.0748422001803
002851	0.0747074707471
001487	0.0741971207087
570001	0.0740526885601
001865	0.0739644970414
000751	0.07295029051
001112	0.0727762803235
202011	0.071948261924
001703	0.0706422018349
570008	0.0704697986577
530016	0.07007466973
169105	0.0695564516129
519979	0.0692520775623
001781	0.0689655172414
001940	0.0689521219773
000878	0.0689346463742
000879	0.0687442713107
160919	0.0670194003527
002803	0.0667870036101
240020	0.0666222518321
310388	0.066424021838
690004	0.0654627539503
003889	0.0654590760974
001178	0.0653095843936
003890	0.0649861017924
530011	0.0645669291339
240017	0.0644930644931
000083	0.0640599001664
001281	0.0639301310044
399011	0.063880126183
260103	0.0638436482085
000462	0.0636477261802
002259	0.0636363636364
000994	0.0635721493441
002072	0.0633741258741
165525	0.0630557801132
000995	0.0630165289256
310368	0.062829672164
004076	0.0627856149414
001276	0.0622617534943
210005	0.0619554695063
200008	0.0618968964618
519606	0.0615595075239
000452	0.0614096301465
001712	0.0613786591124
270041	0.061329588015
610002	0.0613165013526
160222	0.0611705058966
002360	0.0610687022901
501011	0.0610671936759
000711	0.0608160123172
501012	0.060806802452
001278	0.0603448275862
160133	0.0599028602267
001179	0.0598746809004
610001	0.0593710691824
519664	0.0593379138039
000532	0.0591204037491
519665	0.0588988476312
400011	0.0588469448683
310308	0.0585758513932
000457	0.0584886128364
257050	0.0582444626743
001878	0.0582375478927
000756	0.0581309786608
690005	0.0577716643741
070018	0.0575673166202
001606	0.0574873808188
200012	0.0572614107884
000248	0.0569067518077
003095	0.0565262076053
090015	0.0565121412804
160916	0.0558732952046
003096	0.0556127703399
165312	0.055584186115
202023	0.0550682261209
165519	0.0543881334981
001657	0.0538922155689
163809	0.0537897310513
000029	0.0534407027818
660015	0.0529312201877
530019	0.0529206190714
540009	0.0524031007752
002838	0.0523197429203
000373	0.0521523178808
169103	0.0518783542039
202003	0.0512820512821
160632	0.0511534603811
000376	0.0510887772194
290011	0.0509233351987
020026	0.0507324044302
002001	0.0506730007918
169102	0.050622406639
540012	0.0505815526102
001717	0.0503472222222
519991	0.0502838605028
350008	0.050135501355
580009	0.050051072523
070003	0.0500454959054
001149	0.0500033877634
001171	0.05
620007	0.0499058380414
002621	0.0498007968127
217005	0.0497764890661
002697	0.049504950495
162006	0.0493918856188
001222	0.0493827160494
162607	0.049356223176
002792	0.049342430535
202007	0.0493150684932
001927	0.0492206726825
398031	0.0487225193108
400025	0.0486182595613
290004	0.0484010371651
002793	0.0481045234089
001170	0.0481012658228
001375	0.0479774223895
550002	0.0478433316807
020023	0.047816091954
001928	0.0478153338829
001163	0.0476718403548
000592	0.0476694915254
002547	0.047619047619
003132	0.0474985400039
260101	0.0473393377714
001875	0.0473029045643
000746	0.047220106626
001005	0.0471544715447
002021	0.0470479704797
502013	0.0469314079422
001815	0.046875
002082	0.0467980295567
003940	0.0467741935484
001924	0.0467185761958
000577	0.0466841186736
164908	0.0465807730426
000916	0.0465517241379
100026	0.0461837217156
000167	0.0461049284579
160918	0.045996592845
200006	0.0459501557632
000073	0.0457456541629
377010	0.0456986854209
370024	0.0448888888889
100022	0.0447154471545
160136	0.0446409546133
000619	0.0444348576359
000011	0.0444048066091
519005	0.0442176870748
270025	0.0441576086957
450004	0.0439442658092
550001	0.0438892640108
001076	0.0438356164384
001144	0.0435931307794
002605	0.0435193945128
003655	0.043392504931
000960	0.043392504931
161005	0.0432667245873
001758	0.0432220039293
002189	0.0432046585893
377020	0.042901136243
003446	0.0427727136131
001975	0.042654028436
003447	0.0426125049781
270050	0.0425652667423
000831	0.0425367362722
519672	0.0424836601307
002593	0.0424354243542
090004	0.0424186688125
501031	0.0422936952887
160311	0.0422641509434
002160	0.0422413793103
090013	0.0421052631579
501030	0.0420887009539
502006	0.0416708404287
002303	0.0416233090531
000020	0.0415704387991
003456	0.0415430267062
690007	0.0414058738565
001708	0.0413223140496
001039	0.0412621359223
001986	0.0412465627864
001371	0.0412465627864
260112	0.0411547911548
373010	0.041095890411
001528	0.0410256410256
377530	0.0408750719632
217017	0.0403726708075
001583	0.0401960784314
519736	0.0401878914405
160638	0.0401416765053
519032	0.0398912058024
519714	0.039886039886
100060	0.0398009950249
257020	0.039156626506
001102	0.0386643233743
002692	0.0385050962627
003396	0.0382825116367
000117	0.0382479950648
519034	0.0381731424676
004231	0.038157641164
110010	0.0380316073494
260111	0.0379278445883
110023	0.0379075056861
001716	0.0378640776699
270008	0.0377479206654
166006	0.0377249542874
340008	0.0376413410038
002133	0.0375114364135
001886	0.0374474589224
001811	0.0374015748031
481012	0.0371258633922
519185	0.0371104305531
001719	0.037037037037
163810	0.036959553696
002989	0.0368421052632
660010	0.0366846268486
000547	0.0365101944049
000409	0.0364873222016
660012	0.0363526726106
000729	0.0363506771205
000824	0.0363321799308
530015	0.036098208361
000527	0.0360799609946
168201	0.0357432981316
502016	0.0357142857143
001008	0.0357142857143
161026	0.0355555555556
217027	0.0355029585799
001104	0.035343035343
004358	0.0352647352647
001984	0.0352112676056
001542	0.0352011494253
000825	0.0350569675723
570005	0.0350318471338
001009	0.0347071583514
660005	0.0346007604563
110015	0.0345982142857
398011	0.0345596432553
001053	0.0344149459194
167503	0.0343558282209
373020	0.0343217371002
001373	0.034188034188
400007	0.0340514520202
001730	0.0338983050847
660004	0.0338983050847
001974	0.0337078651685
660003	0.033699579677
000742	0.0336565887051
160135	0.033157223538
270001	0.033093358105
000929	0.0329902822103
160219	0.0328381548084
000930	0.0324320411192
070013	0.0322580645161
169104	0.0322580645161
050026	0.0321697467488
350002	0.0320744237712
001663	0.0320088300221
163805	0.0318957771788
000628	0.031847133758
000311	0.0317380352645
000977	0.0317297850563
519959	0.031612223393
070099	0.0315934065934
161222	0.0315789473684
000216	0.0315380883066
001267	0.0314685314685
000867	0.0313953488372
001018	0.031393568147
001538	0.0313852813853
630006	0.03125
000217	0.0311708552503
000218	0.0311553030303
002732	0.0311284046693
001000	0.0310880829016
519196	0.0310030917211
519694	0.0308486238532
002327	0.0308324768756
162703	0.030737704918
519935	0.0307234886026
002214	0.03066439523
002610	0.0306341264168
350001	0.030594131774
001869	0.0305927342256
000634	0.0305635148042
481013	0.0304568527919
001424	0.0303497446768
001425	0.0302971261568
481015	0.0302872062663
163503	0.0302773660809
000001	0.0302752293578
162214	0.0302663438257
002611	0.0302347032899
000259	0.0302252783907
001384	0.0302080721985
002383	0.0301399354144
160314	0.0299806576402
000307	0.0298130368873
001385	0.0297904569553
003591	0.0297619047619
001365	0.0295420974889
620006	0.0295404814004
001536	0.0294676806084
001208	0.0293757649939
000056	0.0291840381179
270022	0.0291479820628
160610	0.0290697674419
003641	0.0290501685505
001631	0.0290196078431
002963	0.0289561607776
001185	0.028938028938
004335	0.0288924558587
003592	0.0287698412698
002029	0.028738253809
001632	0.0286888830578
001718	0.0286707211121
530006	0.0285515320334
260117	0.0281827016521
002515	0.0281407035176
160635	0.0281407035176
000021	0.0281345565749
420005	0.0280728376328
519779	0.0280193236715
002020	0.0280193236715
288002	0.028000868244
162207	0.0279986173522
001518	0.0279033515199
100020	0.0277332478358
001150	0.0277296360485
378010	0.0277271418977
690001	0.0272925764192
001685	0.0272727272727
163118	0.0272529485858
000793	0.0272108843537
001574	0.0271940667491
003413	0.0271712281395
000880	0.0271084337349
162212	0.0270774976657
090010	0.0270092226614
519908	0.0267665952891
001168	0.0266544117647
001759	0.0266272189349
340007	0.026497277677
160628	0.0264965652601
519706	0.0264808362369
070022	0.0264721772015
002728	0.026444662096
161818	0.0263876251137
000778	0.0263678312459
001393	0.0263671875
519033	0.0263157894737
165512	0.026303645593
001620	0.0262390670554
202002	0.0261958997722
002121	0.0261927034612
519091	0.0261302364164
162204	0.0260519651715
070023	0.0260448626168
519056	0.0259875259875
080007	0.0259459459459
202001	0.0258526709235
000529	0.0257480862909
750001	0.0257387988561
000408	0.025583145222
002729	0.0255653883972
001651	0.025550660793
000418	0.0255427841635
000739	0.0254777070064
002332	0.025361638174
001310	0.0252549318593
481008	0.0251162790698
730002	0.0249280920422
519678	0.0249158249158
001515	0.0248847926267
530005	0.0248167379352
000199	0.0247349823322
000566	0.0246073298429
000127	0.024593692821
002333	0.0245809003579
519018	0.0245743373705
660001	0.0245517241379
000173	0.0243644067797
519008	0.0243621469409
320011	0.0242884250474
582003	0.0242474916388
002191	0.024131370782
519644	0.0241102181401
519997	0.0240603056588
000312	0.0240415854451
180031	0.0240366272415
161219	0.0239616613419
690003	0.023679417122
000176	0.0236563038158
519156	0.0236375574524
001339	0.0236220472441
690009	0.0234093637455
001286	0.0232991612302
000313	0.0231432360743
001285	0.0231267345051
002041	0.0231213872832
001392	0.0230991337825
020001	0.0229938558928
000646	0.0229885057471
160639	0.0229746070133
519157	0.0229459659511
630016	0.0228136882129
001954	0.0226628895184
003492	0.0226160172313
000595	0.0225721784777
004116	0.0225051821143
320010	0.0224390243902
000967	0.0224014336918
002042	0.0223953261928
001597	0.0223813786929
000688	0.0223463687151
001554	0.0222968845449
110001	0.0222680412371
540006	0.0222482435597
310398	0.0221172766627
000368	0.0220921726408
288001	0.0220440881764
003622	0.02199513382
001555	0.0219358797362
001433	0.0218905472637
000273	0.0218221494817
003623	0.0216332099006
000587	0.0216086434574
001068	0.0215517241379
000433	0.0215410107705
090003	0.0214007782101
519017	0.0213556174559
519674	0.0213360999594
257030	0.0212443095599
001182	0.0212201591512
202005	0.0211513518907
160910	0.0211193241816
001773	0.0210970464135
070019	0.0210862619808
002443	0.0210792580101
001881	0.0210282455671
100032	0.0209973753281
580007	0.0209923664122
166001	0.0209875386489
001598	0.02096627165
003754	0.0208984375
001300	0.0208913649025
519069	0.0208835341365
377240	0.0208711433757
004252	0.020747700137
003026	0.0205992509363
350007	0.0205245153934
519195	0.0204799499726