002196	0.167
160635	0.153121319199
530003	0.0885668276973
001471	0.077731092437
530012	0.0704567541302
161226	0.0702402957486
110011	0.0688163443362
202005	0.0665646518745
161032	0.0639534883721
000974	0.0612449799197
420003	0.0601618103291
000979	0.0584652862363
000577	0.0549919914576
050018	0.0541624874624
001878	0.0536246276068
217017	0.05276816609
240022	0.0525854513585
000916	0.0513245033113
260112	0.0509868421053
519714	0.0507166482911
310318	0.0506269776163
110022	0.0501519756839
001927	0.0501419110691
000598	0.0499637943519
160812	0.0499276410999
202021	0.0495261387955
100032	0.0493128536783
001928	0.0492890995261
169102	0.0491651205937
001810	0.0483870967742
002334	0.0480015673981
270002	0.0479338842975
168204	0.0478873239437
001882	0.047201946472
165519	0.0471698113208
000480	0.0467993544917
166005	0.0466601178782
270041	0.0464646464646
460005	0.0463260100387
002335	0.0463062886295
040011	0.0462344793162
165312	0.0461995821951
002134	0.046021093001
001104	0.0458598726115
161724	0.0452716297787
169101	0.0452528837622
002214	0.0450980392157
217027	0.0449101796407
000373	0.0448833034111
001371	0.0446808510638
001564	0.0446768060837
000376	0.0444242973708
001528	0.0442043222004
000747	0.0441271901363
002162	0.0439949958299
050004	0.043491864831
001112	0.0432989690722
090010	0.0432098765432
540012	0.0430922124471
001178	0.043043043043
000311	0.0428226779252
001149	0.0426085542365
020026	0.0420095279342
161907	0.0420091324201
000684	0.0419063270337
540006	0.0417366057252
001761	0.0415512465374
001762	0.0415486307838
000619	0.0413223140496
000991	0.0409292035398
270007	0.0408894606267
000248	0.040594266583
180012	0.0404942855485
000945	0.0402208201893
002660	0.04
000946	0.0397140587768
001179	0.0396640826873
398021	0.0396095628802
040008	0.03947858473
001554	0.0392417692052
162213	0.0391953154515
001555	0.0391927951968
519032	0.0390143737166
001278	0.038961038961
002360	0.0387673956262
000457	0.0387215734481
000877	0.0383679428942
257060	0.0383141762452
000056	0.0382653061224
160136	0.0377335598156
001473	0.0377106942196
160620	0.0376146788991
000362	0.0375860243515
519671	0.0372786579683
000849	0.0372142916082
000363	0.0370762711864
200008	0.0370548604427
002659	0.037
000963	0.0369458128079
000850	0.0368667378274