002059	0.928459119497
002061	0.891693811075
002186	0.364970645793
168101	0.233241505969
001302	0.219790675547
002207	0.207743153919
210009	0.191018766756
161725	0.185731857319
100022	0.183823529412
001887	0.169938016529
002553	0.164233576642
000742	0.162515566625
001542	0.160550458716
100060	0.148608349901
001616	0.147826086957
000264	0.146942800789
050014	0.14598540146
160225	0.145906735751
000960	0.145610278373
161226	0.144973544974
000586	0.144871794872
001158	0.142655367232
160212	0.140998959417
001072	0.140311804009
200015	0.139310344828
000866	0.138723404255
162214	0.138202247191
002236	0.137524557957
519975	0.137270550678
160215	0.13671875
160211	0.136074607885
000628	0.135814889336
398061	0.135764944276
001479	0.132662397072
610005	0.132096069869
630006	0.131440588854
000418	0.130841121495
050018	0.130385487528
000294	0.130319148936
002082	0.130089374379
002168	0.128880526811
162202	0.128483230436
001959	0.128463476071
630005	0.128444444444
519002	0.127824858757
210004	0.127604166667
001645	0.126721763085
001018	0.125215889465
519702	0.123385939742
001694	0.121782178218
519704	0.120898876404
580005	0.120746024669
180012	0.120595501235
001331	0.118980445569
580003	0.117928511117
161028	0.117312072893
213002	0.11678131499
200006	0.116544789762
398021	0.116392924826
160632	0.116129032258
020001	0.115958668197
000039	0.115109067579
200012	0.114583333333
580001	0.114418845457
000336	0.114315068493
100026	0.114040007478
519125	0.113055181696
000929	0.112994350282
020003	0.112984822934
000930	0.11124494871
000217	0.110564853556
630011	0.110407597942
519176	0.110215053763
000216	0.110010427529
161225	0.11
519126	0.109727626459
001480	0.109523809524
020023	0.109007458405
001071	0.108986615679
110022	0.108677337826
040035	0.108015430776
740001	0.107234042553
001915	0.107142857143
001410	0.107066381156
610006	0.106347897774
110013	0.106060606061
270008	0.105987355894
001113	0.104845599902
377020	0.104773713577
240004	0.104660099211
000654	0.104617604618
233001	0.104485488127
519710	0.103550295858
519732	0.103251568739
519983	0.103191489362
001877	0.102739726027
000778	0.102685624013
001279	0.102137767221
519965	0.102135561746
519022	0.101229895932