003803	1.88589029041
002671	0.259773510586
003750	0.173828125
165523	0.172494172494
001841	0.13446969697
002161	0.132075471698
519961	0.131067961165
519960	0.127576054956
165524	0.127450980392
001072	0.122621564482
502003	0.118613504308
000697	0.114485981308
001629	0.111835825644
001630	0.11175059952
161032	0.110967741935
161033	0.109037328094
002482	0.107142857143
470028	0.106105512745
003624	0.104652106844
502023	0.104587155963
210009	0.103718199609
003625	0.102944775267
001097	0.101748807631
168203	0.0996563573883
001410	0.0987472365512
003233	0.0975609756098
519002	0.0971112476951
000698	0.0964109781844
001740	0.0961968680089
003232	0.095423563778
519773	0.0944881889764
519767	0.093023255814
000924	0.0928143712575
001279	0.0927601809955
161724	0.0924657534247
002900	0.0924521896571
004347	0.092039800995
377240	0.0913156913902
519026	0.0903361344538
000073	0.0870917573872
000755	0.0865849126719
001445	0.0865546218487
000404	0.0849549121974
002553	0.084619478446
370024	0.0838520688393
001513	0.0832544938505
000942	0.0823062035245
002974	0.0821359421176
001576	0.0818094321463
160221	0.0816326530612
050014	0.0811232449298
240022	0.0810276679842
610005	0.0801033591731
001313	0.0797385620915
001071	0.0795206971678
002656	0.0792114695341
379010	0.0788497217069
004343	0.0787900105522
001042	0.0786516853933
001193	0.0783582089552
710001	0.0779997918618
001287	0.0779930851492
000727	0.0779487179487
164907	0.0779014308426
002036	0.0776542613179
001125	0.077474892396
502010	0.0774265250679
003299	0.0774134790528
003298	0.0771324863884
001361	0.077057793345
110026	0.0768928991761
004744	0.0768885900022
004374	0.076566573332
580008	0.0764488286067
004375	0.0764251207729
540010	0.0760096254447
040020	0.0757389162562
001899	0.0756972111554
165315	0.0756413647183
002174	0.0752740560292
000925	0.0752066115702
160223	0.0747502158628
001604	0.0746720484359
398051	0.0743618201998
000063	0.0743449116392
001018	0.0739972337483
001592	0.0738966318235
160627	0.0738955823293
161122	0.0738370277865
502036	0.0737445332529
001593	0.0737273259216
002079	0.072705601907
460002	0.072641451603
160637	0.0725190839695
003766	0.0720871751886
003765	0.0713462545836
001167	0.0713201820941
001456	0.0711422845691
004224	0.0710314308408
001967	0.0709555345317