003854	0.499158499158
376510	0.102755026061
002045	0.0927787083566
002514	0.0909090909091
000457	0.0875202593193
519606	0.0856209150327
002581	0.08
001048	0.0785046728972
020026	0.0769230769231
000073	0.0764872521246
100056	0.0759493670886
377240	0.0749646393211
001645	0.0703789636504
002692	0.0690058479532
050018	0.0689013035382
160211	0.0683990442055
000020	0.068330362448
160212	0.0668402777778
110022	0.0650618087183
001044	0.0633802816901
001410	0.0630063006301
110011	0.0621875497532
000974	0.061872909699
001986	0.0617870722433
001542	0.0614814814815
001574	0.0609911054638
001712	0.0604606525912
100060	0.0587341772152
001112	0.0583941605839
200015	0.0582959641256
530016	0.0569863013699
000878	0.0559062218215
370024	0.0558076225045
000879	0.0553505535055
001827	0.0551470588235
000117	0.0542586750789
002383	0.0533188248096
210005	0.052734375
519736	0.0526875997871
001018	0.0525490196078
001583	0.0523665659617
206007	0.0521945432977
370027	0.0520702634881
270008	0.0520514390692
000328	0.0519662921348
002851	0.0517711171662
001513	0.0512295081967
003940	0.0509653216214
260116	0.05078447564
000522	0.0505865102639
001281	0.0505747126437
002072	0.0501769911504
001875	0.0501253132832
161033	0.0499479708637
169105	0.0496296296296
519979	0.0495689655172
001102	0.049504950495
001878	0.0490272373541
377020	0.0489612188366
501011	0.0487344913151
020023	0.0486663547029
001781	0.0485148514851
540009	0.0484701311316
501012	0.0484655874466
001005	0.0484140233723
002803	0.0483576642336
165312	0.0481617148284
257050	0.0480530240265
169103	0.0479511769834
000619	0.047744196233
270041	0.0474158368895
000854	0.0473933649289
377010	0.0473911611416
000742	0.0471887550201
000431	0.046875
003889	0.0467208357516
519066	0.046714774022
003890	0.046633126935
519068	0.0466042154567
020005	0.0465829846583
690003	0.0461254612546
110015	0.0459363957597
000960	0.0459081836327
161725	0.0457746478873
002838	0.0456006428284
001480	0.0453460620525
001163	0.0450958286359
001222	0.0448877805486
002482	0.044745057232
240017	0.0446557883557
000751	0.0446194225722
000136	0.0444924406048
519714	0.0444444444444
002666	0.0444015444015
001940	0.044194022538
002259	0.0441582336707
001144	0.0441176470588
000994	0.0438775510204
004076	0.0437169378181
001276	0.0436456996149