002853	0.771271729186
002778	0.315228966986
161724	0.191340782123
001840	0.188899707887
168204	0.172727272727
240022	0.164447924824
003857	0.163794983642
161032	0.163141993958
003858	0.162828767871
110025	0.162618796199
003624	0.162608957018
001740	0.162162162162
003625	0.161374598071
690008	0.159482758621
160221	0.145681884269
161217	0.145454545455
160620	0.142678347935
050024	0.141930618401
257060	0.137003610108
161819	0.134416543575
002910	0.133968185261
001558	0.131061235799
001559	0.130798161304
519196	0.122675043399
161715	0.119613016711
003986	0.114457831325
519195	0.114040419389
001811	0.113721804511
001542	0.111984282908
000755	0.111277797388
001120	0.10912
001121	0.108218729535
002779	0.106965174129
001305	0.104333868379
519125	0.10351826793
519176	0.103401360544
003175	0.103233381503
004212	0.102449192288
519172	0.101678183613
168203	0.101214574899
519173	0.101
004510	0.0997177798683
002669	0.0993788819876
003954	0.0988029640889
001594	0.0982969823723
001595	0.098037252153
001897	0.0979284369115
160517	0.0945258128181
001410	0.0940310711365
001581	0.0935114503817
519193	0.0933585205806
519181	0.0929701765064
000312	0.0928772202619
001849	0.0926130099228
519113	0.092582851131
000313	0.0924873158506
502023	0.0924731182796
161723	0.0919421487603
502020	0.0918944392083
519120	0.0918744228994