002779	0.572
519177	0.063829787234
002117	0.0542635658915
002156	0.0458984375
002564	0.0325443786982
050013	0.0290094339623
202021	0.0280446637237
502013	0.026518804243
001215	0.0237430167598
001535	0.0228628230616
001773	0.0227272727273
540006	0.0225115269867
001564	0.0225108225108
002555	0.0214765100671
001528	0.0198735320687
160512	0.0181173690429
001626	0.0169660678643
000849	0.0150155434336
000850	0.0148048452221
002593	0.0141509433962
160716	0.0140397793749
169102	0.0129076086957
000754	0.0126646833829
001824	0.012
000936	0.0116182572614
169104	0.0115273775216
160638	0.011385199241
000585	0.0113421550095
002860	0.0112704918033
001073	0.0111480539801