673071	0.108765195138
519177	0.0648148148148
002117	0.0563106796117
002156	0.0448780487805
002780	0.0197044334975
410009	0.0113390928726
040015	0.0104947526237
001662	0.0103871576959
001262	0.00884955752212
003713	0.00849830033993
003714	0.00829834033193
002371	0.007866273353
002533	0.00776774444121
003397	0.00701402805611
001499	0.00557620817844
000408	0.00552486187845
160512	0.00544535200311
001073	0.00505443234837
020026	0.00498657460683
003378	0.00439912017596
519062	0.00409836065574
673050	0.00393700787402
000585	0.00375234521576
003485	0.0036963036963
003484	0.00369593447208
000414	0.00344530577089
003250	0.0032967032967
003251	0.00309814111533
003475	0.0030959752322
002655	0.00302419354839
003556	0.003
161725	0.00296150049358
001535	0.00292397660819
003182	0.00289942011598
003183	0.00269946010798
003751	0.00259948010398
000844	0.00258397932817
003797	0.0024
003798	0.0023
002938	0.00220308431805
003690	0.0022
000753	0.00219002695418
003610	0.00209874075555
001791	0.0020366598778
003555	0.002
003350	0.00199920031987
002128	0.001998001998
001641	0.00197238658777
001491	0.00193661971831
003689	0.0019
003279	0.00189677548168
001852	0.00185013876041
003611	0.00179910044978
000754	0.00176574455562
000992	0.00174672489083
001321	0.00172413793103
000110	0.00145215530419
519606	0.00135961930659
003413	0.001299870013
003595	0.00109879132954
003594	0.0010986815821
001729	0.00105042016807
001792	0.00103092783505
002527	0.00100200400802
501022	0.001
002683	0.001
001851	0.000999000999001
160921	0.000999000999001
001014	0.000994035785288
002414	0.000993048659384
001580	0.000959692898272
001504	0.000935453695042
001206	0.000919117647059
001029	0.00089605734767
002804	0.000892149088025
000398	0.00078431372549
002564	0.000716845878136
003586	0.000704579768495
001530	0.000599880023995
000273	0.000557103064067
002045	0.000373831775701
003692	0.000299251870324
003734	0.000199740337561
501028	9.99900009999e-05
003693	9.97506234414e-05
001777	9.26011667747e-05
001680	0.0
519618	0.0
002810	0.0
161834	0.0
001798	0.0
003493	0.0
002791	0.0
001355	0.0
001566	0.0
001567	0.0
002154	0.0
002153	0.0
001173	0.0
002413	0.0