002117	0.0682261208577
519177	0.0639481000927
002156	0.0498046875
001535	0.0215475024486
001281	0.0212569316081
002072	0.0203139427516
001528	0.0186335403727
001811	0.0181623931624
001875	0.0173761946134
002803	0.0173410404624
001662	0.017094017094
000929	0.0170603674541
000216	0.0168339924957
002332	0.0166099659796
000217	0.0165835792044
519156	0.0164168451106
000218	0.0162818235642
001838	0.0161812297735
000930	0.0161765817522
002333	0.0160144129717
002533	0.0157787084835
519157	0.0152855993564
000307	0.0150304813958
002610	0.014979283969
002963	0.0146238821673
000979	0.014606741573
002334	0.0145142957069
002611	0.0144881218707
002335	0.0141588250813
001104	0.013230429989
002121	0.0131048387097
501023	0.0130430420387
001333	0.0126239855726
002374	0.0126239855726
519091	0.0117753623188
161225	0.0116279069767
001938	0.0112546125461
001262	0.0108161258604
002443	0.010752688172
001073	0.0105948678072
002564	0.0105263157895
519779	0.0100200400802
501025	0.00995575221239
001810	0.00993377483444
002371	0.00983284169125
040011	0.00934833414859
001874	0.00914634146341
003030	0.00893743793446
002057	0.00862895493768
002804	0.00854021847071
000273	0.008356545961
001942	0.00825688073394
001371	0.00769230769231
002058	0.00767754318618
502023	0.00753498385361
001206	0.00738688827331
001943	0.00738007380074
001431	0.00715990453461
001508	0.00711743772242
003862	0.0071
003861	0.007
001837	0.00697471665214
001824	0.00692383778437
001891	0.00688298918387
166020	0.00687622789784
180012	0.00687137642259
001564	0.00676246830093
003279	0.00649220934878
002934	0.00639616230262
003250	0.00639488409273
001510	0.00625
110022	0.00619834710744
001670	0.00613496932515
002935	0.00610427299109
000414	0.00602928509905
003251	0.00599760095962
000849	0.00586560855689
001671	0.00571973307912
003502	0.0057
001342	0.00564174894217
002029	0.00556070435589
001185	0.00555041628122
000850	0.00550253632534
003503	0.0055
001974	0.00549954170486
001207	0.00545950864422
001530	0.00539676194283
003751	0.00529735132434
001321	0.0051724137931
001355	0.00504201680672
002233	0.00497512437811
002129	0.00496524329692
002434	0.00494071146245
002853	0.00493096646943
001703	0.00492610837438
001356	0.0049115913556
002462	0.00488758553275
002461	0.0048828125
002227	0.00486381322957
002297	0.00481695568401
001112	0.00477554918816
519761	0.0047664442326
002228	0.00474833808167
000110	0.00471698113208
001504	0.00468164794007
162414	0.00429585356743
003144	0.00411022886502
002655	0.00402010050251
001533	0.00398009950249
002615	0.0039603960396
002614	0.0039603960396
002435	0.00395256916996
002854	0.00394477317554
673050	0.00393700787402
002157	0.00392156862745
519770	0.00390625
001845	0.00389483933788
001343	0.00385356454721
001685	0.00383141762452
519755	0.00380228136882
003169	0.00378825640514
002013	0.00378071833648
001254	0.00376647834275
002313	0.00376647834275
001422	0.00376647834275
000585	0.0037488284911
002028	0.00372439478585
000892	0.00369003690037
003170	0.00358994814519
002214	0.00357142857143
000844	0.00353982300885
003490	0.00349022736338
002076	0.00336473755047
001882	0.00335073977372
166005	0.00330250990753
003491	0.00329177057357
002778	0.00327510917031
003734	0.00309659374688
002561	0.00302419354839
003556	0.002997002997
002128	0.002997002997
002973	0.00299544692068
001460	0.00299508805559
002518	0.00299401197605
003057	0.00299251870324
002115	0.00297914597815
002114	0.00297619047619
002262	0.00294406280667
519771	0.00293255131965
519769	0.00293255131965
519768	0.00292682926829
002618	0.00292682926829
001266	0.00292397660819
002619	0.00292397660819
002261	0.00292112950341
001229	0.00291572610986
165527	0.00290697674419
002290	0.00290135396518
001582	0.00290135396518
165526	0.00289296046287
001345	0.00287081339713
001506	0.00285714285714
001423	0.002849002849
002309	0.00284629981025
001499	0.0028328611898
002014	0.00282752120641
003820	0.0028
003735	0.00279748226596
003475	0.00279218189071
002668	0.00279069767442
001362	0.00278293135436
000708	0.00276497695853
002653	0.00275988960442
001287	0.00274977085243
770001	0.00274662394141
001215	0.00271370420624
001347	0.00270758122744
003821	0.0027
001216	0.0026714158504
001491	0.00263852242744
002555	0.00261437908497
519183	0.0026126253354
002583	0.00258397932817
290012	0.0025817555938
002779	0.00254452926209
260112	0.00249843847595
001379	0.00244498777506
003414	0.00239353744889
002106	0.00235871308614
003058	0.00229793186132
000248	0.00207080169609
002767	0.00206916937629
003106	0.00201207243461
003105	0.00201207243461
003104	0.00200400801603
002728	0.002002002002
002130	0.002
003555	0.001998001998
003415	0.00199560965875
519781	0.00199004975124
001923	0.00199004975124
001014	0.00198807157058
002091	0.00198094519385
210001	0.00197361587203
001641	0.00197238658777
519760	0.00197044334975
002149	0.00194741966894
519752	0.0019436345967
001846	0.0019267822736
002312	0.00192122958694
002659	0.00192122958694
002660	0.00191570881226
001507	0.00191021967526
002301	0.00190657769304
003413	0.00189943017095
001286	0.00189753320683
001285	0.00188501413761
001503	0.00187617260788
001334	0.00187617260788
001389	0.00187265917603
001183	0.00187090739008
002036	0.00183318056829
002134	0.00181818181818
001217	0.00179856115108
540002	0.0017873100983
540006	0.00177841683063
001761	0.00177147918512
000932	0.00174978127734
002923	0.00172562553926
001474	0.00170794192997
003158	0.00168600614896
003154	0.00161046804227
003140	0.0015992003998
002045	0.00158878504673
001777	0.00157494904577
000590	0.00154918667699
519613	0.00149372634933
001636	0.00144678542364
001635	0.00143317807238
003141	0.00129961011696
519619	0.00129844186976
001412	0.00125603864734
002791	0.00100401606426
002034	0.00100300902708
002033	0.00100200400802
002729	0.001001001001
002131	0.001001001001
003187	0.000999000999001
002516	0.000998003992016
160921	0.000998003992016
002576	0.000997008973081
000166	0.000996015936255
002575	0.000996015936255
002414	0.000993048659384
519764	0.000993048659384
002067	0.000985221674877
002769	0.000978473581213
001755	0.000973709834469
002116	0.000973709834469
001414	0.000971817298348
002536	0.000971817298348
002494	0.000970873786408
001390	0.000968992248062
002081	0.000965250965251
002237	0.000965250965251
002148	0.000961538461538
001467	0.00095785440613
001413	0.000952380952381
001566	0.000950570342205
001567	0.000950570342205
001324	0.000947418285173
001139	0.000943396226415
001466	0.00093984962406
001429	0.000916590284143
001762	0.00090661831369
519615	0.000897666068223
001173	0.000894454382826
000933	0.000893655049151
002027	0.000866718027735
001547	0.000862812769629
519062	0.000819000819001
210010	0.000742115027829
003667	0.000699580251849
750005	0.000637755102041
003586	0.000604229607251
400023	0.00055480700642
519620	0.000499900019996
001700	0.000490677134446
001778	0.00046533271289
002835	0.000400280196137
002833	0.000400240144087
002388	0.000392772977219
002112	0.000388575869438
003142	0.000300963081862
002836	0.0003003003003
519614	0.000299281723863
002068	0.000239100980314
002834	0.000200180162146
002063	0.0
001312	0.0
519618	0.0
002327	0.0
001524	0.0
673030	0.0
519756	0.0
002041	0.0
002042	0.0
001249	0.0
003271	0.0
501022	0.0
002517	0.0
000178	0.0
002851	0.0
002211	0.0
002212	0.0
002186	0.0
002431	0.0
000512	0.0
003062	0.0
002430	0.0
002089	0.0
002083	0.0
002084	0.0
519646	0.0
002535	0.0
001757	0.0
001756	0.0
000572	0.0
000571	0.0
000974	0.0
003434	0.0
002413	0.0
002144	0.0
002090	0.0
080008	0.0
001834	0.0
001485	0.0
001226	0.0
001580	0.0
002035	0.0
002030	0.0
519621	0.0
001597	0.0
001598	0.0
003345	0.0
003346	0.0
003232	0.0
003234	0.0
003235	0.0
001174	0.0
001470	0.0
002557	-9.86874568242e-05
001172	-0.000184484826123
210011	-0.000196020778202
400022	-0.000242738085606
001381	-0.000374496769965
003063	-0.000402657539762
003587	-0.000402941472751
002193	-0.000490757402257
002699	-0.000501856870421
002700	-0.000602409638554
001315	-0.000619578686493
000215	-0.000670241286863
002062	-0.000670690811536
000511	-0.000670690811536
519624	-0.000701613711537
003272	-0.000703305536019
160127	-0.000739644970414
002326	-0.000869565217391
001633	-0.000899370440691
519969	-0.000927643784787
001194	-0.000930232558139
002375	-0.000935453695042
001265	-0.000940733772342
002055	-0.000940733772342
001273	-0.000942507068803
002810	-0.000945179584121
001402	-0.00094696969697
001418	-0.000952380952381
002273	-0.00095328884652
001228	-0.000964320154291
002222	-0.000970873786408
002365	-0.000970873786408
001464	-0.000971817298348
519653	-0.000973709834469
003026	-0.000985221674877
519652	-0.000987166831194
001823	-0.000989119683482
002330	-0.000996015936255
003512	-0.000997008973081
003493	-0.000998003992016
002819	-0.000999000999001
002820	-0.000999000999001
003602	-0.001
002941	-0.00100401606426
003233	-0.00100502512563
002574	-0.0010060362173
001688	-0.00101317122594
001488	-0.00101654190925
001791	-0.0010183299389
673020	-0.00106044538706
001634	-0.00109934039576
003773	-0.00119940029985
003411	-0.00119976004799
519623	-0.00130299689285
001494	-0.0013783597519
001675	-0.00146484375
000214	-0.00149476831091
003412	-0.0015006002401
001489	-0.00151730678046
001799	-0.00152817574021
002322	-0.00157728706625
001289	-0.00157977883096
000865	-0.00159489633174
001798	-0.00161596958175
519095	-0.0016501650165
001878	-0.00167644593462
003247	-0.00169474628651
001280	-0.00173611111111
350009	-0.00177777777778
001522	-0.00180197268589
001316	-0.00181653042688
003282	-0.00182500253473
001304	-0.00184162062615
001141	-0.00184331797235
002328	-0.00185013876041
001517	-0.0018691588785
001159	-0.00187617260788
002370	-0.00187617260788
002727	-0.00190839694656
001570	-0.00191754554171
002133	-0.0019267822736
003283	-0.00192815100467
519640	-0.00192864030858
519611	-0.00193610842207
002043	-0.00193798449612
519610	-0.00193986420951
002047	-0.0019436345967
519647	-0.00194552529183
001639	-0.00194931773879
002366	-0.0019512195122
001716	-0.0019550342131
001640	-0.00195886385896
002942	-0.00196078431373
002110	-0.00196078431373
519612	-0.00196463654224
501000	-0.00196656833825
003027	-0.00197044334975
002075	-0.00197238658777
003028	-0.00197433366239
002099	-0.00197433366239
003029	-0.00197823936696
001298	-0.001982160555
003304	-0.00198807157058
003305	-0.00198807157058
002503	-0.00198807157058
002502	-0.00198807157058
002538	-0.00198807157058
002539	-0.00199004975124
003248	-0.0019938191606
003036	-0.002
003601	-0.002
003230	-0.00200803212851
003231	-0.00200803212851
002626	-0.00201005025126
003035	-0.00201409869084
002100	-0.00202429149798
001792	-0.00206398348813
003772	-0.00209874075555
202212	-0.00210084033613
002513	-0.0022108330821
001939	-0.00231481481481
001394	-0.0023491824845
001395	-0.00244521771842
160638	-0.002457002457
000772	-0.002457002457
003215	-0.00249850089946
002009	-0.00251062186172
001676	-0.00254204145483
000573	-0.00263620386643
001890	-0.0026525198939
001338	-0.0026525198939
001117	-0.00265957446809
003216	-0.00269892043183
001205	-0.00275482093664
001231	-0.00277008310249
001709	-0.00278551532033
001253	-0.00280373831776
002838	-0.00281350482315
001311	-0.00281690140845
002010	-0.00282101167315
000953	-0.00282220131703
001290	-0.002849002849
001119	-0.002849002849
001796	-0.00285442435775
519127	-0.00289645184649
003713	-0.00289942011598
001284	-0.00290726817043
519641	-0.00291262135922
002871	-0.00291398713826