004355	3.2976
002853	0.842857142857
002778	0.345199568501
167301	0.271341463415
502020	0.259880887926
502048	0.209846854829
001740	0.193638914874
001840	0.189453125
377240	0.188340807175
020021	0.186607967052
000950	0.185125735688
001542	0.181311018131
001594	0.174986638161
004046	0.174927395934
001595	0.174151267727
000755	0.17219897722
160517	0.16889334224
001552	0.166059927191
168204	0.166028097063
001553	0.165142776762
001583	0.164461247637
000312	0.163830327661
000835	0.163051608078
000313	0.162667012583
161724	0.162125340599
320010	0.161904761905
370027	0.161329305136
110025	0.161087866109
370024	0.158189655172
003175	0.157939751022
161723	0.157142857143
002121	0.155737704918
519671	0.15560821485
240016	0.155391828533
001548	0.155294913725
000328	0.155254237288
519027	0.154995331466
399001	0.154858299595
310398	0.15477379215
001549	0.154648526077
161211	0.153401203147
160516	0.152858809802
160418	0.152676474224
002803	0.152413209145
169105	0.152203738638
161029	0.151483050847
161121	0.151465986789
240022	0.15142198309
168205	0.150898203593
160631	0.150857142857
001237	0.150517284885
161032	0.149851632047
502040	0.149789029536
690008	0.149147727273
001410	0.148275862069
340007	0.147887323944
410008	0.147170889693
001469	0.146352413019
001051	0.146341463415
002979	0.145244504262
001539	0.144801864802
001581	0.144422310757
240014	0.143883566691
003954	0.143777887952
160814	0.143254520167
519606	0.142685851319
000742	0.142651986596
217027	0.142493638677
160716	0.142158385093
165312	0.14199859344
530010	0.141946620635
001811	0.141074856046
213010	0.14072119613
001149	0.140467151406
020026	0.139891082369
163808	0.139745916515
003624	0.139602803738
540012	0.138951286824
002214	0.138499587799
003625	0.138048780488
003670	0.137894174238
163407	0.137595458539
379010	0.137023105857
161217	0.136636636637
003889	0.136625811103
003890	0.136339044184
110030	0.136096807415
001162	0.13591160221
001852	0.135160680529
050024	0.135090609555
001657	0.134980988593
519196	0.13458006345
001638	0.13453815261
160322	0.133984838798
169103	0.133825944171
001586	0.133482392398
001587	0.132794068082
002779	0.13161209068
001281	0.131159719356
000751	0.131067961165