001387	1.20101010101
003142	1.07187843647
003854	0.488193624557
002028	0.248390064397
000892	0.234758871702
001777	0.173359985462
002871	0.133636980328
001388	0.129423660263
003140	0.0865241173545
002045	0.0803795701926
040008	0.0716640638556
001543	0.0672430355427
310358	0.0576167612396
519991	0.0562805872757
260116	0.0557418273261
001827	0.0547703180212
260110	0.0544280442804
001521	0.0540540540541
160211	0.0532268795742
160212	0.0526955816782
519690	0.0524487094639
001048	0.0522648083624
290004	0.0510126719376
162605	0.0506863780359
003597	0.0506626562647
260108	0.0497017892644
169101	0.0496453900709
001044	0.0494296577947
100056	0.0488832701222
003596	0.0475474534862
001178	0.047539616347
570001	0.0469992260606
519066	0.046955624355
020003	0.0468521229868
290011	0.0468227424749
000551	0.0466970387244
001487	0.0463861920173
519664	0.0462677359655
519665	0.0461733080329
376510	0.0461215932914
620007	0.0459662288931
000974	0.04520222046
002360	0.0451127819549
001375	0.0450281425891
003889	0.0449290346837
070032	0.0447619047619
110011	0.0447027404328
003890	0.0445614364953
001278	0.0443396226415
160919	0.0440034512511
001112	0.0427947598253
690005	0.0427118644068
020005	0.0426695842451
001645	0.0425685425685
001758	0.0421982335623
000751	0.0420062695925
519068	0.0419243265905
002792	0.0418221087768
002667	0.0418215613383
000462	0.041713747646
002666	0.0416666666667
610002	0.041592920354
110022	0.0415902140673
002793	0.040790249656
002838	0.0405123622282
550002	0.04036426286
000423	0.0401396160558
001281	0.0400409801076
260103	0.0400169833351
610001	0.0398386698494
570008	0.0397653194263
002072	0.0397435897436
519606	0.0395177494977
001865	0.0391221374046
000854	0.0384615384615
001811	0.0384236453202
202023	0.0383693045564
162607	0.0382165605096
519979	0.0376344086022
206007	0.0375690607735
000431	0.0374238468233
690004	0.0373626373626
164908	0.0373280943026
090015	0.0372778500217
001712	0.0369003690037
003446	0.0363364858138
003447	0.036216109242
519959	0.0359788359788
000532	0.0359661495063
000929	0.0356642099587
000930	0.0353176043557
240017	0.0352308548118
070099	0.0351481736733
200015	0.034718269778
200008	0.0344681571816
260101	0.0344220025784
001603	0.0344149459194
000216	0.0343485452953
090013	0.034188034188
000217	0.0340920191462