004355	3.346569283
002853	0.826375711575
004046	0.166441658631
001583	0.147256977863
003955	0.146616910537
502020	0.138925641704
519664	0.131009615385
169103	0.130578512397
217027	0.129441624365
519665	0.128853267571
169105	0.127670396745
001852	0.127516778523
000619	0.127455077309
530015	0.126841514171
165312	0.12648422122
000248	0.125544334291
002803	0.12447786132
161725	0.123089983022
110022	0.121979964643
000751	0.120992135511
002863	0.119711042312
481012	0.119007195408
001044	0.118613138686
000462	0.118579395362
003396	0.11810012837
001657	0.117867165575
000083	0.117765273312
070023	0.117622667588
004358	0.117343322871
000970	0.117051209904