673071	0.108765195138
519177	0.0648148148148
002117	0.0563106796117
002156	0.0448780487805
002780	0.0197044334975
410009	0.0113390928726
040015	0.0104947526237
001662	0.0103871576959
001262	0.00884955752212
003713	0.00849830033993
003714	0.00829834033193
002371	0.007866273353
002533	0.00776774444121
003397	0.00701402805611
001499	0.00557620817844
000408	0.00552486187845
160512	0.00544535200311
001073	0.00505443234837
020026	0.00498657460683
003378	0.00439912017596
519062	0.00409836065574
673050	0.00393700787402
000585	0.00375234521576
003485	0.0036963036963
003484	0.00369593447208
000414	0.00344530577089
003250	0.0032967032967
003251	0.00309814111533
003475	0.0030959752322
002655	0.00302419354839
003556	0.003
161725	0.00296150049358
001535	0.00292397660819
003182	0.00289942011598
003183	0.00269946010798
003751	0.00259948010398
000844	0.00258397932817
003797	0.0024
003798	0.0023
002938	0.00220308431805
003690	0.0022
000753	0.00219002695418
003610	0.00209874075555
001791	0.0020366598778
003555	0.002
003350	0.00199920031987
002128	0.001998001998
001641	0.00197238658777
001491	0.00193661971831
003689	0.0019