002853	0.786703601108
002778	0.329424307036
001840	0.187134502924
161724	0.17817679558
110025	0.177094379639
003624	0.176837237358
168204	0.176546391753
003625	0.175907258065
003858	0.172488609243
003857	0.172230652504
240022	0.171227521501
690008	0.164028776978
161032	0.163663663664
001740	0.150586113616
161217	0.14871016692
160221	0.147740440324
257060	0.141304347826
050024	0.140900195695
160620	0.139650872818
002910	0.139650334556
161819	0.135893648449
502020	0.134015594542
167301	0.131103074141
000755	0.12653024752
001594	0.122319787625
001595	0.122073921971
001558	0.118639380531
001559	0.118448491589
000312	0.118311062298
002779	0.118232731798
502048	0.118142472804
000313	0.117929529155
160517	0.117866269165
003175	0.116660557185
377240	0.115789473684
519195	0.115620040807
519196	0.115397242285
001120	0.115304653766
001121	0.114365183246
161029	0.113729508197
161723	0.11310782241
001542	0.112278397899
003954	0.111485835421
001811	0.111214953271
160418	0.110396570204
002669	0.110275689223
160631	0.110253583241
161121	0.110167597765
161715	0.109938434477
168205	0.109699769053
001581	0.105871029836
001359	0.101492537313
370024	0.100778369521
020021	0.100566385669
519172	0.100099108028
168203	0.1
519173	0.0993975903614
519125	0.0990502035278
001654	0.0986055776892
519176	0.0981595092025
003986	0.0975491620653
160716	0.0954650383498
240016	0.0952380952381
161211	0.0946420729029
004212	0.09375
160814	0.093085106383
167702	0.0928620928621
110030	0.0920655348216
001539	0.0920572800854
167703	0.0919642857143
519672	0.0912298387097
000742	0.0909506398537
519027	0.0908289241623
004358	0.0907088122605
001583	0.0902654867257
519113	0.0902374670185
519671	0.0901639344262
519120	0.0900649953575
519674	0.090018397296
310398	0.0899731747988
001469	0.0894933333333
502023	0.0893617021277
100038	0.0893316195373
002979	0.0891733333333
398061	0.0889664195377
502040	0.0889110889111
001974	0.0887966804979
379010	0.0884773662551
004091	0.0884483415936
001548	0.0882821629661
002214	0.0882584712372
001549	0.0880341880342
001074	0.0879498584715
000877	0.0877972302064
399001	0.0877025738799
001313	0.0869565217391
165520	0.0868838763576
001237	0.086759623406
000835	0.0866526904263
519193	0.0866157356881
000311	0.0865019011407
530010	0.0862700517873
001605	0.0862068965517
000950	0.0861836459483
000251	0.0857252200536
001726	0.0855397148676
000073	0.0853242320819
001051	0.0850546780073
001552	0.0849400729547
001553	0.0847302252488
001410	0.0846905537459
320010	0.0844444444444
001852	0.0839350180505
160516	0.0833333333333
000925	0.0831826401447
001875	0.0830721003135
163407	0.0830652425685
519181	0.0829969727548
519686	0.0829769033362
001626	0.0821299638989
001460	0.0820858895706
002973	0.0819108436694
001305	0.0817307692308
001569	0.0816901408451
003548	0.0811685808988
001984	0.0811594202899
002121	0.0809199318569
410008	0.0805742485419
001047	0.0805639476334
001837	0.0805577072037
240014	0.0804837727312
004092	0.0802149118673
001878	0.0801124385102
004263	0.0798816568047
001849	0.0793825799338
001267	0.07917383821
002067	0.0791229742612
213010	0.0790349417637
001287	0.0787346221441
002036	0.0783174938402
164508	0.0775956284153
000531	0.0772128060264
163808	0.0771869639794
000328	0.0771175726928
001864	0.0770659238626
001459	0.0760974666409
002975	0.0757384987893
000273	0.0756756756757
001586	0.0756418417144
370027	0.0755456071628
002588	0.0754467240238
001587	0.0754052901024
004477	0.0753015001471
002939	0.0752737646084
162307	0.0745732255166
003876	0.0742650384441
519026	0.0742459396752
360007	0.074213836478
050010	0.0741885625966
002385	0.0741446376121
001008	0.0741127348643
004482	0.073907839617
530015	0.0738023305999
003579	0.0737990034784
003670	0.0735175473981
169104	0.0734693877551
001392	0.0732396935425
160322	0.0731201382887
180033	0.0730897009967
001393	0.0728213658627
000940	0.0727432077125
001616	0.0724980299448
003261	0.0720115218435
003015	0.0717187942927
004746	0.0717073998642
200011	0.0716753022453
004483	0.0716280925778
001482	0.0715725806452
519139	0.0713949769542
020026	0.0713371721049
620008	0.0713012477718
001795	0.0712742980562
040180	0.0711468685913
050013	0.0711211534323
000176	0.0709972394755
519606	0.0707865168539
003262	0.0707837111026
502006	0.0701962110961
519033	0.0700169395822
162214	0.069848661234
162209	0.0696832579186
167503	0.0696629213483
376510	0.0690537084399
163822	0.0689836756187
519025	0.0684830633284
070023	0.0684718533394
000042	0.0681892546299
000688	0.067887109077
003446	0.0677627395767
001149	0.0677108433735