002059	0.939178515008
002061	0.926385442514
002425	0.611
002186	0.394658753709
160512	0.383092562868
410009	0.382117820686
229002	0.376242804814
001421	0.360878661088
000523	0.357142857143
040025	0.350761630301
020026	0.350515463918
160127	0.346656976744
001017	0.337711069418
000628	0.330769230769
000866	0.330409356725
519704	0.329232283465
168101	0.324853228963
160212	0.318019093079
519975	0.317857142857
000309	0.317055393586
001938	0.315950920245
519712	0.315550510783
160211	0.307442049614
519983	0.301689860835
519606	0.301236749117
180031	0.298616761595
200012	0.297327394209
001887	0.294117647059
161725	0.29262086514
001449	0.291370558376
202019	0.291098636728
210004	0.290981281906
519965	0.290946083418
660010	0.290898002744
001243	0.290156203949
001242	0.289904200442
001897	0.288551401869
519002	0.288161993769
001445	0.287458379578
000527	0.286
519702	0.282148260212
000577	0.281287970838
519125	0.280224179343
001397	0.277983957859
020023	0.277535780958
000478	0.275779108152
519736	0.275362318841
001626	0.275344180225
000418	0.274426508071
519176	0.273381294964
001473	0.270666666667
519697	0.269363166954
000363	0.268448576409
519732	0.267236119585
001056	0.267105263158
000742	0.265957446809
000127	0.265065230897
519909	0.262815296989
001985	0.262513904338
580003	0.259129418639