002061	0.934264585045
210009	0.288793103448
161725	0.276649746193
168101	0.252707581227
100022	0.236836208828
000586	0.21923335575
000742	0.216030056356
001877	0.212362911266
200015	0.211636363636
002553	0.208049535604
001302	0.204703832753
519126	0.20313790256
160632	0.202917771883
160222	0.201699095643
398021	0.20019020447
001479	0.198292220114
050014	0.197877652934
160635	0.196859903382
110011	0.195417402373
001542	0.194899817851
000866	0.194158075601
001072	0.192083818393
001018	0.190909090909
001616	0.190147783251
002207	0.18961038961
100060	0.189602446483
160225	0.188744137572
398061	0.188025729837
110022	0.185848252344
519704	0.185066422355
001694	0.181636726547
000628	0.180458624128
162607	0.179624664879
580001	0.17859049653
160215	0.177812745869
002236	0.177777777778
160127	0.176800748363
580003	0.176410998553
180012	0.176409792649
210004	0.176165803109
050018	0.175339366516
740001	0.175330396476
377020	0.174893756129
080015	0.173708920188
000294	0.173314993122
630011	0.172240802676
000418	0.171984435798
001632	0.171086398631
001631	0.171023151606
000794	0.169209431345
000778	0.168902920284
000971	0.168598524763
160624	0.168389955687
519975	0.168387609214
000796	0.168035847647
519002	0.167613636364
630005	0.167049105094
000654	0.167046317388
001113	0.16656285038
001158	0.166427546628
110013	0.166345226615
160605	0.164590747331
160212	0.164341085271
200006	0.162052988
229002	0.161365762395
240004	0.161240200579
162208	0.16114790287
162202	0.16113422192
660010	0.160928961749
610005	0.16090712743
519125	0.160751565762
001915	0.160714285714
160512	0.159673024523
002244	0.159378036929
161225	0.159242761693
001487	0.158803222094
020001	0.15838150289
001985	0.157949790795
000248	0.157701571281
519176	0.157162726008
160211	0.156722689076
377240	0.15662055336
519698	0.156155245603
420005	0.155629139073
213002	0.155201063476
002168	0.155156102176
161606	0.155138339921
000619	0.154787234043
000800	0.154332129964
020005	0.154057771664
002082	0.154
202009	0.153937947494
000127	0.153735721865
160627	0.152755905512
460009	0.151943462898
217012	0.151754385965
000574	0.151330798479
000940	0.151152073733
370027	0.150743099788
000913	0.150560872697