001387	1.20546558704
003142	1.0725
003854	0.49703087886
002028	0.248390064397
000892	0.235883424408
001777	0.177747378021
002871	0.170385192596
001388	0.132860040568
160211	0.112047769582
160212	0.109829059829
519690	0.10741643454
310358	0.105635409537
206007	0.104705882353
001645	0.103896103896
000431	0.103703703704
000854	0.100313479624
020003	0.0983102918587
001044	0.0952380952381
002514	0.0907297830375
110011	0.0902986729167
161725	0.0900090009001
110022	0.0888746803069
040008	0.0883778306459
000974	0.0883567299752
003140	0.0878223638355
020005	0.0854214123007
519066	0.0850267379679
260116	0.0848406546081
169101	0.0846905537459
162605	0.0826985854189
260108	0.0819672131148
001543	0.0817916260954
376510	0.0816473988439
002045	0.0805806271518
001048	0.0805008944544
200015	0.0795724465558
260110	0.0793201133144
519068	0.0790773405699
070032	0.07866273353
000551	0.0786384976526
001521	0.0783410138249
001827	0.0776173285199
002666	0.0775862068966
002667	0.0768491834774
100056	0.0765570934256
002581	0.0752475247525
180012	0.0751805808068
000423	0.0748422001803
002851	0.0747074707471
001487	0.0741971207087