004128	0.245904527039
519772	0.10897994769
004854	0.0993304686719
004855	0.0991702489253
501002	0.0970677451972
003834	0.0932126696833
001728	0.0841487279843
519732	0.0817021276596
001714	0.081038552321
160225	0.0800754920464
161028	0.0788381742739
169105	0.0757487641756
000880	0.075416968818
003940	0.0743124186011
001985	0.0742811501597
002803	0.0737294201861
000619	0.0724273933309
003984	0.0718960359013
003985	0.0718309859155
165523	0.0715705765408
000404	0.0713035870516
004315	0.0697236180905
000586	0.0677419354839
519778	0.0675319789315
164905	0.0672748004561
001186	0.0671217292378
002624	0.0666666666667
001543	0.0658333333333
000063	0.0657969370391
001076	0.0654320987654
169104	0.0653930933137
001048	0.0634299138606
100056	0.0634016704632
001487	0.0633445945946
470028	0.0632368703108
161725	0.0626721763085
501010	0.0618324350808
501009	0.0617537678606
350005	0.0616713091922
519196	0.0616663174803
000969	0.0613254203759
002692	0.0612648221344
164821	0.0609756097561
000248	0.0609448818898
519673	0.0606293169609
001112	0.060382916053
003154	0.060230370175
160640	0.0601769911504
001879	0.0599803343166
001156	0.059880239521
161122	0.0584387265591
502003	0.0583915457639
003396	0.0583180841754
002168	0.0581818181818
519651	0.057761732852
001616	0.0574060949681
169103	0.0573654390935
519704	0.0566772936592
660010	0.0566555577338
100060	0.0565371024735
004249	0.0562851782364
160632	0.0560200668896
001631	0.0557809330629
001632	0.0555860446884
540008	0.0554089709763
180031	0.0549943883277
004183	0.0539327987782
000127	0.0535054465185
001071	0.0534813319879
169102	0.0533617929562
001060	0.0533333333333
002654	0.0526859504132
002189	0.0525803310613
002142	0.0523917995444
163411	0.0522787339651
001712	0.0520504731861
160212	0.0518248175182
000970	0.0515106488361
002593	0.050929668553
001473	0.0507290400972
519115	0.0504095778198
001179	0.050408447898
004138	0.0503746056782
165508	0.0501888828926
000173	0.0500708549835
001532	0.0498084291188
210009	0.0496453900709
000409	0.0495626822157
519606	0.0495356037152
000936	0.0494350282486
519702	0.0491613649508
004091	0.0490366255858
161726	0.0490045941807
001410	0.0489604292421
001321	0.0484261501211
000940	0.0483359746434
000462	0.0483345855247
163818	0.0482664853841
001672	0.0481154771451
003494	0.0481079954133