002117	0.0682261208577
519177	0.0639481000927
002156	0.0498046875
001535	0.0215475024486
001281	0.0212569316081
002072	0.0203139427516
001528	0.0186335403727
001811	0.0181623931624
001875	0.0173761946134
002803	0.0173410404624
001662	0.017094017094
000929	0.0170603674541
000216	0.0168339924957
002332	0.0166099659796
000217	0.0165835792044
519156	0.0164168451106
000218	0.0162818235642
001838	0.0161812297735
000930	0.0161765817522
002333	0.0160144129717
002533	0.0157787084835
519157	0.0152855993564
000307	0.0150304813958
002610	0.014979283969
002963	0.0146238821673
000979	0.014606741573
002334	0.0145142957069
002611	0.0144881218707
002335	0.0141588250813
001104	0.013230429989
002121	0.0131048387097
501023	0.0130430420387
001333	0.0126239855726
002374	0.0126239855726
519091	0.0117753623188
161225	0.0116279069767
001938	0.0112546125461
001262	0.0108161258604
002443	0.010752688172
001073	0.0105948678072
002564	0.0105263157895
519779	0.0100200400802
501025	0.00995575221239
001810	0.00993377483444
002371	0.00983284169125
040011	0.00934833414859
001874	0.00914634146341
003030	0.00893743793446
002057	0.00862895493768
002804	0.00854021847071
000273	0.008356545961
001942	0.00825688073394
001371	0.00769230769231
002058	0.00767754318618
502023	0.00753498385361
001206	0.00738688827331
001943	0.00738007380074
001431	0.00715990453461
001508	0.00711743772242
003862	0.0071
003861	0.007
001837	0.00697471665214
001824	0.00692383778437
001891	0.00688298918387
166020	0.00687622789784
180012	0.00687137642259
001564	0.00676246830093
003279	0.00649220934878
002934	0.00639616230262
003250	0.00639488409273
001510	0.00625
110022	0.00619834710744
001670	0.00613496932515
002935	0.00610427299109
000414	0.00602928509905
003251	0.00599760095962
000849	0.00586560855689
001671	0.00571973307912
003502	0.0057
001342	0.00564174894217
002029	0.00556070435589
001185	0.00555041628122
000850	0.00550253632534
003503	0.0055
001974	0.00549954170486
001207	0.00545950864422
001530	0.00539676194283
003751	0.00529735132434
001321	0.0051724137931
001355	0.00504201680672
002233	0.00497512437811
002129	0.00496524329692
002434	0.00494071146245
002853	0.00493096646943
001703	0.00492610837438
001356	0.0049115913556
002462	0.00488758553275
002461	0.0048828125
002227	0.00486381322957
002297	0.00481695568401
001112	0.00477554918816
519761	0.0047664442326
002228	0.00474833808167
000110	0.00471698113208
001504	0.00468164794007
162414	0.00429585356743
003144	0.00411022886502
002655	0.00402010050251
001533	0.00398009950249
002615	0.0039603960396
002614	0.0039603960396
002435	0.00395256916996
002854	0.00394477317554
673050	0.00393700787402
002157	0.00392156862745
519770	0.00390625
001845	0.00389483933788
001343	0.00385356454721
001685	0.00383141762452
519755	0.00380228136882
003169	0.00378825640514
002013	0.00378071833648
001254	0.00376647834275
002313	0.00376647834275
001422	0.00376647834275
000585	0.0037488284911
002028	0.00372439478585
000892	0.00369003690037
003170	0.00358994814519
002214	0.00357142857143
000844	0.00353982300885
003490	0.00349022736338
002076	0.00336473755047
001882	0.00335073977372
166005	0.00330250990753
003491	0.00329177057357
002778	0.00327510917031
003734	0.00309659374688
002561	0.00302419354839
003556	0.002997002997
002128	0.002997002997
002973	0.00299544692068
001460	0.00299508805559
002518	0.00299401197605
003057	0.00299251870324
002115	0.00297914597815
002114	0.00297619047619
002262	0.00294406280667
519771	0.00293255131965
519769	0.00293255131965
519768	0.00292682926829
002618	0.00292682926829
001266	0.00292397660819
002619	0.00292397660819
002261	0.00292112950341
001229	0.00291572610986
165527	0.00290697674419
002290	0.00290135396518
001582	0.00290135396518
165526	0.00289296046287
001345	0.00287081339713
001506	0.00285714285714
001423	0.002849002849
002309	0.00284629981025
001499	0.0028328611898
002014	0.00282752120641
003820	0.0028
003735	0.00279748226596
003475	0.00279218189071
002668	0.00279069767442
001362	0.00278293135436
000708	0.00276497695853
002653	0.00275988960442
001287	0.00274977085243
770001	0.00274662394141
001215	0.00271370420624
001347	0.00270758122744
003821	0.0027
001216	0.0026714158504
001491	0.00263852242744
002555	0.00261437908497
519183	0.0026126253354
002583	0.00258397932817
290012	0.0025817555938
002779	0.00254452926209
260112	0.00249843847595
001379	0.00244498777506
003414	0.00239353744889
002106	0.00235871308614
003058	0.00229793186132
000248	0.00207080169609
002767	0.00206916937629
003106	0.00201207243461
003105	0.00201207243461
003104	0.00200400801603
002728	0.002002002002
002130	0.002
003555	0.001998001998
003415	0.00199560965875
519781	0.00199004975124
001923	0.00199004975124
001014	0.00198807157058
002091	0.00198094519385
210001	0.00197361587203
001641	0.00197238658777
519760	0.00197044334975
002149	0.00194741966894
519752	0.0019436345967
001846	0.0019267822736
002312	0.00192122958694
002659	0.00192122958694
002660	0.00191570881226
001507	0.00191021967526
002301	0.00190657769304
003413	0.00189943017095
001286	0.00189753320683
001285	0.00188501413761
001503	0.00187617260788
001334	0.00187617260788
001389	0.00187265917603
001183	0.00187090739008
002036	0.00183318056829
002134	0.00181818181818
001217	0.00179856115108
540002	0.0017873100983
540006	0.00177841683063
001761	0.00177147918512
000932	0.00174978127734
002923	0.00172562553926
001474	0.00170794192997
003158	0.00168600614896
003154	0.00161046804227
003140	0.0015992003998
002045	0.00158878504673
001777	0.00157494904577
000590	0.00154918667699
519613	0.00149372634933
001636	0.00144678542364
001635	0.00143317807238
003141	0.00129961011696
519619	0.00129844186976
001412	0.00125603864734
002791	0.00100401606426
002034	0.00100300902708
002033	0.00100200400802
002729	0.001001001001
002131	0.001001001001
003187	0.000999000999001
002516	0.000998003992016
160921	0.000998003992016
002576	0.000997008973081
000166	0.000996015936255
002575	0.000996015936255
002414	0.000993048659384
519764	0.000993048659384
002067	0.000985221674877
002769	0.000978473581213
001755	0.000973709834469
002116	0.000973709834469
001414	0.000971817298348
002536	0.000971817298348
002494	0.000970873786408
001390	0.000968992248062
002081	0.000965250965251
002237	0.000965250965251
002148	0.000961538461538
001467	0.00095785440613
001413	0.000952380952381
001566	0.000950570342205
001567	0.000950570342205
001324	0.000947418285173
001139	0.000943396226415
001466	0.00093984962406
001429	0.000916590284143
001762	0.00090661831369
519615	0.000897666068223
001173	0.000894454382826
000933	0.000893655049151
002027	0.000866718027735
001547	0.000862812769629
519062	0.000819000819001
210010	0.000742115027829
003667	0.000699580251849
750005	0.000637755102041
003586	0.000604229607251
400023	0.00055480700642
519620	0.000499900019996
001700	0.000490677134446
001778	0.00046533271289
002835	0.000400280196137
002833	0.000400240144087
002388	0.000392772977219
002112	0.000388575869438
003142	0.000300963081862
002836	0.0003003003003
519614	0.000299281723863
002068	0.000239100980314
002834	0.000200180162146
002063	0.0
001312	0.0
519618	0.0
002327	0.0
001524	0.0
673030	0.0
519756	0.0
002041	0.0
002042	0.0
001249	0.0
003271	0.0
501022	0.0
002517	0.0
000178	0.0
002851	0.0
002211	0.0
002212	0.0
002186	0.0
002431	0.0
000512	0.0
003062	0.0
002430	0.0
002089	0.0
002083	0.0
002084	0.0
519646	0.0
002535	0.0
001757	0.0
001756	0.0
000572	0.0
000571	0.0
000974	0.0
003434	0.0
002413	0.0
002144	0.0
002090	0.0
080008	0.0
001834	0.0
001485	0.0
001226	0.0
001580	0.0
002035	0.0
002030	0.0
519621	0.0
001597	0.0
001598	0.0
003345	0.0
003346	0.0
003232	0.0
003234	0.0
003235	0.0
001174	0.0
001470	0.0
002557	-9.86874568242e-05
001172	-0.000184484826123
210011	-0.000196020778202
400022	-0.000242738085606
001381	-0.000374496769965
003063	-0.000402657539762
003587	-0.000402941472751
002193	-0.000490757402257
002699	-0.000501856870421
002700	-0.000602409638554
001315	-0.000619578686493
000215	-0.000670241286863
002062	-0.000670690811536
000511	-0.000670690811536
519624	-0.000701613711537
003272	-0.000703305536019
160127	-0.000739644970414
002326	-0.000869565217391
001633	-0.000899370440691
519969	-0.000927643784787
001194	-0.000930232558139
002375	-0.000935453695042
001265	-0.000940733772342
002055	-0.000940733772342
001273	-0.000942507068803
002810	-0.000945179584121
001402	-0.00094696969697
001418	-0.000952380952381
002273	-0.00095328884652
001228	-0.000964320154291
002222	-0.000970873786408
002365	-0.000970873786408
001464	-0.000971817298348
519653	-0.000973709834469
003026	-0.000985221674877
519652	-0.000987166831194
001823	-0.000989119683482
002330	-0.000996015936255
003512	-0.000997008973081
003493	-0.000998003992016
002819	-0.000999000999001
002820	-0.000999000999001
003602	-0.001
002941	-0.00100401606426
003233	-0.00100502512563
002574	-0.0010060362173
001688	-0.00101317122594
001488	-0.00101654190925
001791	-0.0010183299389
673020	-0.00106044538706
001634	-0.00109934039576
003773	-0.00119940029985
003411	-0.00119976004799
519623	-0.00130299689285
001494	-0.0013783597519
001675	-0.00146484375
000214	-0.00149476831091
003412	-0.0015006002401
001489	-0.00151730678046
001799	-0.00152817574021
002322	-0.00157728706625
001289	-0.00157977883096
000865	-0.00159489633174
001798	-0.00161596958175
519095	-0.0016501650165
001878	-0.00167644593462
003247	-0.00169474628651
001280	-0.00173611111111
350009	-0.00177777777778
001522	-0.00180197268589
001316	-0.00181653042688
003282	-0.00182500253473
001304	-0.00184162062615
001141	-0.00184331797235
002328	-0.00185013876041
001517	-0.0018691588785
001159	-0.00187617260788
002370	-0.00187617260788
002727	-0.00190839694656
001570	-0.00191754554171
002133	-0.0019267822736
003283	-0.00192815100467
519640	-0.00192864030858
519611	-0.00193610842207
002043	-0.00193798449612
519610	-0.00193986420951
002047	-0.0019436345967
519647	-0.00194552529183
001639	-0.00194931773879
002366	-0.0019512195122
001716	-0.0019550342131
001640	-0.00195886385896
002942	-0.00196078431373
002110	-0.00196078431373
519612	-0.00196463654224
501000	-0.00196656833825
003027	-0.00197044334975
002075	-0.00197238658777
003028	-0.00197433366239
002099	-0.00197433366239
003029	-0.00197823936696
001298	-0.001982160555
003304	-0.00198807157058
003305	-0.00198807157058
002503	-0.00198807157058
002502	-0.00198807157058
002538	-0.00198807157058
002539	-0.00199004975124
003248	-0.0019938191606
003036	-0.002
003601	-0.002
003230	-0.00200803212851
003231	-0.00200803212851
002626	-0.00201005025126
003035	-0.00201409869084
002100	-0.00202429149798
001792	-0.00206398348813
003772	-0.00209874075555
202212	-0.00210084033613
002513	-0.0022108330821
001939	-0.00231481481481
001394	-0.0023491824845
001395	-0.00244521771842
160638	-0.002457002457
000772	-0.002457002457
003215	-0.00249850089946
002009	-0.00251062186172
001676	-0.00254204145483
000573	-0.00263620386643
001890	-0.0026525198939
001338	-0.0026525198939
001117	-0.00265957446809
003216	-0.00269892043183
001205	-0.00275482093664
001231	-0.00277008310249
001709	-0.00278551532033
001253	-0.00280373831776
002838	-0.00281350482315
001311	-0.00281690140845
002010	-0.00282101167315
000953	-0.00282220131703
001290	-0.002849002849
001119	-0.002849002849
001796	-0.00285442435775
519127	-0.00289645184649
003713	-0.00289942011598
001284	-0.00290726817043
519641	-0.00291262135922
002871	-0.00291398713826
000954	-0.00293255131965
003256	-0.00294685499441
000714	-0.00297619047619
002617	-0.00297619047619
000278	-0.00297914597815
003031	-0.00298210735586
001970	-0.00298210735586
002580	-0.00298210735586
001283	-0.00299093373212
519222	-0.00299102691924
002135	-0.003
001264	-0.003003003003
519949	-0.00301204819277
002627	-0.00301507537688
003117	-0.00303336703741
002669	-0.00304259634888
003257	-0.00304940028461
002178	-0.00308324768756
000527	-0.00308324768756
003714	-0.00309938012398
160517	-0.00317352374476
202021	-0.00319300899084
003353	-0.00322158461693
001447	-0.00326766875175
001314	-0.00330578512397
003354	-0.00332292820461
519224	-0.00332393231265
001067	-0.00340960071781
000597	-0.00345125107852
000314	-0.00348918353105
519223	-0.00352680370818
001772	-0.00354295837024
001380	-0.00356059607016
164205	-0.00361663652803
001295	-0.00362976406534
002373	-0.00362976406534
002059	-0.00363783346807
000667	-0.00370027752081
163411	-0.00375911008822
001686	-0.00377002827521
002052	-0.00378214826021
673040	-0.00379867046534
001260	-0.00380228136882
050013	-0.00380611216836
673043	-0.00383141762452
001189	-0.00383509108341
001320	-0.00383877159309
000526	-0.00385802469136
001585	-0.003861003861
519971	-0.00387221684414
001866	-0.00387596899225
161121	-0.00392655040998
001997	-0.0039331366765
002408	-0.00393700787402
519961	-0.00395647873393
217017	-0.00396510705789
002231	-0.00397219463754
002547	-0.00397614314115
002049	-0.00398009950249
519960	-0.00398009950249
002514	-0.004004004004
002581	-0.004004004004
002821	-0.00400801603206
002582	-0.00401203610832
002822	-0.00401203610832
003118	-0.00404448938322
003143	-0.00413306451613
420009	-0.00415512465374
180028	-0.00418702023726
002017	-0.00421644413212
002639	-0.00421982335623
001146	-0.0044286979628
001910	-0.00451197053407
001571	-0.00451263537906
519672	-0.00452488687783
000619	-0.00454132606721
001951	-0.00461680517082
001405	-0.00464252553389
310318	-0.00467806841046
001407	-0.0046904315197
001610	-0.00470809792844
003148	-0.00471603451736
680001	-0.00472143531634
001247	-0.00473350373947
001687	-0.00473484848485
000672	-0.00475285171103
001443	-0.00475285171103
001411	-0.00478468899522
002158	-0.00478468899522
160520	-0.00479712172696
003149	-0.00481782595604
002643	-0.0048971596474
160136	-0.00490196078431
002616	-0.00495540138751
002436	-0.00496031746032
002232	-0.00496524329692
000125	-0.00497512437811
002624	-0.00497512437811
519221	-0.0049850448654
001433	-0.00500500500501
002136	-0.00500500500501
630011	-0.00500556173526
002515	-0.00501002004008
519134	-0.00501002004008
502006	-0.00502407368641
002831	-0.00505561172902
001110	-0.00505780346821
180003	-0.0050797521081
762001	-0.00520307937351
003165	-0.00521251002406
000747	-0.00522534291313
110011	-0.0052981020723
000121	-0.00532623169108
360006	-0.00540796963947
001430	-0.00547445255474
001111	-0.00547445255474
001168	-0.00551977920883
001572	-0.00551977920883
001201	-0.00558139534884
001727	-0.00558659217877
002307	-0.00560224089636
000242	-0.00563777307963
001609	-0.0056657223796
001147	-0.00567644276254
002097	-0.00571428571429
001358	-0.00572519083969
002770	-0.00572519083969
001444	-0.00574712643678
002051	-0.00575263662512
002098	-0.00576368876081
001392	-0.00576368876081
000664	-0.00581395348837
003166	-0.00581803591133
001626	-0.00584225900682
001393	-0.00584225900682
001406	-0.00584795321637
002485	-0.00585284280936
000480	-0.00587084148728
160521	-0.00591241607375
002498	-0.00592300098717
002409	-0.00592300098717
002410	-0.00592885375494
001601	-0.00594059405941
470007	-0.00595829195631
161725	-0.00595829195631
160522	-0.00597014925373
001122	-0.0059731666973
001261	-0.00599400599401
002497	-0.00600716984788
502048	-0.00603433622302
001809	-0.00603621730382
001196	-0.00607988027313
001250	-0.00610672679444
002225	-0.0061099796334
001972	-0.0061135371179
002226	-0.00613496932515
001335	-0.00615655233069
050029	-0.00628357150096
001136	-0.00629496402878
001123	-0.00630154758595
001427	-0.00641025641026
002331	-0.0064453125
000841	-0.00644567219153
002192	-0.00645463049579
000843	-0.00648148148148
001142	-0.00654205607477
002018	-0.00655800945125
002294	-0.0065828257025
001190	-0.00661881234269
002771	-0.00667938931298
001815	-0.00670498084291
001802	-0.00671140939597
001803	-0.00672430355427
001252	-0.00674373795761
002092	-0.00678294573643
002670	-0.00678371907422
673073	-0.0068
001059	-0.0068093385214
001336	-0.00681818181818
002082	-0.00683760683761
002194	-0.00687622789784
002418	-0.00691016781836
000256	-0.00692383778437
001602	-0.00694444444444
003190	-0.00695825049702
470021	-0.00696517412935
002019	-0.00696594427245
001191	-0.00696667294295
000972	-0.00698602794411
003191	-0.00700700700701
000887	-0.00700700700701
673060	-0.00702106318957
002604	-0.00702106318957
519642	-0.00704225352113
001505	-0.00704845814978
519963	-0.00704845814978
002671	-0.00708582834331
202007	-0.00709219858156
001337	-0.00709219858156
000695	-0.00710227272727
002545	-0.0071738910781
001399	-0.00719424460432
001182	-0.00720072007201
001495	-0.00720080211467
001400	-0.00725952813067
001047	-0.00728407908429
001446	-0.00730593607306
540012	-0.00734839640135
001651	-0.00738688827331
001221	-0.00745573159366
001484	-0.00747991504294
001955	-0.00749063670412
519962	-0.0075117370892
002162	-0.00754147812971
001156	-0.00760043431053
001051	-0.00763358778626
002039	-0.00764818355641
001584	-0.00767018216683
001954	-0.00769971126083
002040	-0.00775945683802
002093	-0.00778967867575
000894	-0.00783972125436
161834	-0.00799200799201
001947	-0.008
001164	-0.00804289544236
002772	-0.00805639476334
001149	-0.00810829382258
270050	-0.00812064965197
160630	-0.00817438692098
000835	-0.00820895522388
162203	-0.00821794438816
240016	-0.00825877494838
003044	-0.00829502298621
000436	-0.00829875518672
206001	-0.00836458032881
160716	-0.00838524197413
002187	-0.00841121495327
001565	-0.00842358604091
000367	-0.00850734725445
163808	-0.0085146641438
001927	-0.00856164383562
001841	-0.00857142857143
001928	-0.00859845227859
001303	-0.00867888138862
002323	-0.00869565217391
001775	-0.00870230467629
001331	-0.00880902043693
310308	-0.00884955752212
000639	-0.00884955752212
001237	-0.00885176411919
001764	-0.00886699507389
090009	-0.00886917960089
002172	-0.00890410958904
003045	-0.00890445222611
253010	-0.00891530460624
002061	-0.0089475926715
002845	-0.00901803607214
501050	-0.00902708124373
519130	-0.00902777777778
002623	-0.00904522613065
001896	-0.00907258064516
320011	-0.00920245398773
001325	-0.00921527645829
540001	-0.0092210415386
001449	-0.00941176470588
001375	-0.00942507068803
001708	-0.00947867298578
001326	-0.00957212596918
160133	-0.00959909655562
001801	-0.00961538461538
000928	-0.00965665236052
001263	-0.00969932104753
001840	-0.00969932104753
001332	-0.0097164386278
310398	-0.00977407466752
630005	-0.00979557069847
160632	-0.00983606557377
001068	-0.00991189427313
001664	-0.00992063492063
001665	-0.00995024875622
001165	-0.0100640439158
001007	-0.0101289134438
540003	-0.0101305992921
001492	-0.0101348027157
160631	-0.0102272727273
540009	-0.0103137552926
002101	-0.0103383458647
620007	-0.0103675777568
002102	-0.0104364326376
001493	-0.0104685942173
481008	-0.0105973025048
001178	-0.0106007067138
690007	-0.010611419909
110003	-0.0106157112527
002165	-0.0106280193237
487021	-0.0106458481192
002372	-0.0106796116505
001704	-0.0107843137255
501017	-0.0107963549921
110012	-0.0107991360691
161222	-0.0108374384236
001650	-0.0108588351431
090010	-0.0108843537415
360010	-0.0108861055835
519011	-0.0109223300971
001622	-0.0109467455621
001115	-0.011011011011
001453	-0.0110900473934
002190	-0.0111403686449
001053	-0.0111788617886
001408	-0.0111848341232
003119	-0.0112244897959
002141	-0.0113225499524
160813	-0.0114649681529
001424	-0.0114654591001
001454	-0.0114700822023
002021	-0.0115163147793
050002	-0.0115836505047
001425	-0.0116845180136
001548	-0.0116848430892
100053	-0.0116959064327
001712	-0.0117878192534
002715	-0.011811023622
002938	-0.0119808306709
168103	-0.012012012012
000877	-0.0120210896309
001116	-0.0120240480962
003343	-0.0121126476229
002385	-0.0121252387675
210002	-0.0121399666746
001549	-0.0121828545881
519671	-0.0121852152721
001318	-0.0123059447179
001327	-0.0123184408899
002001	-0.0123762376238
002159	-0.0124045801527
162703	-0.0125156445557
213010	-0.0125448028674
180033	-0.0125628140704
320015	-0.0125984251969
519656	-0.0126655152562
001203	-0.0126811594203
400013	-0.0126903553299
020021	-0.0126949827807
001198	-0.0127157972898
002726	-0.0127450980392
001328	-0.0127471102949
040180	-0.0127476453394
161722	-0.0127737226277
002411	-0.0127826941986
110021	-0.0128360377815
160226	-0.0128495842782
270002	-0.012900315742
001463	-0.0129107981221
003344	-0.0129253761486
240014	-0.0129342900302
002163	-0.0129978646365
160220	-0.0130769230769
002060	-0.0131178707224
003064	-0.0131313131313
002558	-0.0131845841785
519616	-0.0132437042239
001204	-0.0132625994695
519686	-0.0132860938884
002142	-0.0132978723404
000398	-0.0133206470029
000577	-0.0133394664213
003131	-0.0133452843342
519027	-0.0133809099019
519180	-0.0133906633907
002054	-0.0133971291866
002056	-0.0134357005758
165317	-0.0134362779505
000120	-0.0134813639968
001903	-0.0135396518375
002015	-0.0135922330097
001904	-0.0136736554239
166301	-0.0137362637363
003175	-0.0137730358875
519617	-0.0138651662815
000936	-0.0138888888889
519657	-0.0139453805927
000311	-0.0140114167099
002540	-0.0140562248996
257060	-0.0140845070423
000854	-0.0141196013289
502003	-0.0141640519946
050012	-0.0141843971631
002559	-0.0142131979695
163407	-0.0142430348086
160642	-0.0142772745175
040190	-0.0142970611597
000496	-0.0143266475645
002376	-0.014409221902
690005	-0.01443001443
001897	-0.014505893019
001594	-0.0145601617796
519738	-0.0145672664953
002016	-0.014605647517
001267	-0.0146252285192
519032	-0.0146252285192
003446	-0.0146351242983
519690	-0.0147521813439
001595	-0.0148253452478
399001	-0.0148514851485
540004	-0.0148737980769
003447	-0.0149253731343
481006	-0.0149629070791
020022	-0.0149812734082
161727	-0.014985014985
001501	-0.015009380863
001502	-0.0150234741784
002541	-0.0150300601202
003582	-0.0150451354062
000596	-0.0151148730351
001773	-0.0151387720774
519759	-0.0152155536771
000926	-0.0152380952381
000172	-0.0152883947186
002199	-0.0153121319199
519674	-0.0153655058196
000251	-0.0153846153846
002387	-0.0154162384378
001370	-0.015444015444
270007	-0.0155060352832
001473	-0.0155199172271
502040	-0.0155440414508
001329	-0.0155545329038
002071	-0.0156402737048
001143	-0.0156472261735
000824	-0.0157756354075
002416	-0.0158201498751
001330	-0.0159427783523
000825	-0.0159574468085
340001	-0.0160172349194
001339	-0.0160320641283
000743	-0.016156462585
001352	-0.0161750713606
001695	-0.0162748643761
000530	-0.0162866449511
001074	-0.0163055138382
481013	-0.016339869281
002259	-0.0163461538462
162213	-0.0163731084098
519100	-0.0164131305044
000628	-0.0164473684211
002360	-0.016553067186
161907	-0.0166139772651
202023	-0.0166330645161
001278	-0.0166340508806
001677	-0.016713091922
002860	-0.0167322834646
002417	-0.0168
530010	-0.0168361283507
161217	-0.0168453292496
020009	-0.0168918918919
001415	-0.0169133192389
000654	-0.0169371912491
001239	-0.0169491525424
002046	-0.0170454545455
320006	-0.0170709793351
160805	-0.0170807453416
001348	-0.0172744721689
162205	-0.0173529411765
003194	-0.0173965813695
002160	-0.0174152153987
002665	-0.0174270608968
263001	-0.0175084175084
001679	-0.0175438596491
003017	-0.017561566411
519778	-0.0176582722986
001718	-0.0177777777778
090001	-0.0178964207159
202027	-0.0179104477612
001883	-0.0179376641395
161207	-0.0179924242424
003624	-0.0181457610312
530016	-0.0181924882629
167001	-0.0182071435678
519003	-0.0182555780933
002664	-0.0182831443097
320010	-0.0184108527132
001543	-0.0184287099903
740101	-0.0185714285714
165528	-0.0186274509804
000994	-0.0186528497409
001607	-0.0186587344511
163115	-0.0186630113876
003625	-0.0189427749678
162307	-0.0189933523267
519013	-0.0190217391304
000679	-0.0191029900332
217020	-0.0191666666667
310388	-0.0191938579655
162509	-0.0191956124314
002908	-0.0192113245703
001608	-0.0192207792208
410008	-0.0193794749403
000362	-0.0194420963652
001276	-0.0194805194805