502030	0.106766917293
502013	0.104853205512
519002	0.0876445526476
000865	0.0848484848485
001152	0.083038869258
160135	0.0766121946934
519697	0.0726156069364
160639	0.0722100656455
167503	0.0704960835509
519712	0.0704805491991
164820	0.0701584222438
519727	0.069387755102
000991	0.0682056663169
502006	0.0670230263158
450011	0.0641221374046
519732	0.0637651821862
002085	0.0632911392405
001740	0.0584795321637
040020	0.0583538083538
370027	0.0579150579151
001054	0.0567595459236
161724	0.0563002680965
001694	0.0557868442964
001892	0.0557156580211
519710	0.0555961960497
161122	0.0554877221544
450009	0.0533059969247
001437	0.0528
001717	0.0525846702317
001438	0.052427184466
165525	0.0516605166052
519692	0.0513658371356
050013	0.0509472606247
630016	0.0507590132827
550008	0.0507099391481
161032	0.05
168101	0.0490483162518
210004	0.0489776509748
000523	0.0488656195462
519126	0.0486918604651
002345	0.0481335952849
000646	0.0481203007519
000061	0.048067860509
000549	0.0479812755998
165523	0.047619047619
202021	0.0474701534963
001940	0.047384978372
450007	0.0473015650221
519091	0.0472440944882
410009	0.0472156116135
001897	0.047197640118
001154	0.0470249520154
168204	0.046835443038
450010	0.0464566929134
001795	0.0461538461538
160127	0.0460104834013
002263	0.045904590459
660015	0.0454964081783
001075	0.0448979591837
540008	0.0446038327917
040015	0.0442297915608
320012	0.0441083805923
001186	0.0438709677419
410006	0.0436843684368
519736	0.0432402846196
270008	0.0432195427498
160632	0.0430839002268
519983	0.0425785913251
290011	0.0424671385238
001072	0.0423553719008
000586	0.04176201373
377150	0.0416054821341
519773	0.0415400202634
161725	0.0414012738854
519714	0.0413436692506
000220	0.0413179916318
090013	0.0412890231621
001577	0.0411392405063
000362	0.0411361410382
002123	0.0409523809524
519702	0.0408038976857
000628	0.0407816482583
000363	0.040726202159
001037	0.0407239819005
377240	0.0405651777575
002305	0.0400745573159
350005	0.0400503945362
000117	0.0399227301996
001605	0.0397959183673
000761	0.039741219963
376510	0.039603960396
001662	0.0395833333333
001208	0.0392902408112
000532	0.039201183432
001225	0.0391608391608
001985	0.0391264786169
206002	0.0391104294479
002244	0.0390689941812
001460	0.0388647404756
519704	0.038831218762