502013	0.327306733167
167503	0.195710455764
502030	0.15562403698
165525	0.137180700095
202021	0.13211323992
160135	0.121812020688
050013	0.118287838011
502006	0.11524932754
001491	0.113698630137
160638	0.112734864301
160639	0.108888888889
168201	0.102222222222
164820	0.1014445174
001662	0.0985626283368
160512	0.0861344537815
000865	0.0857885615251
502016	0.0842639593909
690007	0.0815544608648
001773	0.0813308687616
502048	0.0803138373752
502040	0.0788182831661
160127	0.0742028985507
519177	0.0737628384687
160716	0.0727610290867
001897	0.0719144800777
502020	0.0704819277108
540012	0.067973658315
410009	0.0668312132144
001149	0.06635393811
160136	0.0661828235701
001104	0.0648259303721
161725	0.0638743455497
210004	0.0635514018692
180033	0.0625574977001
002117	0.0614634146341
000363	0.0612542537676
168203	0.0590717299578
540006	0.0581395348837
519032	0.0575968222443
001974	0.0573689416419
160632	0.0559910414334
519191	0.0551900897053
001518	0.0549702244617
519196	0.0547701526074
001397	0.053384645747
740101	0.0526700804682
001528	0.0521901211556
502023	0.0520951302378
002156	0.0520628683694
519756	0.0518819938962
163407	0.0516435464415
001626	0.0515995872033
110030	0.0512339360855
320016	0.0505050505051
161217	0.0502512562814
164508	0.0502512562814
001564	0.0497777777778
001051	0.0495867768595
002045	0.0494117647059
001635	0.0489273616861
001449	0.0486397361913
001437	0.048465266559
001162	0.0482204362801
001438	0.0480392156863
001237	0.0473300970874
001636	0.0470365101944
000877	0.0469494216376
001638	0.0468262226847
450008	0.0461165048544
000362	0.0460717749758
519686	0.044976076555
519697	0.0438782731776
000311	0.0437464946719
000408	0.0429799426934
001548	0.0429771908764
001535	0.0425531914894
000904	0.0425
163808	0.0424242424242
110025	0.0423913043478
519195	0.0423625608907
519727	0.042349726776
001549	0.0423044473906
240016	0.0420594633793
161715	0.041856232939
180031	0.0417754569191
519181	0.0417053332605
257060	0.0414312617702
001754	0.0409836065574
000368	0.0406981356605
040011	0.0405017921147
000042	0.0404916847433
001729	0.0403930131004
001769	0.040370058873
000793	0.0402010050251
000936	0.0401023890785
002973	0.0400304028376
001460	0.0396302861484
001810	0.0392670157068
200012	0.0392506690455
002263	0.0389725420726