003803	1.88589029041
002671	0.259773510586
003750	0.173828125
165523	0.172494172494
001841	0.13446969697
002161	0.132075471698
519961	0.131067961165
519960	0.127576054956
165524	0.127450980392
001072	0.122621564482
502003	0.118613504308
000697	0.114485981308
001629	0.111835825644
001630	0.11175059952
161032	0.110967741935
161033	0.109037328094
002482	0.107142857143
470028	0.106105512745
003624	0.104652106844
502023	0.104587155963
210009	0.103718199609
003625	0.102944775267
001097	0.101748807631
168203	0.0996563573883
001410	0.0987472365512
003233	0.0975609756098
519002	0.0971112476951
000698	0.0964109781844
001740	0.0961968680089
003232	0.095423563778
519773	0.0944881889764
519767	0.093023255814
000924	0.0928143712575
001279	0.0927601809955
161724	0.0924657534247
002900	0.0924521896571
004347	0.092039800995
377240	0.0913156913902
519026	0.0903361344538
000073	0.0870917573872
000755	0.0865849126719
001445	0.0865546218487
000404	0.0849549121974
002553	0.084619478446
370024	0.0838520688393
001513	0.0832544938505
000942	0.0823062035245
002974	0.0821359421176
001576	0.0818094321463
160221	0.0816326530612
050014	0.0811232449298
240022	0.0810276679842
610005	0.0801033591731
001313	0.0797385620915
001071	0.0795206971678
002656	0.0792114695341
379010	0.0788497217069
004343	0.0787900105522
001042	0.0786516853933
001193	0.0783582089552
710001	0.0779997918618
001287	0.0779930851492
000727	0.0779487179487
164907	0.0779014308426
002036	0.0776542613179
001125	0.077474892396
502010	0.0774265250679
003299	0.0774134790528
003298	0.0771324863884
001361	0.077057793345
110026	0.0768928991761
004744	0.0768885900022
004374	0.076566573332
580008	0.0764488286067
004375	0.0764251207729
540010	0.0760096254447
040020	0.0757389162562
001899	0.0756972111554
165315	0.0756413647183
002174	0.0752740560292
000925	0.0752066115702
160223	0.0747502158628
001604	0.0746720484359
398051	0.0743618201998
000063	0.0743449116392
001018	0.0739972337483
001592	0.0738966318235
160627	0.0738955823293
161122	0.0738370277865
502036	0.0737445332529
001593	0.0737273259216
002079	0.072705601907
460002	0.072641451603
160637	0.0725190839695
003766	0.0720871751886
003765	0.0713462545836
001167	0.0713201820941
001456	0.0711422845691
004224	0.0710314308408
001967	0.0709555345317
002595	0.070796460177
004292	0.0706609605326
003374	0.0705733476102
001460	0.0703301673451
002973	0.0702886247878
160224	0.0701567897954
002094	0.0701402805611
001294	0.07
001475	0.0697115384615
519133	0.0696893366919
161232	0.0695754716981
003373	0.0690594300165
519698	0.0690568475452
360007	0.0690001338509
002142	0.0689935064935
001701	0.0688591983556
630006	0.0687637161668
001541	0.06875
001829	0.0682492581602
090015	0.0680989055533
000513	0.0678886625933
001490	0.0677290836653
001702	0.0677146311971
590005	0.0677002583979
002567	0.0675818373812
161123	0.0672037311851
217019	0.067081604426
000965	0.0667773692326
000328	0.0667447306792
501019	0.0666748226083
002229	0.0658333333333
001268	0.0657439446367
004450	0.0656273338312
460007	0.0655249441549
050024	0.0654934003771
000690	0.0652406417112
002983	0.0650725672139
001560	0.0649131680998
160636	0.0648734177215
001986	0.0647773279352
001394	0.0646606914213
001561	0.0646420088225
002236	0.0644859813084
519033	0.064182194617
001606	0.0641791044776
003745	0.0640468734216
519772	0.0640074211503
001349	0.063829787234
003359	0.063670411985
168204	0.0636663007684
163818	0.0636297903109
519692	0.0635561475069
002256	0.0634095634096
001763	0.0633727175081
002823	0.0633165829146
370027	0.0631796996375
000596	0.0630498533724
168102	0.0629370629371
400032	0.0629213483146
001215	0.0629011553273
163119	0.0626699775334
090012	0.062630480167
000794	0.0624024960998
000589	0.0623885918004
000936	0.0622655663916
161031	0.0622641509434
160643	0.0622539879843
000551	0.0621904237755
002196	0.0621062106211
000601	0.0620636152056
004505	0.062
002555	0.0619578686493
168103	0.0619289340102
660010	0.061712977417
002824	0.0616161616162
001760	0.0612440191388
001645	0.0611814345992
690008	0.0611764705882
000550	0.0611690077028
001195	0.0610820244328
000796	0.0610687022901
000549	0.0610034207526
257060	0.0608393719807
002692	0.0607966457023
001679	0.0606796116505
160420	0.0605979711692
003053	0.0604558969277
002251	0.0601265822785
519170	0.0601092896175
004394	0.0600138189715
003054	0.0597609561753
160421	0.0597374179431
002943	0.0597000668641
000127	0.0596999745741
004263	0.0595667870036
164402	0.0594059405941
000117	0.059375
502013	0.0590966652596
000803	0.0590809628009
164908	0.0590762620838