600519	275321.57	873504.93	46.0262836465	11
600547	255028.0	486918.22	109.977902475	16
600887	195889.89	697008.03	39.0905605612	6
002179	190668.42	268558.45	244.791817387	2
002572	165409.5	406941.06	68.4835969262	5
000333	152161.9	415091.48	57.8717312826	8
000568	146965.39	306114.32	92.3445668155	7
000911	135736.77	191297.5	244.303431578	2
300310	135612.8	236683.73	134.175870352	2
600521	124172.4	267160.7	86.8409513226	5
002673	114429.38	131298.65	678.330360472	6
300033	98215.55	237820.02	70.3527258117	2
002138	87800.56	132468.53	196.562682387	2
000858	83937.92	575259.15	17.0841223368	7
000983	78409.17	101661.52	337.209658379	3
300011	74420.95	100819.68	281.911099511	3
002716	73474.34	103085.99	248.12646374	6
002007	72940.59	224335.91	48.1788935087	4
600667	70738.9	72567.41	3868.66355667	3
002511	69913.19	88617.72	373.776780277	3
002640	66099.21	154592.98	74.6936309754	2
601689	65810.21	77321.13	571.719810406	2
300285	65351.8	225253.69	40.8699359338	2
000869	65235.95	68254.67	2161.04673504	2
002245	63486.42	84814.8	297.661707078	2
300017	62617.12	588575.14	11.9053456015	2
600489	62151.05	162192.8	62.1251127654	12
300207	60104.65	190568.69	46.0698978814	3
300072	60011.05	121504.04	97.5900667702	2
002155	59329.16	80430.75	281.159666167	9
300219	59158.32	63536.44	1351.22655386	2
600115	58672.78	98449.22	147.506363063	6
002050	52716.21	63705.36	479.71144265	2
002343	52658.05	178659.94	41.7914763025	3
600029	47881.22	98727.09	94.169339614	4
300252	45954.28	182417.71	33.6751611769	4
002522	44565.36	122453.83	57.2168897399	5
000070	43930.26	63798.95	221.102951428	2
002262	42831.12	55819.67	329.760596833	3
000423	41797.75	163788.82	34.2629587559	3
601899	37932.08	68925.78	122.386420466	7
300007	36598.14	78990.25	86.3324330872	2
300058	35575.71	150744.55	30.8900480373	2
000059	32955.21	39171.21	530.167471042	2
002773	30438.94	110065.35	38.2271912045	3
600702	30021.21	43446.64	223.614513651	2
002239	29505.24	33808.28	685.683609727	2
002727	28175.93	37445.55	303.959925002	3
300136	27906.62	334193.01	9.11128307072	3
300296	27481.25	209924.49	15.0629039476	2
300342	26337.78	113260.71	30.3001521003	2
601225	25326.2	29068.47	676.760362026	3
600076	24730.15	63255.05	64.1926390464	2
300356	24289.99	96472.25	33.6509136732	2
002450	23268.61	356169.76	6.98964542478	3
002304	22134.54	105065.57	26.6902991558	4
601111	21267.43	32777.31	184.775427719	4
300009	21143.1	56776.1	59.3357281172	2
300304	20880.59	40115.96	108.553097757	2
000876	20415.07	51443.65	65.7944063183	2
600988	20295.19	54858.17	58.719444909	7
000937	20081.83	26837.68	297.250975081	2
600690	20080.97	30017.65	202.089329635	2
600259	20061.37	83106.65	31.8205740382	2
300008	19151.01	116650.98	19.6420675822	2
002508	18995.1	242604.16	8.49478102542	4
600549	18747.92	46070.67	68.616519201	2
002123	18635.99	77828.82	31.4835259608	2
002533	18209.24	19561.92	1346.16021528	2
002127	18123.95	150229.96	13.719247141	3
603766	17463.99	39845.28	78.029416535	2
600188	17207.84	22803.98	307.494808922	3
600491	17095.56	19096.56	854.350824588	4
002074	16891.3	56268.04	42.8966440594	2
603799	16425.31	31332.06	110.187062908	2
002512	16363.56	45062.92	57.0171599645	2
600566	16338.59	41849.24	64.0461532732	2
600066	15726.89	149561.56	11.7509835082	9
000933	13215.63	20839.52	173.344972186	3
002460	12793.24	41454.29	44.6363270013	2
002191	12497.25	30890.51	67.9447254048	2
600511	11744.98	45967.28	34.319668754	2
002025	11051.18	13534.3	445.052192403	2
600559	10763.42	54300.06	24.722670376	2
601998	10339.27	26227.25	65.0760512035	2
000975	9682.19	17223.53	128.388190958	4
600651	9654.75	24817.35	63.6747655415	2
000860	9622.05	89464.17	12.051345831	2
601633	8975.14	20843.61	75.6217102963	2
002047	8829.04	17351.25	103.600357184	5
000603	8639.45	12710.2	212.232389609	3
002675	8274.77	35142.95	30.7976573032	6
000887	8112.25	52726.58	18.1830591202	2
600699	7888.06	39318.49	25.0968885885	2
002157	7197.56	79752.02	9.92021717204	2
002218	6654.11	20379.27	48.4811106027	2
600197	6487.09	9848.92	192.96305881	2
000601	6275.89	13766.1	83.787904478	2
600900	5775.46	249661.1	2.36810170537	2
600867	5557.87	380431.05	1.48260006224	4
600348	4758.44	31319.89	17.9148352217	2
002549	4720.87	23530.4	25.0982879423	2
002383	4663.28	20236.29	29.9446285593	2
000078	4127.17	110742.03	3.87110202086	2
002662	4018.24	25787.14	18.4586267565	2
002553	3662.82	14173.42	34.8488192872	3
000418	3506.22	28376.34	14.0981225664	3
002513	3249.26	8530.95	61.5193243072	2
000795	2911.26	2981.89	4121.84624097	2
601198	2902.24	29471.25	10.9234028667	2
600123	2855.97	18184.12	18.6321897946	2
000540	2658.18	11622.16	29.6540152923	2
000657	28.72	2546.42	1.14072367637	2