000651	713463.38	1390943.03	105.311411199	28
000858	575388.96	1185661.77	94.2838924775	20
600887	388900.54	1084801.65	55.8844546174	10
600036	316931.24	822693.97	62.6640163857	6
000423	275806.63	511100.08	117.218150357	11
600519	263587.71	1365888.03	23.9125132432	28
601318	258601.56	885572.83	41.2461578981	5
002466	251938.91	276366.66	1031.3635517	4
002475	230546.91	603802.36	61.7665220963	9
000568	228889.77	552977.61	70.6258432899	17
002241	223152.69	296588.6	303.874071963	5
600068	216543.12	391178.5	123.99727936	11
002236	200468.93	432674.2	86.3326357752	10
300156	200360.09	403611.19	98.5776165541	5
002572	198157.48	618784.49	47.1100227254	14
000333	195802.78	865392.19	29.2422157632	13
601398	180318.2	583620.17	44.7104684363	5
002035	179442.1	364091.44	97.179930348	16
601288	161564.56	603235.86	36.5802713466	3
600703	148157.99	288276.56	105.737583534	2
600196	140643.54	235745.36	147.887327498	4
600690	140574.59	149878.5	1510.91949514	4
000963	132576.28	405639.28	48.5515357262	15
601012	130893.63	205297.55	175.923029324	3
002008	125503.86	196740.62	176.178506715	2
300136	122943.78	595112.9	26.03808144	7
002456	120061.59	481089.33	33.2555027489	3
002508	117285.97	279885.17	72.1319477587	12
601607	115261.96	307415.57	59.9842802849	3
600340	113743.93	171279.33	197.693819805	12
300408	113442.75	176053.75	181.186612576	5
002043	113417.56	242043.24	88.1764512343	7
002142	112377.77	300946.87	59.5950078777	2
600056	110604.47	274908.36	67.317012397	12
600622	109512.99	155589.95	237.674078325	5
000538	105555.0	294777.62	55.7834998797	4
002304	101530.48	157940.57	179.986381869	4
002127	101185.2	211383.76	91.8208005622	3
601939	99349.08	206740.91	92.5108362526	2
601818	95574.98	199270.54	92.1688257434	2
002415	94174.35	428882.28	28.1362769027	16
300145	93928.95	274138.49	52.1220741144	11
601933	88672.96	142427.38	164.959383805	4
601009	85292.76	227617.7	59.9281896764	3
601668	84202.24	471538.17	21.738814677	4
000910	83686.08	247457.39	51.0993531162	4
002450	82928.05	288145.04	40.4099338948	4
000065	81624.57	128548.34	173.951432291	3
600660	80640.59	165474.35	95.0571918538	5
002271	80492.95	242049.59	49.8233622586	3
601111	78480.28	89009.57	745.352060775	2
600258	77930.07	80895.61	2627.85428623	2
300115	77388.67	283722.76	37.506487658	2
601988	75353.03	264616.03	39.8139255956	2
600029	74765.37	99553.32	301.619819307	2
601601	74014.87	97865.9	310.321482972	4
600109	73665.53	161961.73	83.4300117106	3
600518	73017.44	357382.31	25.6773770965	2
601186	70976.27	202767.41	53.8551149948	3
002311	69620.67	163746.33	73.9656646232	8
600779	64656.1	86250.87	299.406291431	5
002273	63991.04	106512.97	150.489500359	3
600028	63980.16	461037.44	16.1135844178	2
002589	63097.4	171284.77	58.3223346681	2
000418	62958.15	88690.74	244.663090657	5
600900	62563.02	238525.43	35.5547642249	4
002310	60731.53	239616.83	33.9499835928	9
600741	59369.22	87224.01	213.13827891	5
000661	58633.03	190117.98	44.5929591181	5
000820	58149.72	192881.52	43.159610426	2
000049	56073.91	81022.32	224.759453608	2
603008	54585.15	122966.96	79.8240789473	2
000089	53366.4	101043.66	111.932606865	2
000063	53242.21	283040.79	23.1690770239	3
000001	51237.05	348761.73	17.2211091866	2
600201	50035.34	77366.71	183.069271683	3
002019	49955.17	102276.22	95.4781488521	2
000028	49178.5	193951.66	33.9693490147	2
600990	48746.26	115900.69	72.5883013228	2
000921	48290.68	56718.98	572.9587224	2
603589	48029.93	76576.02	168.253971034	2
300355	47746.02	48541.4	6002.9193593	6
300296	45994.35	199685.59	29.9264616513	7
600116	45663.98	52089.98	710.612822907	5
600879	42327.68	156620.51	37.0344141448	2
600426	41770.91	105806.56	65.2307113303	2
601888	41397.45	68408.69	153.260087282	2
601766	40703.51	114149.89	55.419354909	3
002138	39498.22	133661.6	41.9464764328	4
600048	39445.21	265817.95	17.4248940045	2
601166	37962.31	769805.92	5.18721615947	3
002117	37486.52	98083.66	61.8618634477	2
300197	37107.45	197339.26	23.1586037754	7
600585	36275.13	84278.75	75.5674884519	3
002217	32258.76	139278.46	30.1428241716	7
002583	31409.18	104713.29	42.8477748383	2
603377	30489.73	86831.89	54.1153019338	2
600884	29696.15	42802.87	226.571941721	3
600566	29687.56	92343.12	47.3821636899	4
002007	29626.01	154739.33	23.6793412564	3
300007	28779.17	29032.34	11367.5277482	2
600373	28498.17	30704.0	1291.94770223	2
300203	28374.11	111429.34	34.1629419363	2
002192	27946.63	38498.42	264.852029845	3
002581	25333.37	52473.84	93.341677576	2
600197	24231.9	24502.84	8943.64065845	2
002120	23935.77	118954.49	25.1905834977	2
002372	23428.73	30549.47	329.021000626	3
300310	22167.81	67788.54	48.5915284565	2
600298	22123.77	99488.39	28.5967539167	3
600674	21188.51	69867.53	43.5269855474	5
300285	21160.69	236918.6	9.80760798063	2
600993	20753.16	28232.12	277.487244216	2
603818	19005.45	36257.47	110.163621419	2
600664	18406.45	32569.53	129.960785366	2
002568	18025.86	56393.03	46.9825113502	2
601169	17294.0	166179.87	11.6156086538	2
300038	16580.64	38121.51	76.9729356335	2
000967	12924.82	58408.73	28.4162465364	4
600522	12638.03	79370.94	18.9382270307	8
000925	10783.69	62585.49	20.8172109849	2
002051	10012.5	139572.87	7.72805758428	2
002235	9747.39	20628.28	89.5826536248	2
600885	9318.61	147862.51	6.72610630999	2
002509	9307.16	98906.41	10.3875423064	2
603899	9241.4	43041.66	27.3412098013	2
300065	9020.38	113652.34	8.62105612855	2
600809	8085.37	72601.96	12.5322339572	2
000829	8077.12	11731.15	221.046898903	2
002675	7692.88	30289.19	34.0448506858	2
600146	6696.39	70300.4	10.5282512848	2
002664	5456.88	27421.92	24.8434785459	4
000039	4041.43	4781.01	546.44933611	2
002694	3850.83	148379.66	2.66440266624	2
603366	3415.5	16688.16	25.7333496074	3
600872	1335.96	40021.49	3.45338424987	2
600557	634.7	49011.84	1.31198330451	2
000697	187.29	7515.67	2.55568079166	2
601901	118.76	6511.19	1.85782245562	2