601318	1976988.31	2862561.14	223.24401145
002466	318954.36	595321.02	115.40985443
600036	714556.85	1537250.82	86.8557295977
000651	751073.64	2142016.67	53.9974408585
002310	85681.68	325298.51	35.7577887997
002236	338297.37	770971.57	78.1875531289
600030	230495.8	762682.33	43.3110924472
002460	90464.67	275855.41	48.7967575943
300367	-12058.33	187926.18	-6.029631995
601607	152396.62	459812.19	49.573487771
000333	526539.65	1391931.84	60.8440492166
600622	29129.46	184719.41	18.7219418735
00700	9779.83	256588.58	3.96251348463
002340	93727.95	178266.63	110.869900027
002008	259134.66	455875.28	131.713857565
600110	83696.11	249909.46	50.354625546
002027	261536.79	328124.07	392.772898968
300267	-29139.48	175820.26	-14.2171726018
600519	455865.64	1821753.67	33.3750373374
300324	-32022.66	126999.74	-20.1372007969
02238	-1991.25	92420.12	-2.1091209671
601601	859232.2	957098.1	877.968935043
300418	18720.38	132546.45	16.4464783858
002456	207763.61	688852.94	43.1860773133
000858	624499.65	1810161.42	52.6709779974
300104	-38744.76	173668.24	-18.2402960271
600409	56644.47	237581.38	31.3061994924
000063	335828.31	618869.1	118.650145797
002050	228454.57	331207.77	222.333289863
300271	-44951.83	163230.85	-21.5924927088
002142	15000.67	315947.54	4.98449111632
002078	68564.21	95628.59	253.337449445
002617	-7886.14	57188.75	-12.1185606307
600887	332791.22	1417592.87	30.6776100497
000915	82141.21	189235.62	76.6998109425
601166	55309.03	825114.95	7.18480185239
600340	34096.02	205375.35	19.9066752538
000403	-1727.54	117900.31	-1.4440951668
002241	138127.86	434716.46	46.5722081024
000488	41713.75	53148.88	364.785970951
000568	357188.5	910166.11	64.5936641088
000661	136156.08	326274.06	71.6166245823
603799	162586.32	204983.52	383.483626277
600681	-14419.92	42852.27	-25.1778742877
600885	51807.4	199669.91	35.0375494099
300456	-19839.82	58129.99	-25.445515386
00939	-14072.7	96637.82	-12.7112581532
01398	-5351.76	80302.62	-6.24808678786
1398	30764.77	30764.77	10000.0
002531	29497.43	59703.74	97.6532055719
001979	41051.32	142085.8	40.6310004268
000001	29121.53	377883.26	8.34997865161
300364	-14546.22	106466.62	-12.0203938689
03888	-1729.96	33883.11	-4.85765478798
000513	81004.88	181851.89	80.3245232556
601933	86521.94	228949.32	60.7481089661
600594	-3024.37	91408.28	-3.20267407512
600643	31451.31	175279.19	21.8673250277
600027	55129.24	69128.57	393.799131816
300332	-11707.38	69573.88	-14.4035414805
300199	-1161.25	62227.38	-1.83195314365
000963	-25056.41	380582.87	-6.17701766949
002624	102119.19	145082.33	237.690238656
300003	153290.83	458991.57	50.144082085
600518	-80535.12	276847.19	-22.5347247881
601398	121335.33	704955.5	20.7901193682
002019	9612.54	111888.76	9.39860702713
300033	-57767.99	101205.16	-36.3382055397
00005	3996.31	77847.34	5.41131247594
300115	-34762.85	248959.91	-12.2524009001
600742	22303.9	41604.1	115.56305116
002308	1067.64	70961.16	1.52752358159
02328	52383.71	59318.21	755.407167063
600176	198631.41	229131.37	651.25137869
600276	-89601.77	328836.8	-21.4133630177
601939	18219.68	224960.59	8.81280826325
00570	19107.54	31564.61	153.3871127
002570	23968.55	45877.67	109.399875486
601997	-110098.2	130234.68	-45.8107105445
300203	-46032.93	65396.41	-41.311318904
600048	-35117.84	230700.11	-13.2112372396
601336	316826.57	401334.22	374.908744948
00966	36429.16	56621.08	180.414542054
002475	51522.71	655325.07	8.53304216963
300136	69754.75	664867.65	11.7212633099
300287	4790.66	51913.97	10.1662213457
000811	16475.46	83454.03	24.5981065287
600827	30365.8	36631.2	484.658601207
601169	-12307.55	153872.32	-7.40616176917
002766	13779.12	61156.14	29.0839736227
000776	-45696.27	219235.6	-17.2483099145
600068	-89168.16	302010.34	-22.7947497114
300408	-9644.05	166409.7	-5.47790092514
600566	66163.03	158506.15	71.6491169023
600104	147051.53	587674.6	33.3735430603
000426	42051.77	52423.51	405.445662926
601818	-61112.17	138158.37	-30.6679401782
002311	23232.99	186979.32	14.1884034897
000418	28831.73	117522.47	32.5081626334
000823	37725.92	79978.01	89.2877015078
601888	76199.63	144608.32	111.388816245
300197	27954.71	225293.97	14.1658127227
002175	2553.52	112736.82	2.31751998715
600491	17718.83	74890.68	30.9922278184
603158	-12493.32	24283.51	-33.9706277023
02018	14023.69	53938.55	35.1340077355
002640	149159.63	306368.76	94.8797503046
300101	-5558.22	20046.69	-21.7076334187
600335	-13679.98	55876.59	-19.6674160327
002583	53099.03	157812.32	50.7089692244
01336	48637.65	57655.49	539.349223317
002146	27294.81	41062.71	198.249624126
000639	22879.64	43592.21	110.462583832
600282	25317.56	33364.88	314.608590189
601668	35270.43	506808.6	7.47986743046
600507	31440.91	37112.66	554.342310574
600884	43643.46	86446.33	101.963863638
00175	76844.88	170926.69	81.6787857291
600085	16672.16	71470.59	30.4245212865
300012	-50526.88	81210.42	-38.3542702029
300467	713.04	19339.4	3.8281231545
600270	34744.22	41719.47	498.107164618
600426	10839.74	116646.3	10.2448657248
300616	72541.44	72598.66	126776.371898
600406	76227.36	142931.79	114.276308185
002714	16858.98	86563.3	24.1864205834
600466	23243.99	31603.88	278.04181634
600529	95159.8	133070.88	251.007884766
603883	32572.31	44890.4	264.426627829
002384	57437.21	186637.31	44.456010483
601699	-22918.15	30962.35	-42.5351472239
600703	319262.27	607538.83	110.748605436
002450	184417.38	472562.42	64.0015805929
002415	85449.88	514332.16	19.9238541634
600348	4672.2	25420.23	22.5187644321
000983	16285.0	68177.27	31.3823234173
601009	-146146.41	81471.29	-64.2069619366
000423	-148975.39	362124.69	-29.1479880027
00371	-11603.99	36344.86	-24.2007681102
603899	24861.05	67902.71	57.7604348903
03968	14244.93	29396.22	94.0179351065
002065	-4535.56	23435.28	-16.2153156645
000049	-12592.46	68429.86	-15.541964239
300450	133539.69	240720.36	124.593072613
600549	-3860.13	33598.88	-10.3049439908
600362	-18855.49	12834.19	-59.5004114904
000830	24279.64	24279.64	10000.0
002411	7225.0	70757.87	11.3720661447
300316	-29009.39	49580.71	-36.9122701205
000910	-17796.11	229661.28	-7.19158558975
601088	121278.95	311132.11	63.8803957753
600338	-6813.88	49377.82	-12.1261325071
601717	-13949.9	113392.43	-10.9546448538
300403	-2008.4	30371.75	-6.20256546063
000895	64832.84	236146.49	37.8445266912
600309	58434.8	260727.77	28.8862237773
600837	-53461.88	356490.88	-13.0409855028
603993	18962.35	56271.27	50.8252450084
600183	-8957.04	84922.87	-9.540955035
600019	-18456.09	64432.53	-22.2661325523
600089	-21815.98	201712.34	-9.75982819537
600516	34401.44	34401.44	10000.0
600056	69521.56	344429.92	25.2889944853
300100	941.49	20654.77	4.77591755405
002638	-1037.97	15028.35	-6.46053358828
603556	39107.15	81818.27	91.5619866676
002434	-16492.1	170649.44	-8.81263454389
002636	-43776.32	14417.29	-75.2253039466
002614	46578.3	130492.87	55.5068088891
000671	10657.78	14826.95	255.633135612
002717	15682.1	16436.28	2079.35771301
600230	6906.2	7193.27	2405.75469398
600856	22400.75	103945.25	27.4705835464
002376	20040.5	47471.43	73.0580406862
600966	5137.58	18839.48	37.4953838519
601012	64460.01	269757.56	31.3983337843
600997	-9091.89	6099.94	-59.8472336776
300274	50483.0	74930.5	206.495551692
600028	-149484.66	311552.78	-32.4235402661
000820	-89654.23	103227.29	-46.4815032565
600864	-8820.81	49613.25	-15.0953228306
000878	-32524.79	6506.89	-83.3292084789
300340	-21704.68	55197.12	-28.2238907282
300144	14588.77	195351.45	8.07067587181
600547	-64492.84	104297.09	-38.2089381754
000975	-27580.68	42119.63	-39.5703835464
600489	-58061.4	71686.06	-44.7495465422
300323	34548.27	44318.28	353.615502952
002032	24436.44	68194.02	55.8450444472
002635	29674.49	155834.87	23.5212433571
002041	42499.39	44579.23	2043.39708824
300070	20021.04	196695.94	11.3321360306
000898	2128.07	6514.9	48.5104278032
600267	-12327.01	52445.08	-19.0313605752
002126	31878.17	58212.23	121.053001322
600153	55226.92	100924.99	120.851755884
600031	51354.19	102027.29	101.344085915
002223	36103.22	66340.06	119.40143216
002110	3457.09	4699.09	278.34863124
002035	62464.78	426556.22	17.1563440217
002202	-45437.36	85895.23	-34.5971704358
601111	22318.53	111328.1	25.074303808
600195	3679.64	27603.82	15.3804226519
600660	41582.35	207056.7	25.1291816526
601288	93891.75	697127.61	15.5646831075
300571	5887.9	5887.9	10000.0
300073	-6463.6	7366.47	-46.7358444317
601155	13011.0	68188.02	23.5804688256
002400	-29584.74	69097.36	-29.9798443689
600999	-10891.61	112791.4	-8.80606802826
000860	6964.87	82962.86	9.16454500968
000807	-10713.87	45034.96	-19.2181073576
600826	-1368.12	3525.14	-27.959274594
002174	123664.42	153278.91	417.580785622
000630	-47668.54	10117.72	-82.491131975
002568	-29102.81	27290.22	-51.6071046369
000603	-2900.19	2709.48	-51.6998326105
600388	25834.17	27032.0	2156.74761861
02318	26229.38	52940.22	98.1975108233
000018	-52845.35	23475.9	-69.2406767447
000002	75032.89	197059.47	61.4889723206
600808	18973.49	25362.18	296.985610509
002302	-667.14	2445.32	-21.4344923308
603626	67848.65	87203.48	350.551516082
600123	-13649.84	21654.35	-38.6635127445
000949	-32149.88	7262.0	-81.5740837534
601225	9003.79	75559.25	13.5282514763
002101	729.32	2951.86	32.8147074968
600072	-2670.65	21164.88	-11.2044917818
002541	967.95	9371.33	11.5185794288
002563	-498.93	3694.17	-11.8988337984
603816	97388.86	115704.8	531.716417503
601899	-6258.55	97001.06	-6.06098551021
002074	58284.6	89893.39	184.393644932
300166	34450.43	88970.09	63.1890037465
002131	-33723.74	60387.97	-35.8337341867
600197	26183.7	50686.54	106.859857878
002503	2252.36	23834.1	10.4364152288
002343	-1625.35	120652.49	-1.32922694742
600310	7864.75	30180.62	35.2428563171
600782	-7648.85	6269.64	-54.9545963679
300058	-44887.81	63705.26	-41.3357961056
601600	11245.4	56397.48	24.9056078923
300365	-3324.51	85687.06	-3.73491895492
600271	-22032.22	39275.36	-35.9371875386
600585	35706.36	119985.11	42.3669786275
002385	-1043.78	12572.05	-7.6659300241
600016	-42710.17	440686.16	-8.83543530419
600873	-62117.52	16924.05	-78.588418727
000060	3790.26	18577.7	25.6316171021
002444	5459.14	21253.72	34.5633755377
300308	14413.72	65882.86	28.0045868262
002304	-45955.46	111985.11	-29.0966785798
600180	1293.05	13881.8	10.2714725449
002383	-14969.34	3322.29	-81.8371025436
603898	-30476.01	36706.11	-45.3632752286
600000	-16487.65	361611.54	-4.36066789775
000725	44895.58	202704.64	28.4493044949
02382	-10813.47	19943.47	-35.1578212917
300294	-3025.73	2506.65	-54.6912901861
002138	-48366.08	85295.52	-36.1854713695
002694	-16025.51	132354.15	-10.8003415023
600015	21873.47	194708.78	12.6556720383
02388	-5692.35	10041.81	-36.1782897848
000959	8231.79	19465.33	73.2786815198
000050	102597.75	103768.61	8762.59757785
002372	30772.2	61321.67	100.729079752
600581	-2984.47	4066.58	-42.3266038391
01299	-934.21	34304.77	-2.65106992314
600146	-20427.55	49872.85	-29.0575160312
600352	-11940.11	24129.58	-33.1028905433
002508	23479.87	303365.04	8.38910829037
600297	-29141.22	44472.63	-39.5865995326
601231	38063.7	42898.63	787.264758745
600990	-16591.63	99309.06	-14.3153850076
600188	21206.37	22883.19	1264.67778295
300083	50715.61	86219.82	142.843933156
300433	-2236.5	74323.61	-2.92123404734
600614	-9121.98	14101.9	-39.2784495958
01728	3724.73	3724.73	10000.0
000700	1791.26	2067.02	649.572091674
600741	142617.52	229841.53	163.507181108
002036	6428.35	39195.65	19.6181864237
600266	-10201.34	25481.48	-28.5889399997
002108	-83631.58	4455.29	-94.942163344
600546	990.28	990.28	10000.0
000069	140771.2	252805.11	125.650528487
002024	23448.45	72532.56	47.77197753
000625	-43721.82	50942.65	-46.1860928393
300182	7159.13	45418.28	18.712203486
300410	-5070.1	6398.01	-44.2104235136
600066	46689.78	193264.97	31.8538082741
000338	-14682.44	44321.48	-24.8838382263
000030	1550.5	3701.17	72.0938126258
000411	4700.71	23759.14	24.6647284168
00285	5260.85	11403.96	85.638219078
601677	-1948.49	26778.34	-6.78282288718
600477	30690.27	101109.75	43.5820741647
00388	-6343.59	5473.34	-53.6822169548
00751	-1326.31	1798.25	-42.4478966639
300007	6479.82	35512.16	22.3193170099
601211	-42154.31	284151.65	-12.9186454333
002188	-3964.22	41818.7	-8.65873124737
002494	1363.48	6996.67	24.2044028339
603377	-22108.94	64722.95	-25.4617744702
01293	641.18	641.18	10000.0
002345	-130.1	3401.87	-3.68349674544
000524	623.57	623.57	10000.0
600754	-2032.56	7212.44	-21.9855056787
002555	66217.47	112170.6	144.097844913
000933	2881.82	2881.82	10000.0
000587	165.56	9529.86	1.76799120062
600487	9332.52	83157.09	12.6414823683
600258	16010.03	96905.64	19.7909750603
000059	-14736.21	3379.49	-81.3449659687
601007	577.26	577.26	10000.0
000026	-537.05	1346.53	-28.512194863
00027	-2063.93	8437.71	-19.6534065156
600894	-1439.89	1112.96	-56.4032355994
00762	-32595.55	33385.06	-49.4017105935
600612	-2093.76	2542.05	-45.1649226349
002739	-59119.03	46694.9	-55.8707440504
300017	-14832.36	14018.56	-51.4103536386
00874	-1010.84	733.51	-57.949379425
600816	21944.05	34373.38	176.550546168
300409	30677.34	36630.12	515.344763287
600074	4892.38	36963.11	15.2549692508
002539	238.59	1045.22	29.5786172099
00867	20.29	510.86	4.13600505534
002092	4672.48	20931.49	28.7377890782
600138	18170.8	67049.87	37.1750117177
600801	6094.18	6354.71	2339.14712317
01186	-51.89	487.97	-9.61175119475
01882	486.6	486.6	10000.0
002501	-5826.24	4820.28	-54.7243606362
601636	9745.6	10035.02	3367.28629673
000404	2970.54	13981.48	26.9780781659
600511	-7371.13	66123.08	-10.0295383813
002690	6781.17	21397.7	46.3938431351
600261	18339.56	65766.6	38.6689955772
00066	453.99	453.99	10000.0
000620	448.59	448.59	10000.0
600686	20294.62	43859.54	86.1221680362
002426	-2819.82	116175.59	-2.36968804091
000600	-4127.78	2149.21	-65.7604998574
600850	-1850.62	3538.87	-34.3375718296
000066	-5960.89	7552.68	-44.1104016185
300061	-11678.87	24593.32	-32.1978628806
300146	11262.25	12052.83	1424.55538971
600998	29490.3	89013.32	49.5443611564
000786	-26386.93	222216.01	-10.6140860603
600761	1706.77	18657.99	10.0687148182
000900	7477.6	7599.01	6158.96548884
002271	165247.29	407296.88	68.2700144214
000036	967.55	3390.16	39.9383309736
002496	2106.05	6596.16	46.904196111
600023	-2908.17	721.82	-80.1150967358
002203	2269.68	2269.68	10000.0
000581	31924.1	105874.04	43.1698795158
000402	-5317.35	18358.69	-22.4587811137
000936	449.3	772.89	138.848542909
000521	-362.1	10986.57	-3.19068225616
600809	46752.19	119354.15	64.3952174294
600038	-62273.26	155505.41	-28.5947471348
600004	23721.34	39508.42	150.257932436
000540	10432.89	13657.88	323.501468222
600657	-349.19	3490.34	-9.09460272481
002589	-109003.7	62281.07	-63.6388746063
002354	15088.33	17364.68	662.829969029
002221	-7055.36	11102.67	-38.8553163532
000596	19783.02	77428.16	34.3186259934
002081	-8810.96	34610.53	-20.291703486
002182	-8428.72	8126.23	-50.9135938194
300257	5379.68	43788.63	14.0063188397
300335	51991.24	69231.4	301.570519067
600893	-21123.28	231826.03	-8.35079565941
300188	-2697.04	26123.31	-9.35810980783
603108	-9534.23	61197.46	-13.4794319208
600804	-20236.01	62306.96	-24.5157279899
002217	44553.64	183832.1	31.9888947652
300296	36314.06	235999.65	18.1856187019
002230	-5194.92	83581.99	-5.85165669767
600452	-15406.15	22462.17	-40.6834789608
002215	-31723.26	4745.25	-86.9880891761
000938	22305.31	32820.13	212.132114482
000525	-18437.1	29105.21	-38.7804042336
000707	2024.36	2024.36	10000.0
002195	-45672.32	49423.88	-48.0274921606
600050	-21144.55	68047.88	-23.7066643436
600061	-4370.08	1218.48	-78.1968879282
601788	887.39	3224.91	37.96288374
603043	344.68	344.68	10000.0
603679	92.02	92.02	10000.0
603286	21.6	21.6	10000.0