600547	255028.0	486918.22	109.977902475
002415	-35240.45	224501.01	-13.5675105545
600519	275321.57	873504.93	46.0262836465
600887	195889.89	697008.03	39.0905605612
600066	15726.89	149561.56	11.7509835082
600489	62151.05	162192.8	62.1251127654
002007	72940.59	224335.91	48.1788935087
002475	-32310.65	288619.01	-10.0678291935
600276	-93959.4	322013.51	-22.5878651569
000002	-45707.87	296743.63	-13.3472535527
002699	-22401.05	106632.0	-17.3607071987
000858	83937.92	575259.15	17.0841223368
000403	5024.19	108191.94	4.86992301373
600594	-5938.67	157117.97	-3.64209025772
600115	58672.78	98449.22	147.506363063
601607	57190.09	88284.95	183.921361923
600028	31433.13	192076.83	19.5669858202
000786	36113.52	84812.53	74.1565793637
000568	146965.39	306114.32	92.3445668155
600557	14466.49	65456.78	28.3710682956
601899	37932.08	68925.78	122.386420466
600029	47881.22	98727.09	94.169339614
000651	-6335.34	379220.27	-1.64317152589
000999	2894.95	59308.7	5.13163900645
300199	4089.61	92739.83	4.61319780143
600571	-9925.88	50487.32	-16.4299854999
300266	40299.39	74772.8	116.899923738
000625	-108521.49	140571.51	-43.5666558273
300003	-37223.57	333190.22	-10.0491858038
600518	-12572.0	146705.34	-7.89315040043
002445	112607.78	185494.25	154.497508248
002617	11696.69	71950.17	19.4124721095
600136	-128153.69	65275.49	-66.2535456129
601318	-116661.08	515661.05	-18.4496278819
601098	-171.78	73483.7	-0.233220936175
002155	59329.16	80430.75	281.159666167
601111	21267.43	32777.31	184.775427719
600161	19679.94	36994.54	113.660956649
300356	24289.99	96472.25	33.6509136732
000915	16432.6	59169.55	38.4505679512
000963	-94196.35	225098.36	-29.5013813414
300456	95592.16	136963.55	231.058613211
600335	23635.72	67954.33	53.3313657626
000538	33849.9	140681.07	31.6854154083
000895	-8431.87	65261.1	-11.4418919471
600271	-303577.27	200569.07	-60.2161011424
600867	5557.87	380431.05	1.48260006224
002450	23268.61	356169.76	6.98964542478
600305	-1877.41	84440.55	-2.1749934776
300070	-61375.41	180401.23	-25.3851695515
000333	152161.9	415091.48	57.8717312826
600988	20295.19	54858.17	58.719444909
000903	30192.8	52785.59	133.639094596
002236	-78571.49	207736.37	-27.4430083757
600048	-19021.92	139846.44	-11.973384757
601166	-127369.57	542396.84	-19.0170137078
601339	12606.98	26429.42	91.2066176449
300017	62617.12	588575.14	11.9053456015
000078	4127.17	110742.03	3.87110202086
603300	-14942.94	24630.4	-37.7601183019
002594	-10098.94	227248.91	-4.25491109357
600309	93624.67	126202.97	287.383534439
600340	-47719.5	46072.7	-50.8778981621
002414	3397.8	35217.53	10.6782804254
002304	22134.54	105065.57	26.6902991558
600138	-29260.41	56397.15	-34.1597519238
600511	11744.98	45967.28	34.319668754
600221	-5054.07	12795.16	-28.3153390931
600521	124172.4	267160.7	86.8409513226
600076	24730.15	63255.05	64.1926390464
000423	41797.75	163788.82	34.2629587559
002572	165409.5	406941.06	68.4835969262
600085	-26508.94	34737.59	-43.2823541187
601668	-25606.22	163977.64	-13.506540061
000933	13215.63	20839.52	173.344972186
600298	40245.42	76130.03	112.152312649
002585	4493.02	19139.72	30.6759884479
600406	-20064.14	69755.13	-22.3383467712
601633	8975.14	20843.61	75.6217102963
600498	-66664.32	91935.72	-42.0329780497
600900	5775.46	249661.1	2.36810170537
002308	-4204.35	59033.22	-6.64850025072
000726	15492.3	29609.14	109.743398664
002371	35967.14	134856.93	36.3709337435
002299	-80840.76	282948.81	-22.2218465472
600068	-87.41	28224.36	-0.308740852303
600559	10763.42	54300.06	24.722670376
001979	-37300.6	117077.9	-24.1617841863
300058	35575.71	150744.55	30.8900480373
300011	74420.95	100819.68	281.911099511
300072	60011.05	121504.04	97.5900667702
000860	9622.05	89464.17	12.051345831
002640	66099.21	154592.98	74.6936309754
00700	22522.4	51999.22	76.4071565386
601225	25326.2	29068.47	676.760362026
300304	20880.59	40115.96	108.553097757
300165	-6513.72	22433.4	-22.5021349274
002271	32631.46	46033.63	243.478929158
000069	-15388.46	95436.46	-13.885378848
600690	20080.97	30017.65	202.089329635
300109	36278.1	42669.85	567.576954668
603001	656.71	17437.27	3.91351659301
600987	-3435.3	17543.33	-16.3752351798
002400	-28394.12	119113.28	-19.2492851206
01299	10228.89	10228.89	10000.0
00941	7281.42	10198.64	249.601332776
002234	-69936.05	136418.47	-33.8912130444
000089	16959.13	43560.43	63.7530120708
300213	-36396.45	23331.99	-60.93654882
600188	17207.84	22803.98	307.494808922
00388	14456.46	18347.71	371.511982011
600486	8068.19	9817.33	461.266107916
000975	9682.19	17223.53	128.388190958
300498	-79382.77	72495.83	-52.2672516075
000902	7662.83	21457.65	55.5486044762
002508	18995.1	242604.16	8.49478102542
002458	-31911.49	134243.93	-19.2058074302
002239	29505.24	33808.28	685.683609727
300279	16877.17	61632.32	37.7100065579
600715	-21133.36	34501.84	-37.9855918555
600525	7064.43	54237.62	14.9755189335
00939	8661.01	8661.01	10000.0
300009	21143.1	56776.1	59.3357281172
000418	3506.22	28376.34	14.0981225664
000983	78409.17	101661.52	337.209658379
01398	8316.22	8316.22	10000.0
002727	28175.93	37445.55	303.959925002
000028	-26289.59	154383.28	-14.5509339615
002553	3662.82	14173.42	34.8488192872
601028	2060.2	23144.72	9.77114963964
002085	-31598.92	93415.24	-25.2762727038
000550	-5320.14	12740.67	-29.4568183819
300161	26695.36	56690.92	88.9977049937
002230	-1293.37	124127.77	-1.03122169038
002127	18123.95	150229.96	13.719247141
03988	7239.41	7239.41	10000.0
002262	42831.12	55819.67	329.760596833
300033	98215.55	237820.02	70.3527258117
600395	2501.0	32949.64	8.21383155372
601699	23532.69	48143.17	95.6206055307
600667	70738.9	72567.41	3868.66355667
002675	8274.77	35142.95	30.7976573032
300312	10990.7	10990.7	10000.0
300322	-19867.34	36399.19	-35.3093393177
601137	7577.66	7577.66	10000.0
002714	-210449.24	85755.66	-71.0485343085
600418	-23625.23	47301.0	-33.3095809547
002339	19333.1	19797.0	4167.51455055
002462	-55082.99	89000.92	-38.2297995661
000835	2838.77	12090.36	30.6841310521
601069	-2485.9	30400.4	-7.55907475149
000932	-4329.59	12272.71	-26.0782542178
600267	-4248.9	21726.94	-16.3571226186
300068	29176.4	71542.39	68.8675043354
600552	15151.28	15151.28	10000.0
000070	43930.26	63798.95	221.102951428
002452	3417.09	39947.11	9.35419690435
600459	42512.61	42681.87	25116.7493797
600976	5169.31	46404.65	12.5361158657
002521	4109.02	4378.1	1527.06258362
300210	8448.82	14308.84	144.177323627
600123	2855.97	18184.12	18.6321897946
002051	-20243.67	96059.85	-17.4058962274
002716	73474.34	103085.99	248.12646374
002121	9102.47	9361.97	3507.6955684
600203	32242.38	38131.61	547.480400664
300303	11792.93	30725.94	62.2876658281
002351	5469.43	5554.23	6449.7995283
300102	10110.56	38438.36	35.6912997126
603006	-5329.6	5222.75	-50.5062853298
002311	6491.39	57788.66	12.6544551006
000532	2967.91	4646.01	176.861331268
300008	19151.01	116650.98	19.6420675822
601199	15316.15	30530.8	100.667120177
00386	3865.53	3865.53	10000.0
601009	-16256.93	62471.39	-20.649405449
300015	114511.67	214003.31	115.09677597
000661	39138.84	92237.0	73.7103507918
01093	-520.51	3606.08	-12.6135622875
300059	-140629.6	194365.05	-41.979655496
002025	11051.18	13534.3	445.052192403
00688	3476.04	3476.04	10000.0
002533	18209.24	19561.92	1346.16021528
603939	10472.73	32307.32	47.9639416174
600398	-28207.32	32753.32	-46.2713646051
600855	-14409.92	106298.46	-11.937795868
002152	-76614.99	53120.53	-59.0547523146
600570	191775.67	249975.09	329.514744305
300114	15855.76	63022.68	33.616271743
600682	21528.31	32291.11	200.025179321
002511	69913.19	88617.72	373.776780277
002609	18762.01	34685.59	117.825325712
600478	4074.62	4198.37	3292.62222222
000768	-24941.69	227653.97	-9.87415619097
000998	-44768.5	55987.02	-44.4328012996
300219	59158.32	63536.44	1351.22655386
601688	-33206.0	198514.06	-14.3302224244
002048	40060.75	41967.06	2101.481396
002123	18635.99	77828.82	31.4835259608
000513	-32524.32	23608.75	-57.9414594641
600104	46318.59	123960.67	59.6565547961
300342	26337.78	113260.71	30.3001521003
300267	-6109.25	307835.38	-1.94596416572
600612	6322.2	56644.48	12.5634212122
600703	3970.6	93390.78	4.44038470958
000783	122786.28	221795.99	124.014382024
002041	5557.12	7671.73	262.796449463
601933	-10297.54	33321.63	-23.607831144
601877	-173.53	2353.32	-6.86744365514
000826	-28267.86	79236.09	-26.2947175429
601689	65810.21	77321.13	571.719810406
002665	-99480.2	35865.16	-73.5010051324
600201	-27584.42	15957.0	-63.3521368848
600566	16338.59	41849.24	64.0461532732
000848	29751.25	33856.41	724.728147015
600233	6573.31	9073.7	262.891388943
601818	5228.52	78401.29	7.14544495172
002035	84102.32	118243.3	246.338330066
300031	-35409.25	63868.35	-35.6669077415
603883	14343.86	26264.77	120.325210072
300429	68286.39	101035.98	208.510671431
600702	30021.21	43446.64	223.614513651
002418	27429.84	43391.14	171.85216743
600888	-97.22	1891.1	-4.88955500121
603012	11031.62	11031.62	10000.0
002361	9240.93	10390.21	804.062543505
300468	2568.42	2568.42	10000.0
002191	12497.25	30890.51	67.9447254048
300326	22348.98	37669.9	145.87231054
002715	-20.77	1823.34	-1.12628856196
300379	17982.15	31964.97	128.60174128
600839	-55193.02	2607.12	-95.48942269
600965	-60578.48	68140.85	-47.062457519
600030	-128635.78	425535.23	-23.2122896504
002050	52716.21	63705.36	479.71144265
002353	-16995.41	7410.02	-69.6378224026
300273	15261.48	15261.48	10000.0
000650	15272.2	17616.91	651.347074905
603308	-7432.17	20089.6	-27.0046948289
02238	13648.05	15529.65	725.342793367
300310	135612.8	236683.73	134.175870352
600990	-3959.54	192031.19	-2.02026901987
600199	19549.1	27899.18	234.11871503
002673	114429.38	131298.65	678.330360472
600731	1379.08	1379.08	10000.0
000795	2911.26	2981.89	4121.84624097
600228	0.0	1360.25	0.0
000829	11478.74	16416.65	232.461506994
600608	1313.98	1313.98	10000.0
000606	3656.4	3656.4	10000.0
300349	1598.83	1598.83	10000.0
600595	-2579.4	7520.24	-25.5395241811
002656	1280.12	1280.12	10000.0
03888	4822.48	10215.88	89.4144695368
600784	1257.98	1264.76	18554.2772861
600122	-28680.44	14749.27	-66.0387554971
300142	-10702.79	37831.01	-22.0522398823
000021	27737.82	28245.44	5464.28824711
600348	4758.44	31319.89	17.9148352217
300019	3459.66	4267.82	428.090972085
300398	30997.75	54120.79	134.05568645
600699	7888.06	39318.49	25.0968885885
603111	32174.36	50589.88	174.713285316
002001	-38278.08	86833.47	-30.5951608784
002630	3294.15	18445.87	21.7410960604
600741	7800.64	14441.2	117.469610997
300383	-28964.24	158484.97	-15.4517802449
002059	2248.49	10583.85	26.9753196023
002537	16169.87	23470.19	221.495359108
002131	22189.88	67549.01	48.9204268248
300309	3768.24	25957.83	16.9820172432
601999	-3277.43	1096.91	-74.9239885331
601313	-15293.99	1196.7	-92.7431781205
002645	1087.68	1087.68	10000.0
600509	1080.16	1080.16	10000.0
002430	1103.73	1103.73	10000.0
601186	-230.72	65262.94	-0.352278373204
000001	-51062.08	235243.04	-17.8348469633
600869	62956.27	69901.14	906.514736777
000686	4016.91	6878.19	140.388567354
000821	27838.96	42769.8	186.452738091
000937	20081.83	26837.68	297.250975081
002165	-24871.24	3851.81	-86.5898294227
600584	12631.55	118445.4	11.9375204664
300401	-39639.85	4105.32	-90.615375366
601088	21133.85	70677.06	42.6574095623
300354	852.76	1280.34	199.43870153
603023	-16863.79	1000.46	-94.3996529381
002249	5302.61	6310.93	525.885631546
300198	2139.55	2317.8	1200.3085554
002669	1080.49	14143.52	8.27135817647
002495	1318.55	1341.52	5740.31345233
002631	-6924.07	10316.67	-40.1610951734
002169	9834.76	22034.91	80.6117957566
300007	36598.14	78990.25	86.3324330872
300373	17118.99	18487.95	1250.51060659
002454	5009.44	7676.77	187.807282938
002405	13624.41	44744.64	43.779914223
600074	-19211.46	85395.15	-18.3654359892
002456	71059.63	166019.14	74.8315045012
600686	-1261.52	3320.73	-27.5305799553
300147	-88285.87	20790.11	-80.939790777
300503	9136.2	9192.52	16221.9460227
600197	6487.09	9848.92	192.96305881
600436	-876.45	21700.88	-3.88199136036
300364	88905.49	162087.82	121.484913093
002465	7154.84	217739.43	3.39760853346
600805	2858.0	4306.65	197.287129396
300148	11698.06	11698.06	10000.0
600184	1511.07	5067.93	42.4832577048
601998	10339.27	26227.25	65.0760512035
000547	9962.09	71113.83	16.2907711211
300168	-68057.4	22471.96	-75.177157996
601898	3450.73	8047.56	75.0676009337
002590	5833.28	10529.54	124.211180812
000919	502.01	15339.61	3.38336388634
000633	56.57	768.0	7.95159045865
002142	25267.99	51004.25	98.1805048597
000969	9348.86	13684.91	215.607753601
600328	2029.41	2870.44	241.300548137
000572	1270.94	1270.94	10000.0
002329	-123335.46	113971.87	-51.9728825907
603799	16425.31	31332.06	110.187062908
600000	-68134.4	364274.33	-15.7569436676
000756	-1522.23	730.99	-67.5579836856
300274	-29400.97	4875.55	-85.7758313854
300350	5785.19	8771.14	193.747048678
002690	-19647.2	66984.18	-22.6790800285
600697	-19285.23	682.01	-96.5843551738
601336	-48170.94	41026.72	-54.0047126797
000988	2504.45	15421.34	19.3889550813
600816	4320.52	5067.71	578.235790094
300340	74486.1	74486.1	10000.0
000876	20415.07	51443.65	65.7944063183
000911	135736.77	191297.5	244.303431578
00570	4907.71	4907.71	10000.0
600883	613.59	613.59	10000.0
600338	42823.71	50297.28	573.002059257
300284	578.51	25199.11	2.34969903252
603766	17463.99	39845.28	78.029416535
002103	9271.16	55679.03	19.9775598406
600885	87693.43	112408.31	354.820375418
000060	-30487.83	40637.43	-42.8649821456
600497	-22011.59	40205.7	-35.3785740266
300043	-22380.51	1734.9	-92.8058448934
603788	30845.0	30845.0	10000.0
600109	126.4	37770.42	0.335777103508
000716	-5072.84	506.16	-90.9274063452
300145	19813.0	150929.95	15.1109372206
600377	2971.59	4148.43	252.505863159
600015	-2489.57	10514.87	-19.1440000492
600110	105395.84	105931.04	19692.7952167
600597	15352.48	17861.56	611.876863233
300200	454.44	454.44	10000.0
000728	-14311.92	7845.74	-64.5912970955
01928	443.57	443.57	10000.0
300207	60104.65	190568.69	46.0698978814
000601	6275.89	13766.1	83.787904478
002126	2755.36	26596.31	11.5572575757
600337	10940.41	32744.64	50.1756310587
00027	393.15	393.15	10000.0
00874	4760.83	4760.83	10000.0
600585	-99487.07	25092.81	-79.858055731
000501	-1298.11	1337.73	-49.2484369309
600019	4079.53	14416.2	39.4665786951
000528	-2747.25	15445.08	-15.1011442734
002618	21410.32	39560.4	117.962675647
601198	2902.24	29471.25	10.9234028667
601788	-3811.26	14689.17	-20.6009265731
300021	3614.96	4359.68	485.411966914
600600	1909.26	16642.14	12.9591770245
000401	-10757.64	14785.13	-42.1161839534
601328	-10583.31	326353.98	-3.14103256425
02382	5602.8	5602.8	10000.0
002583	16990.48	33416.27	103.437825517
603609	43668.78	43861.51	22658.0086131
600004	-23116.71	245.2	-98.9504282826
601211	-4435.92	2004.14	-68.8801036015
02318	224.76	224.76	10000.0
600322	-4053.54	891.96	-81.9642098878
600622	-18858.32	55861.56	-25.2386914968
603866	12890.97	12890.97	10000.0
002355	-43700.4	31873.38	-57.8248170199
002746	-2123.2	2618.38	-44.7783228375
002548	1193.36	13004.69	10.103519248
300133	-27434.84	61377.82	-30.8906860801
300408	28664.58	107029.63	36.5782705428
002555	-351.07	78343.11	-0.446119395361
300136	27906.62	334193.01	9.11128307072
300025	-7899.02	18856.9	-29.5225131485
000050	-14410.87	20538.24	-41.2338683303
300078	-4776.68	59068.5	-7.48166110582
300081	17881.7	22594.48	379.429975513
000563	-32600.84	5648.22	-85.2330488645
002470	939.69	2055.92	84.1842630999
02319	145.15	145.15	10000.0
02018	143.51	143.51	10000.0
00665	-1722.08	142.92	-92.3367292225
00867	-3212.28	136.22	-95.9319098104
00669	133.67	133.67	10000.0
000869	65235.95	68254.67	2161.04673504
000166	-13933.99	81016.72	-14.674971888
002092	128.8	460.99	38.7729913604
300339	-15935.81	50542.05	-23.9716049825
002343	52658.05	178659.94	41.7914763025
002100	-1250.06	5839.84	-17.6315603887
300088	3034.64	3679.46	470.618157005
300100	15036.48	160889.6	10.3093303729
603328	12528.94	12528.94	10000.0
600369	-11920.2	5197.58	-69.636366398
002649	1251.83	2975.2	72.6384931849
601985	-6407.47	33592.84	-16.0185508562
002179	190668.42	268558.45	244.791817387
002013	-10007.98	19309.85	-34.1361553703
600779	26978.29	26978.29	10000.0
601611	6990.52	6990.52	10000.0
000799	15430.76	15430.76	10000.0
600132	318.99	318.99	10000.0
002373	-9495.51	104762.69	-8.31057202021
600315	4714.6	7539.32	166.905038375
601127	1807.33	1807.33	10000.0
300285	65351.8	225253.69	40.8699359338
002383	4663.28	20236.29	29.9446285593
002657	-47902.21	6131.56	-88.6523557398
300037	-1696.94	228.16	-88.1481481481
002294	-14185.55	15225.06	-48.2327636183
002055	-37702.55	97468.57	-27.8924595727
002292	-267778.47	59927.62	-81.7129977658
601966	735.92	735.92	10000.0
300515	299.21	299.21	10000.0
002799	193.12	193.12	10000.0
603958	122.88	122.88	10000.0
002802	64.79	64.79	10000.0
603909	32.16	32.16	10000.0