002572	198157.48	618784.49	47.1100227254
002475	230546.91	603802.36	61.7665220963
002035	179442.1	364091.44	97.179930348
600056	110604.47	274908.36	67.317012397
000651	713463.38	1390943.03	105.311411199
300136	122943.78	595112.9	26.03808144
002415	94174.35	428882.28	28.1362769027
300197	37107.45	197339.26	23.1586037754
002310	60731.53	239616.83	33.9499835928
002217	32258.76	139278.46	30.1428241716
002508	117285.97	279885.17	72.1319477587
000333	195802.78	865392.19	29.2422157632
600519	263587.71	1365888.03	23.9125132432
300145	93928.95	274138.49	52.1220741144
300296	45994.35	199685.59	29.9264616513
000963	132576.28	405639.28	48.5515357262
002127	101185.2	211383.76	91.8208005622
000568	228889.77	552977.61	70.6258432899
002236	200468.93	432674.2	86.3326357752
600887	388900.54	1084801.65	55.8844546174
002271	80492.95	242049.59	49.8233622586
002450	82928.05	288145.04	40.4099338948
600522	12638.03	79370.94	18.9382270307
300355	47746.02	48541.4	6002.9193593
002043	113417.56	242043.24	88.1764512343
600340	113743.93	171279.33	197.693819805
000858	575388.96	1185661.77	94.2838924775
000423	275806.63	511100.08	117.218150357
002456	120061.59	481089.33	33.2555027489
002311	69620.67	163746.33	73.9656646232
002640	-41895.91	157209.13	-21.0421142529
600867	-52005.21	365290.52	-12.4624352135
000418	62958.15	88690.74	244.663090657
600196	140643.54	235745.36	147.887327498
002511	-20459.58	91510.9	-18.2722981986
002138	39498.22	133661.6	41.9464764328
600660	80640.59	165474.35	95.0571918538
002120	23935.77	118954.49	25.1905834977
600068	216543.12	391178.5	123.99727936
002008	125503.86	196740.62	176.178506715
600309	-1119.47	202292.97	-0.550344905159
000967	12924.82	58408.73	28.4162465364
000538	105555.0	294777.62	55.7834998797
600622	109512.99	155589.95	237.674078325
600674	21188.51	69867.53	43.5269855474
600585	36275.13	84278.75	75.5674884519
002502	-10707.42	46273.48	-18.7912440835
600019	39030.54	82888.62	88.9928150069
002664	5456.88	27421.92	24.8434785459
600426	41770.91	105806.56	65.2307113303
001979	-33198.62	101034.48	-24.73206683
300049	-8125.11	31877.35	-20.3115258412
603818	19005.45	36257.47	110.163621419
600566	29687.56	92343.12	47.3821636899
600557	634.7	49011.84	1.31198330451
600584	102818.61	294020.18	53.7749820778
000400	-10952.14	63819.68	-14.6474166337
600884	29696.15	42802.87	226.571941721
600104	-33000.22	440623.07	-6.96760921533
603111	5816.2	44152.35	15.1715808708
300285	21160.69	236918.6	9.80760798063
002192	27946.63	38498.42	264.852029845
600029	74765.37	99553.32	301.619819307
000089	53366.4	101043.66	111.932606865
300070	-23737.36	176674.9	-11.8442654157
600201	50035.34	77366.71	183.069271683
300144	-26937.7	180762.68	-12.9694996225
300408	113442.75	176053.75	181.186612576
002614	67906.57	83914.57	424.20396052
600007	-1523.5	19027.48	-7.41327177585
600009	38388.34	63137.04	155.112551366
002303	-304.47	77067.77	-0.393513229034
601111	78480.28	89009.57	745.352060775
600109	73665.53	161961.73	83.4300117106
002050	-3383.31	102753.2	-3.18769667478
600993	20753.16	28232.12	277.487244216
601988	75353.03	264616.03	39.8139255956
600741	59369.22	87224.01	213.13827891
002032	-25803.29	43757.58	-37.0945475524
600036	316931.24	822693.97	62.6640163857
600690	140574.59	149878.5	1510.91949514
000049	56073.91	81022.32	224.759453608
002241	223152.69	296588.6	303.874071963
601009	85292.76	227617.7	59.9281896764
002466	251938.91	276366.66	1031.3635517
601328	118086.62	642327.97	22.5252395676
603899	9241.4	43041.66	27.3412098013
603778	11196.87	11196.87	10000.0
600258	77930.07	80895.61	2627.85428623
600900	62563.02	238525.43	35.5547642249
000910	83686.08	247457.39	51.0993531162
300115	77388.67	283722.76	37.506487658
601186	70976.27	202767.41	53.8551149948
002179	-17400.36	85847.41	-16.8530129028
603366	3415.5	16688.16	25.7333496074
601933	88672.96	142427.38	164.959383805
002643	-4484.57	12939.32	-25.738052754
002595	13759.6	15054.45	1062.64046028
300406	4413.92	13705.32	47.5054351336
603328	-11226.72	15793.15	-41.5498668202
600240	47853.35	137257.83	53.5245549216
002007	29626.01	154739.33	23.6793412564
000811	46269.22	66978.57	223.421884318
600298	22123.77	99488.39	28.5967539167
601012	130893.63	205297.55	175.923029324
002358	-528.51	22573.95	-2.28767845502
600521	-31543.69	88080.2	-26.3690555457
002568	18025.86	56393.03	46.9825113502
600038	46237.57	217778.67	26.9542226324
600779	64656.1	86250.87	299.406291431
600166	-2199.4	50127.81	-4.20316695654
601398	180318.2	583620.17	44.7104684363
002616	38247.84	67206.3	132.078294219
000921	48290.68	56718.98	572.9587224
002285	37792.73	43596.6	651.164309332
601689	20177.6	57520.17	54.0337743224
002019	49955.17	102276.22	95.4781488521
600739	10268.01	38410.25	36.4861148224
603556	42711.12	42711.12	10000.0
603808	-14582.23	43879.49	-24.9432107027
000915	-47459.09	107094.41	-30.7072243592
300203	28374.11	111429.34	34.1629419363
601169	17294.0	166179.87	11.6156086538
002460	166289.26	185390.74	870.556941138
600146	6696.39	70300.4	10.5282512848
603008	54585.15	122966.96	79.8240789473
600297	36792.78	73613.85	99.9231689899
000661	58633.03	190117.98	44.5929591181
002581	25333.37	52473.84	93.341677576
300064	-18404.12	7247.45	-71.7465636606
002675	7692.88	30289.19	34.0448506858
002727	-5224.47	19228.09	-21.365738393
600116	45663.98	52089.98	710.612822907
002273	63991.04	106512.97	150.489500359
601318	258601.56	885572.83	41.2461578981
601601	74014.87	97865.9	310.321482972
002509	9307.16	98906.41	10.3875423064
600183	71948.66	93879.91	328.064565403
300273	-19858.17	8392.44	-70.2928892509
600804	-38026.11	82542.97	-31.5388572261
601901	118.76	6511.19	1.85782245562
000776	73811.55	264931.87	38.6204617071
002051	10012.5	139572.87	7.72805758428
600664	18406.45	32569.53	129.960785366
000928	43084.43	89917.66	91.9954271785
600885	9318.61	147862.51	6.72610630999
000063	53242.21	283040.79	23.1690770239
600197	24231.9	24502.84	8943.64065845
300106	-1770.68	11571.49	-13.271304443
600691	-7362.78	15987.92	-31.5313031301
002304	101530.48	157940.57	179.986381869
002431	19962.63	19962.63	10000.0
603589	48029.93	76576.02	168.253971034
603579	7719.46	7719.46	10000.0
600325	-3426.55	41628.13	-7.6053142537
300156	200360.09	403611.19	98.5776165541
600114	30078.75	94801.13	46.4734918586
002117	37486.52	98083.66	61.8618634477
600990	48746.26	115900.69	72.5883013228
600703	148157.99	288276.56	105.737583534
300433	36790.49	76560.11	92.5090307627
000829	8077.12	11731.15	221.046898903
002694	3850.83	148379.66	2.66440266624
000596	22581.38	57645.14	64.4009085164
603703	-31903.96	65251.76	-32.837963632
002480	8713.65	24153.49	56.4361418253
000403	-20173.72	119627.85	-14.4302528219
600477	-2752.42	70419.48	-3.76158060676
600305	-19674.93	36654.3	-34.9284554396
002583	31409.18	104713.29	42.8477748383
600985	27313.32	27313.32	10000.0
000919	-4594.11	48564.94	-8.64219733046
002449	10677.96	14661.96	268.021084337
601377	39239.04	152151.79	34.7516467361
600285	-6814.96	33762.59	-16.7949026001
000018	-52506.35	76321.25	-40.7570660324
601288	161564.56	603235.86	36.5802713466
002372	23428.73	30549.47	329.021000626
300097	44627.8	154883.87	40.4765016566
002245	-768.84	11217.15	-6.41448891581
600066	16834.64	146575.19	12.9756194189
601997	186446.5	240332.88	345.999304462
601766	40703.51	114149.89	55.419354909
002589	63097.4	171284.77	58.3223346681
002195	91825.41	95096.2	2807.43826415
300229	4237.12	4237.12	10000.0
600406	-621.37	66704.43	-0.922929991177
300308	49555.86	51469.14	2590.09972403
601818	95574.98	199270.54	92.1688257434
002383	-2692.0	18291.63	-12.8290481675
000778	-3745.0	20740.49	-15.2947725367
000887	-23330.05	17512.32	-57.1221748395
002562	2416.41	3193.26	311.052326704
300275	10832.42	11084.7	4293.80846678
000923	2575.0	2575.0	10000.0
300450	93609.22	107180.67	689.751058288
601669	-24657.18	13812.08	-64.0958001272
601899	-5640.76	103259.61	-5.17974365009
002833	13270.89	13275.72	274759.627329
002554	31.36	32931.23	0.0953195255787
300263	-16864.7	3843.83	-81.4384217518
600872	1335.96	40021.49	3.45338424987
002497	16126.21	16126.21	10000.0
000001	51237.05	348761.73	17.2211091866
000820	58149.72	192881.52	43.159610426
002003	-8573.57	4925.15	-63.5139479891
600089	110779.14	223528.32	98.2527234344
600967	5158.28	88023.81	6.22488023669
601166	37962.31	769805.92	5.18721615947
000630	-3434.2	57786.26	-5.60956255474
300161	9838.93	45034.02	27.9554051432
600048	39445.21	265817.95	17.4248940045
300129	5022.88	72717.45	7.41991565941
000822	-61.9	3322.09	-1.82920162294
300324	-16488.13	159022.4	-9.39438220601
601058	-14775.24	9688.4	-60.396735727
000807	19081.84	55748.83	52.0409229119
601668	84202.24	471538.17	21.738814677
002024	-15150.83	49084.11	-23.5865869883
000980	-5398.23	29589.61	-15.4288747176
000039	4041.43	4781.01	546.44933611
600809	8085.37	72601.96	12.5322339572
600487	26671.62	73824.57	56.5640537867
002709	38918.14	42699.96	1029.08493794
300545	4668.38	8743.88	114.547417495
000065	81624.57	128548.34	173.951432291
000799	13489.53	13489.53	10000.0
002683	-444.37	15195.49	-2.84126584253
603377	30489.73	86831.89	54.1153019338
000925	10783.69	62585.49	20.8172109849
600000	-27776.35	378099.19	-6.84356342341
600015	-7739.77	172835.31	-4.28617835861
002142	112377.77	300946.87	59.5950078777
600518	73017.44	357382.31	25.6773770965
601939	99349.08	206740.91	92.5108362526
601607	115261.96	307415.57	59.9842802849
002353	-5624.91	78151.65	-6.71418115043
600535	-16498.18	97535.86	-14.4677676946
300310	22167.81	67788.54	48.5915284565
300065	9020.38	113652.34	8.62105612855
601117	64693.7	85378.05	312.766415188
000028	49178.5	193951.66	33.9693490147
002202	-32200.28	131332.59	-19.6904023026
300078	-50051.07	8597.07	-85.3412742501
002705	15429.23	30767.92	100.590272051
300306	-14612.0	3166.75	-82.1880053435
600879	42327.68	156620.51	37.0344141448
002279	3155.24	3155.24	10000.0
300072	35369.75	140494.04	33.6456493547
002045	52783.97	109691.9	92.7532770916
600276	59209.75	418438.57	16.4824609562
002244	15581.38	15755.88	8929.15759312
300038	16580.64	38121.51	76.9729356335
600373	28498.17	30704.0	1291.94770223
300271	-8579.04	208182.68	-3.95782059674
000625	-34599.48	94664.47	-26.7665346758
000729	4673.1	6479.11	258.752720085
600823	1391.06	37979.58	3.80190289195
600028	63980.16	461037.44	16.1135844178
000543	1615.2	1615.2	10000.0
000539	3232.45	5181.05	165.885764138
000888	19178.41	22161.18	642.973142415
03888	11818.47	35613.07	49.6687063451
600031	17407.16	50673.1	52.3272752852
601225	54287.23	66555.46	442.502545192
00285	6143.11	6143.11	10000.0
603288	13698.87	14590.65	1536.12662316
603108	852.48	70731.69	1.21993365409
601888	41397.45	68408.69	153.260087282
603611	-18169.75	1968.92	-90.2231875293
300007	28779.17	29032.34	11367.5277482
002094	-40638.33	76528.85	-34.6840557228
01398	54119.13	85654.38	171.614716864
601800	65059.84	90348.56	257.268220772
600643	29938.08	143827.88	26.2868843391
300054	45408.63	151496.26	42.8029450747
00934	2296.6	2296.6	10000.0
603979	32272.77	32410.07	23505.2949745
00939	52760.05	110710.52	91.0433513309
00257	2332.72	2332.72	10000.0
002235	9747.39	20628.28	89.5826536248
02318	2569.66	26710.84	10.6443015627
03311	-4720.15	2643.28	-64.1025989247
600055	-12257.21	16281.0	-42.9501710163
00392	556.6	917.22	154.345294216
002250	-6355.62	105911.28	-5.66116994412
00914	820.32	820.32	10000.0
600419	6513.74	25041.13	35.1573535182
300147	-7567.4	502.33	-93.7751325013
002223	-34057.56	30236.84	-52.9712696596
300224	8350.27	10153.97	462.952264789
600837	-15881.13	409952.76	-3.72941899951
600054	18131.72	31848.05	132.190753649
002400	-4867.3	98682.1	-4.70046180857
600637	444.25	27842.73	1.62144031348
601618	27645.47	29185.85	1794.71753723
601336	3204.93	84507.65	3.94197143712
601628	91113.36	266578.01	51.9269037952
000669	1086.66	1086.66	10000.0
601390	7228.27	84046.14	9.40962044378
600489	14776.73	129747.46	12.8526017013
601998	37077.86	73016.7	103.169328782
300456	-41513.17	77969.81	-34.7440028697
601098	31489.45	129316.76	32.1888131239
000513	-38463.9	100847.01	-27.6101132352
300003	-44617.86	305700.74	-12.7363662677
603018	19740.03	26560.88	289.407185321
600498	-65670.42	46367.51	-58.6144531589
600332	50672.26	59950.8	546.123204728
002299	-59397.97	77799.08	-43.2939119318
300011	3778.39	46881.85	8.76586241569
603833	862.92	862.92	10000.0
600273	-3642.85	18217.9	-16.6638839015
002391	-3791.98	26739.21	-12.4200203137
002242	-10425.84	15162.36	-40.7447182686
002422	-7692.65	8352.87	-47.9426656163
600633	3150.76	16360.88	23.8511080899
601088	82499.32	189853.16	76.8480382257
600271	9042.59	61307.58	17.3014287384
000697	187.29	7515.67	2.55568079166
600176	29825.72	30499.96	4423.60583768
601366	266.76	266.76	10000.0
601228	508.21	508.21	10000.0
603768	193.52	193.52	10000.0
603388	55.0	55.0	10000.0
603178	52.08	52.08	10000.0