600547	255028.0	486918.22	109.977902475
600489	62151.05	162192.8	62.1251127654
600519	275321.57	873504.93	46.0262836465
002699	-22401.05	106632.0	-17.3607071987
000858	83937.92	575259.15	17.0841223368
601899	37932.08	68925.78	122.386420466
600115	58672.78	98449.22	147.506363063
002007	72940.59	224335.91	48.1788935087
600029	47881.22	98727.09	94.169339614
600305	-1877.41	84440.55	-2.1749934776
002155	59329.16	80430.75	281.159666167
600571	-9925.88	50487.32	-16.4299854999
300266	40299.39	74772.8	116.899923738
000568	146965.39	306114.32	92.3445668155
300342	26337.78	113260.71	30.3001521003
002617	11696.69	71950.17	19.4124721095
600521	124172.4	267160.7	86.8409513226
600988	20295.19	54858.17	58.719444909
002445	112607.78	185494.25	154.497508248
600136	-128153.69	65275.49	-66.2535456129
002572	165409.5	406941.06	68.4835969262
002716	73474.34	103085.99	248.12646374
300252	45954.28	182417.71	33.6751611769
601111	21267.43	32777.31	184.775427719
300356	24289.99	96472.25	33.6509136732
002522	44565.36	122453.83	57.2168897399
002262	42831.12	55819.67	329.760596833
300296	27481.25	209924.49	15.0629039476
600715	-21133.36	34501.84	-37.9855918555
300456	95592.16	136963.55	231.058613211
002308	-4204.35	59033.22	-6.64850025072
000895	-8431.87	65261.1	-11.4418919471
600066	15726.89	149561.56	11.7509835082
600887	195889.89	697008.03	39.0905605612
002175	14269.76	248693.06	6.087176488
000333	152161.9	415091.48	57.8717312826
300165	-6513.72	22433.4	-22.5021349274
600867	5557.87	380431.05	1.48260006224
002338	5302.8	79432.76	7.15338305862
603300	-14942.94	24630.4	-37.7601183019
600068	-87.41	28224.36	-0.308740852303
000999	2894.95	59308.7	5.13163900645
300353	31814.57	57202.43	125.314106821
002414	3397.8	35217.53	10.6782804254
000960	-10749.03	25126.12	-29.9623276836
600038	-34369.42	80571.58	-29.9017930938
600138	-29260.41	56397.15	-34.1597519238
600221	-5054.07	12795.16	-28.3153390931
002680	-2576.85	65731.29	-3.77239081609
600622	-18858.32	55861.56	-25.2386914968
000933	13215.63	20839.52	173.344972186
600687	-30203.17	38636.81	-43.8744607421
600276	-93959.4	322013.51	-22.5878651569
600076	24730.15	63255.05	64.1926390464
002111	-32635.93	34418.84	-48.6705569194
600497	-22011.59	40205.7	-35.3785740266
600641	-4111.44	79590.18	-4.91201962399
000911	135736.77	191297.5	244.303431578
000423	41797.75	163788.82	34.2629587559
002675	8274.77	35142.95	30.7976573032
300159	77017.11	157479.06	95.7186719934
002023	-7159.62	104066.92	-6.43697088842
000059	32955.21	39171.21	530.167471042
600085	-26508.94	34737.59	-43.2823541187
002635	42383.97	66952.88	172.510583498
300207	60104.65	190568.69	46.0698978814
600298	40245.42	76130.03	112.152312649
601668	-25606.22	163977.64	-13.506540061
601318	-116661.08	515661.05	-18.4496278819
002179	190668.42	268558.45	244.791817387
600511	11744.98	45967.28	34.319668754
000807	-28068.92	57914.6	-32.6445346736
002773	30438.94	110065.35	38.2271912045
601166	-127369.57	542396.84	-19.0170137078
603456	-34053.8	74804.7	-31.2826283662
000001	-51062.08	235243.04	-17.8348469633
601225	25326.2	29068.47	676.760362026
002439	-36977.66	191021.61	-16.2183238569
600498	-66664.32	91935.72	-42.0329780497
300367	-128650.61	269204.75	-32.3360253334
000963	-94196.35	225098.36	-29.5013813414
002553	3662.82	14173.42	34.8488192872
300145	19813.0	150929.95	15.1109372206
002281	-8867.26	20772.35	-29.9169253577
000055	12479.91	16252.54	330.801324275
300429	68286.39	101035.98	208.510671431
002127	18123.95	150229.96	13.719247141
000869	65235.95	68254.67	2161.04673504
600594	-5938.67	157117.97	-3.64209025772
002464	7517.84	83551.73	9.88748569881
000060	-30487.83	40637.43	-42.8649821456
600559	10763.42	54300.06	24.722670376
300285	65351.8	225253.69	40.8699359338
600246	-5209.92	73160.65	-6.64780159185
002236	-78571.49	207736.37	-27.4430083757
300203	-42717.75	55194.93	-43.6284146241
002614	-11737.97	53250.26	-18.0616859391
601799	39372.53	80826.26	94.9794626443
002042	10213.78	74192.45	15.9643518691
002640	66099.21	154592.98	74.6936309754
600965	-60578.48	68140.85	-47.062457519
300047	22782.57	85225.21	36.4855970215
600900	5775.46	249661.1	2.36810170537
600238	-29359.91	28859.81	-50.4294936492
002215	-63286.53	45701.34	-58.0674987042
600146	16303.65	46379.72	54.2080464635
600188	17207.84	22803.98	307.494808922
002368	-4773.72	83822.9	-5.38815137643
300170	-18303.72	50116.77	-26.7518107514
300304	20880.59	40115.96	108.553097757
002381	4358.49	60226.53	7.80140130207
002230	-1293.37	124127.77	-1.03122169038
601069	-2485.9	30400.4	-7.55907475149
300219	59158.32	63536.44	1351.22655386
002512	16363.56	45062.92	57.0171599645
002727	28175.93	37445.55	303.959925002
000078	4127.17	110742.03	3.87110202086
002329	-123335.46	113971.87	-51.9728825907
000860	9622.05	89464.17	12.051345831
600987	-3435.3	17543.33	-16.3752351798
300420	3222.66	31594.2	11.3587771408
600690	20080.97	30017.65	202.089329635
002340	30391.46	52642.28	136.585797737
000069	-15388.46	95436.46	-13.885378848
000975	9682.19	17223.53	128.388190958
002153	-97741.1	134873.64	-42.0184464665
300149	11070.0	11070.0	10000.0
002450	23268.61	356169.76	6.98964542478
002304	22134.54	105065.57	26.6902991558
300109	36278.1	42669.85	567.576954668
002191	12497.25	30890.51	67.9447254048
600007	10706.74	10706.74	10000.0
300005	8189.51	29840.98	37.8242678211
002626	-51842.78	15813.36	-76.6268663864
300011	74420.95	100819.68	281.911099511
300213	-36396.45	23331.99	-60.93654882
000089	16959.13	43560.43	63.7530120708
002400	-28394.12	119113.28	-19.2492851206
300196	32344.3	65853.16	96.5246206526
002131	22189.88	67549.01	48.9204268248
300498	-79382.77	72495.83	-52.2672516075
601633	8975.14	20843.61	75.6217102963
002589	18364.27	96974.49	23.3611736489
000065	17409.9	18153.91	2340.00887085
300009	21143.1	56776.1	59.3357281172
300182	-7897.0	75862.23	-9.42821465766
001979	-37300.6	117077.9	-24.1617841863
000887	8112.25	52726.58	18.1830591202
600990	-3959.54	192031.19	-2.02026901987
000418	3506.22	28376.34	14.0981225664
002013	-10007.98	19309.85	-34.1361553703
002299	-80840.76	282948.81	-22.2218465472
601028	2060.2	23144.72	9.77114963964
600309	93624.67	126202.97	287.383534439
000768	-24941.69	227653.97	-9.87415619097
000726	15492.3	29609.14	109.743398664
000550	-5320.14	12740.67	-29.4568183819
002138	87800.56	132468.53	196.562682387
300033	98215.55	237820.02	70.3527258117
000603	8639.45	12710.2	212.232389609
300389	31357.48	60075.57	109.190687821
000028	-26289.59	154383.28	-14.5509339615
300018	3740.85	7591.94	97.1374338174
300016	-6588.83	21871.39	-23.1510156984
600612	6322.2	56644.48	12.5634212122
600491	17095.56	19096.56	854.350824588
000906	2292.86	20023.49	12.9316329989
002383	4663.28	20236.29	29.9446285593
601601	-48143.82	35760.09	-57.3797097179
002462	-55082.99	89000.92	-38.2297995661
601607	57190.09	88284.95	183.921361923
600179	-203.13	18098.36	-1.10990963031
603678	23187.49	45360.83	104.573735847
601800	-9649.19	11825.16	-44.9335602707
002271	32631.46	46033.63	243.478929158
002426	97743.77	182296.73	115.600648398
601137	7577.66	7577.66	10000.0
002542	-5347.45	39672.01	-11.8780856101
000983	78409.17	101661.52	337.209658379
000915	16432.6	59169.55	38.4505679512
300008	19151.01	116650.98	19.6420675822
000070	43930.26	63798.95	221.102951428
002415	-35240.45	224501.01	-13.5675105545
002659	-8482.09	46147.59	-15.5265233111
600395	2501.0	32949.64	8.21383155372
002460	12793.24	41454.29	44.6363270013
600667	70738.9	72567.41	3868.66355667
002662	4018.24	25787.14	18.4586267565
002508	18995.1	242604.16	8.49478102542
600318	-1493.49	4707.37	-24.0852075357
002466	-179202.31	61558.31	-74.4317363861
300068	29176.4	71542.39	68.8675043354
000670	-11094.06	5316.0	-67.6052372752
600552	15151.28	15151.28	10000.0
002124	-39510.39	11342.13	-77.6960315831
300336	-54154.74	67512.77	-44.5104366811
002047	8829.04	17351.25	103.600357184
002745	17362.37	17362.37	10000.0
000038	4981.6	4981.6	10000.0
002312	-89791.37	51148.9	-63.7088108317
000910	14956.12	64519.31	30.1758623688
000002	-45707.87	296743.63	-13.3472535527
002588	-39515.24	23843.16	-62.3677996919
002398	21418.2	21418.2	10000.0
002343	52658.05	178659.94	41.7914763025
600048	-19021.92	139846.44	-11.973384757
002394	7207.74	34865.67	26.0603016929
600382	21512.93	31729.4	210.571068089
600459	42512.61	42681.87	25116.7493797
000799	15430.76	15430.76	10000.0
600015	-2489.57	10514.87	-19.1440000492
601566	-5956.48	4632.0	-56.254344344
002673	114429.38	131298.65	678.330360472
002611	108.0	4552.0	2.4302430243
002511	69913.19	88617.72	373.776780277
600266	-1369.18	11427.48	-10.6995106536
600562	-8017.98	30776.55	-20.6678106424
002521	4109.02	4378.1	1527.06258362
600271	-303577.27	200569.07	-60.2161011424
300210	8448.82	14308.84	144.177323627
601328	-10583.31	326353.98	-3.14103256425
600855	-14409.92	106298.46	-11.937795868
002121	9102.47	9361.97	3507.6955684
600203	32242.38	38131.61	547.480400664
300303	11792.93	30725.94	62.2876658281
002351	5469.43	5554.23	6449.7995283
300102	10110.56	38438.36	35.6912997126
300302	77044.56	154075.4	100.017811048
000532	2967.91	4646.01	176.861331268
002513	3249.26	8530.95	61.5193243072
002549	4720.87	23530.4	25.0982879423
601669	-36343.4	19971.0	-64.5366016507
300065	17447.7	123309.73	16.4815467831
000801	-30255.54	22490.07	-57.3612476944
600372	-13304.61	38172.54	-25.8456616188
600422	-8053.18	59117.63	-11.9891065777
000661	39138.84	92237.0	73.7103507918
000758	-2333.34	5057.76	-31.5695904534
002025	11051.18	13534.3	445.052192403
002108	6449.05	72559.03	9.75503244745
600398	-28207.32	32753.32	-46.2713646051
601998	10339.27	26227.25	65.0760512035
600482	63170.06	93599.15	207.597598219
600557	14466.49	65456.78	28.3710682956
002475	-32310.65	288619.01	-10.0678291935
300136	27906.62	334193.01	9.11128307072
002245	63486.42	84814.8	297.661707078
601015	3481.04	3481.04	10000.0
600259	20061.37	83106.65	31.8205740382
600093	-3761.92	9679.82	-27.9868528926
600549	18747.92	46070.67	68.616519201
002152	-76614.99	53120.53	-59.0547523146
300114	15855.76	63022.68	33.616271743
600682	21528.31	32291.11	200.025179321
002171	2852.95	3133.9	1015.4653853
002065	575.15	21258.45	2.78074581909
300073	125795.71	150093.15	517.732361928
600478	4074.62	4198.37	3292.62222222
000970	14533.3	14533.3	10000.0
600348	4758.44	31319.89	17.9148352217
002609	18762.01	34685.59	117.825325712
300233	20848.0	20848.0	10000.0
600528	-1508.12	8320.5	-15.3441683573
002458	-31911.49	134243.93	-19.2058074302
002123	18635.99	77828.82	31.4835259608
000657	28.72	2546.42	1.14072367637
002239	29505.24	33808.28	685.683609727
600820	4222.3	9249.92	83.9820829737
002533	18209.24	19561.92	1346.16021528
603799	16425.31	31332.06	110.187062908
300101	59492.76	76747.95	344.781830858
002041	5557.12	7671.73	262.796449463
300058	35575.71	150744.55	30.8900480373
300059	-140629.6	194365.05	-41.979655496
300224	-7363.15	10799.94	-40.5390822817
000937	20081.83	26837.68	297.250975081
300409	27419.72	55891.85	96.3037187594
600325	-19581.84	26321.15	-42.6591818964
002643	107838.89	122813.42	720.148745904
002695	8201.26	10388.76	374.914742857
000606	3656.4	3656.4	10000.0
600888	-97.22	1891.1	-4.88955500121
002530	7843.34	59179.12	15.2785055569
002076	19737.14	19737.14	10000.0
002361	9240.93	10390.21	804.062543505
300326	22348.98	37669.9	145.87231054
300379	17982.15	31964.97	128.60174128
002371	35967.14	134856.93	36.3709337435
002743	4135.18	4135.18	10000.0
002546	47698.15	69854.15	215.283218993
000601	6275.89	13766.1	83.787904478
002048	40060.75	41967.06	2101.481396
002035	84102.32	118243.3	246.338330066
300017	62617.12	588575.14	11.9053456015
600373	-1242.53	7732.15	-13.844839036
000650	15272.2	17616.91	651.347074905
300310	135612.8	236683.73	134.175870352
000795	2911.26	2981.89	4121.84624097
603766	17463.99	39845.28	78.029416535
300098	17595.91	18178.43	3020.65336812
000413	-3757.16	4622.03	-44.839178966
600150	-39912.84	55094.03	-42.0104777686
000540	2658.18	11622.16	29.6540152923
002074	16891.3	56268.04	42.8966440594
300267	-6109.25	307835.38	-1.94596416572
300197	10374.82	10374.82	10000.0
600419	14232.75	31027.6	84.7447282947
600731	1379.08	1379.08	10000.0
002688	-2565.01	2430.59	-51.3453839379
600826	-3221.35	18095.83	-15.1115203793
600595	-2579.4	7520.24	-25.5395241811
000971	-25552.64	58581.02	-30.3714827098
000750	-1462.49	14144.55	-9.37070706553
002425	-24108.0	137492.8	-14.918242979
300357	5194.4	22030.06	30.8535572707
600784	1257.98	1264.76	18554.2772861
300142	-10702.79	37831.01	-22.0522398823
600885	87693.43	112408.31	354.820375418
603686	35660.54	41175.66	646.595903625
300113	-115469.61	232012.59	-33.230366908
002050	52716.21	63705.36	479.71144265
601689	65810.21	77321.13	571.719810406
300398	30997.75	54120.79	134.05568645
300316	53397.07	53397.07	10000.0
600699	7888.06	39318.49	25.0968885885
603111	32174.36	50589.88	174.713285316
002157	7197.56	79752.02	9.92021717204
002221	4606.41	25875.39	21.6578792213
002094	-46780.21	44033.63	-51.5122034263
300383	-28964.24	158484.97	-15.4517802449
600566	16338.59	41849.24	64.0461532732
002385	-9681.07	59607.2	-13.972162965
603308	-7432.17	20089.6	-27.0046948289
300012	45132.11	189701.83	31.218231591
002714	-210449.24	85755.66	-71.0485343085
300322	-19867.34	36399.19	-35.3093393177
601699	23532.69	48143.17	95.6206055307
600629	-2652.54	2151.86	-55.2106402464
600509	1080.16	1080.16	10000.0
600570	191775.67	249975.09	329.514744305
300072	60011.05	121504.04	97.5900667702
600869	62956.27	69901.14	906.514736777
300007	36598.14	78990.25	86.3324330872
300061	44025.15	66488.67	195.985090493
300373	17118.99	18487.95	1250.51060659
002081	-25925.31	33109.56	-43.9152487335
002165	-24871.24	3851.81	-86.5898294227
300236	24134.0	25161.74	2348.25928737
300161	26695.36	56690.92	88.9977049937
002078	-3723.72	7751.28	-32.4507189542
601088	21133.85	70677.06	42.6574095623
002249	5302.61	6310.93	525.885631546
002631	-6924.07	10316.67	-40.1610951734
600882	29103.78	29103.78	10000.0
002169	9834.76	22034.91	80.6117957566
600479	-13949.58	30465.44	-31.4073482349
601198	2902.24	29471.25	10.9234028667
002568	-9595.47	880.0	-91.5994222694
002625	-1388.99	19124.33	-6.77116137222
300426	-2714.11	8901.24	-23.3665795693
300503	9136.2	9192.52	16221.9460227
600197	6487.09	9848.92	192.96305881
601933	-10297.54	33321.63	-23.607831144
600805	2858.0	4306.65	197.287129396
000783	122786.28	221795.99	124.014382024
000421	5940.74	5940.74	10000.0
600184	1511.07	5067.93	42.4832577048
000547	9962.09	71113.83	16.2907711211
601898	3450.73	8047.56	75.0676009337
002590	5833.28	10529.54	124.211180812
300178	-886.02	768.0	-53.5676714913
000633	56.57	768.0	7.95159045865
600104	46318.59	123960.67	59.6565547961
600328	2029.41	2870.44	241.300548137
000572	1270.94	1270.94	10000.0
600741	7800.64	14441.2	117.469610997
300250	2443.95	3429.72	247.922943486
000625	-108521.49	140571.51	-43.5666558273
600651	9654.75	24817.35	63.6747655415
300350	5785.19	8771.14	193.747048678
600702	30021.21	43446.64	223.614513651
002311	6491.39	57788.66	12.6544551006
300340	74486.1	74486.1	10000.0
000876	20415.07	51443.65	65.7944063183
000978	-1610.64	1728.86	-48.2299745471
300076	-438.11	752.53	-36.7961768461
002019	-187131.42	13491.11	-93.2753763996
600883	613.59	613.59	10000.0
000796	-4755.92	3496.0	-57.6341021241
600338	42823.71	50297.28	573.002059257
002103	9271.16	55679.03	19.9775598406
300468	2568.42	2568.42	10000.0
300049	9115.46	61966.93	17.2473159214
002565	592.74	592.74	10000.0
601688	-33206.0	198514.06	-14.3302224244
600123	2855.97	18184.12	18.6321897946
000810	-5964.86	12898.08	-31.6221119295
000957	38973.03	49883.96	357.192558288
002366	-18318.49	180338.58	-9.22116187458
300488	-550.28	16991.76	-3.13692136148
600537	2596.67	7507.32	52.8783358619
601818	5228.52	78401.29	7.14544495172
002519	24382.23	75068.79	48.1039352444
300284	578.51	25199.11	2.34969903252
300237	5351.5	5351.5	10000.0
000967	-11620.14	33353.97	-25.8373984499
000402	-13721.52	13344.36	-50.6967443881
000498	4594.06	4594.06	10000.0
002586	-2439.66	2547.41	-48.9197063606
002544	-30674.97	38615.49	-44.2701203023
600418	-23625.23	47301.0	-33.3095809547
002367	5974.88	36107.72	19.8284662183
002500	12869.5	38887.91	49.4630532765
600369	-11920.2	5197.58	-69.636366398
300133	-27434.84	61377.82	-30.8906860801
002097	-8010.96	5628.47	-58.7338327188
002428	7174.42	45302.2	18.8167787372
300026	9952.93	11085.86	878.512352926
300031	-35409.25	63868.35	-35.6669077415
600406	-20064.14	69755.13	-22.3383467712
002218	6654.11	20379.27	48.4811106027
002322	-3525.09	24165.59	-12.7302399219
002247	-23893.72	25957.64	-47.9299260843
002593	-3335.26	238.64	-93.3227006911
600108	5677.56	6348.36	846.386404293
603866	12890.97	12890.97	10000.0
600143	-6656.36	16287.87	-29.0110411201
600270	-4668.96	5331.79	-46.6860985426
601169	-28623.28	127720.47	-18.3079144513
600160	-16023.12	19156.04	-45.5471932815
300341	-3447.21	1352.58	-71.8200171257
300042	1183.31	1183.31	10000.0
300393	153.51	153.51	10000.0
002141	-32035.37	6560.34	-83.0024114079
600576	-13226.6	47950.65	-21.6201283974
000703	-12385.7	4790.19	-72.1109648467
300081	17881.7	22594.48	379.429975513
002470	939.69	2055.92	84.1842630999
002315	1439.74	1474.67	4121.78643
002325	-15400.3	41518.94	-27.056404829
300078	-4776.68	59068.5	-7.48166110582
600584	12631.55	118445.4	11.9375204664
002707	-82467.65	82197.94	-50.0818962845
600750	2977.66	21033.77	16.4911489795
002092	128.8	460.99	38.7729913604
300191	109.29	109.29	10000.0
300339	-15935.81	50542.05	-23.9716049825
002100	-1250.06	5839.84	-17.6315603887
002399	-3889.58	3387.03	-53.4531876794
600970	-1532.11	2724.28	-35.9955267257
000932	-4329.59	12272.71	-26.0782542178
300088	3034.64	3679.46	470.618157005
002661	164.1	164.1	10000.0
300118	901.31	4030.75	28.8009995399
002079	22814.29	22814.29	10000.0
002083	80.96	80.96	10000.0
600313	-3369.24	799.85	-80.8147581367
300100	15036.48	160889.6	10.3093303729
603328	12528.94	12528.94	10000.0
002583	16990.48	33416.27	103.437825517
002649	1251.83	2975.2	72.6384931849
601985	-6407.47	33592.84	-16.0185508562
000538	33849.9	140681.07	31.6854154083
600315	4714.6	7539.32	166.905038375
002657	-47902.21	6131.56	-88.6523557398
002327	32.66	32.66	10000.0
603939	10472.73	32307.32	47.9639416174
000888	-9001.58	12985.89	-40.9395896845
300037	-1696.94	228.16	-88.1481481481
002294	-14185.55	15225.06	-48.2327636183
002055	-37702.55	97468.57	-27.8924595727
002405	13624.41	44744.64	43.779914223
002292	-267778.47	59927.62	-81.7129977658
000848	29751.25	33856.41	724.728147015
601611	6990.52	6990.52	10000.0