002572	198157.48	618784.49	47.1100227254
600056	110604.47	274908.36	67.317012397
002035	179442.1	364091.44	97.179930348
300197	37107.45	197339.26	23.1586037754
002217	32258.76	139278.46	30.1428241716
002310	60731.53	239616.83	33.9499835928
002475	230546.91	603802.36	61.7665220963
300136	122943.78	595112.9	26.03808144
002508	117285.97	279885.17	72.1319477587
600519	263587.71	1365888.03	23.9125132432
000333	195802.78	865392.19	29.2422157632
002127	101185.2	211383.76	91.8208005622
000568	228889.77	552977.61	70.6258432899
000651	713463.38	1390943.03	105.311411199
000423	275806.63	511100.08	117.218150357
300296	45994.35	199685.59	29.9264616513
600522	12638.03	79370.94	18.9382270307
300145	93928.95	274138.49	52.1220741144
300355	47746.02	48541.4	6002.9193593
002271	80492.95	242049.59	49.8233622586
002236	200468.93	432674.2	86.3326357752
002415	94174.35	428882.28	28.1362769027
002456	120061.59	481089.33	33.2555027489
002043	113417.56	242043.24	88.1764512343
000963	132576.28	405639.28	48.5515357262
002450	82928.05	288145.04	40.4099338948
002640	-41895.91	157209.13	-21.0421142529
600867	-52005.21	365290.52	-12.4624352135
000418	62958.15	88690.74	244.663090657
002511	-20459.58	91510.9	-18.2722981986
000858	575388.96	1185661.77	94.2838924775
002311	69620.67	163746.33	73.9656646232
002008	125503.86	196740.62	176.178506715
002120	23935.77	118954.49	25.1905834977
600585	36275.13	84278.75	75.5674884519
002466	251938.91	276366.66	1031.3635517
600110	114651.15	166213.35	222.355039157
600885	9318.61	147862.51	6.72610630999
002502	-10707.42	46273.48	-18.7912440835
600019	39030.54	82888.62	88.9928150069
001979	-33198.62	101034.48	-24.73206683
002138	39498.22	133661.6	41.9464764328
300049	-8125.11	31877.35	-20.3115258412
603818	19005.45	36257.47	110.163621419
600674	21188.51	69867.53	43.5269855474
600340	113743.93	171279.33	197.693819805
600566	29687.56	92343.12	47.3821636899
600309	-1119.47	202292.97	-0.550344905159
600622	109512.99	155589.95	237.674078325
600584	102818.61	294020.18	53.7749820778
600426	41770.91	105806.56	65.2307113303
600809	8085.37	72601.96	12.5322339572
000538	105555.0	294777.62	55.7834998797
600335	6273.06	69556.57	9.91262968821
300285	21160.69	236918.6	9.80760798063
600559	-274.34	30207.64	-0.900007151766
600298	22123.77	99488.39	28.5967539167
600887	388900.54	1084801.65	55.8844546174
600196	140643.54	235745.36	147.887327498
300070	-23737.36	176674.9	-11.8442654157
600009	38388.34	63137.04	155.112551366
600007	-1523.5	19027.48	-7.41327177585
000089	53366.4	101043.66	111.932606865
002303	-304.47	77067.77	-0.393513229034
600993	20753.16	28232.12	277.487244216
002108	70593.96	88086.87	403.557555604
601988	75353.03	264616.03	39.8139255956
002032	-25803.29	43757.58	-37.0945475524
000895	97011.95	171313.65	130.56491305
601328	118086.62	642327.97	22.5252395676
603899	9241.4	43041.66	27.3412098013
600258	77930.07	80895.61	2627.85428623
600338	36524.18	56191.7	185.708111648
000596	22581.38	57645.14	64.4009085164
600183	71948.66	93879.91	328.064565403
000823	12324.87	42252.09	41.1828094958
300115	77388.67	283722.76	37.506487658
600900	62563.02	238525.43	35.5547642249
603883	-9338.21	12318.09	-43.1200620605
600068	216543.12	391178.5	123.99727936
300406	4413.92	13705.32	47.5054351336
600240	47853.35	137257.83	53.5245549216
600660	80640.59	165474.35	95.0571918538
601012	130893.63	205297.55	175.923029324
600521	-31543.69	88080.2	-26.3690555457
600779	64656.1	86250.87	299.406291431
601689	20177.6	57520.17	54.0337743224
600739	10268.01	38410.25	36.4861148224
002460	166289.26	185390.74	870.556941138
600201	50035.34	77366.71	183.069271683
002241	223152.69	296588.6	303.874071963
603355	29429.66	34071.04	634.071332233
002675	7692.88	30289.19	34.0448506858
002727	-5224.47	19228.09	-21.365738393
002714	21917.52	69704.32	45.86521801
300273	-19858.17	8392.44	-70.2928892509
600804	-38026.11	82542.97	-31.5388572261
000776	73811.55	264931.87	38.6204617071
002051	10012.5	139572.87	7.72805758428
600664	18406.45	32569.53	129.960785366
000928	43084.43	89917.66	91.9954271785
300106	-1770.68	11571.49	-13.271304443
600691	-7362.78	15987.92	-31.5313031301
300156	200360.09	403611.19	98.5776165541
000829	8077.12	11731.15	221.046898903
002027	30864.65	66587.28	86.4008333093
600557	634.7	49011.84	1.31198330451
600741	59369.22	87224.01	213.13827891
002480	8713.65	24153.49	56.4361418253
300097	44627.8	154883.87	40.4765016566
002583	31409.18	104713.29	42.8477748383
601318	258601.56	885572.83	41.2461578981
002195	91825.41	95096.2	2807.43826415
300308	49555.86	51469.14	2590.09972403
002273	63991.04	106512.97	150.489500359
002562	2416.41	3193.26	311.052326704
300450	93609.22	107180.67	689.751058288
002833	13270.89	13275.72	274759.627329
601818	95574.98	199270.54	92.1688257434
000820	58149.72	192881.52	43.159610426
600967	5158.28	88023.81	6.22488023669
600525	4244.47	73191.45	6.15613620785
300161	9838.93	45034.02	27.9554051432
300129	5022.88	72717.45	7.41991565941
600703	148157.99	288276.56	105.737583534
603808	-14582.23	43879.49	-24.9432107027
600518	73017.44	357382.31	25.6773770965
002304	101530.48	157940.57	179.986381869
002709	38918.14	42699.96	1029.08493794
300545	4668.38	8743.88	114.547417495
000065	81624.57	128548.34	173.951432291
000799	13489.53	13489.53	10000.0
603377	30489.73	86831.89	54.1153019338
000925	10783.69	62585.49	20.8172109849
600990	48746.26	115900.69	72.5883013228
002353	-5624.91	78151.65	-6.71418115043
600166	-2199.4	50127.81	-4.20316695654
300310	22167.81	67788.54	48.5915284565
002202	-32200.28	131332.59	-19.6904023026
601668	84202.24	471538.17	21.738814677
300078	-50051.07	8597.07	-85.3412742501
300306	-14612.0	3166.75	-82.1880053435
600879	42327.68	156620.51	37.0344141448
601009	85292.76	227617.7	59.9281896764
601288	161564.56	603235.86	36.5802713466
002279	3155.24	3155.24	10000.0
300072	35369.75	140494.04	33.6456493547
002589	63097.4	171284.77	58.3223346681
002244	15581.38	15755.88	8929.15759312
300038	16580.64	38121.51	76.9729356335
600406	-621.37	66704.43	-0.922929991177
000625	-34599.48	94664.47	-26.7665346758
601398	180318.2	583620.17	44.7104684363
600048	39445.21	265817.95	17.4248940045
600823	1391.06	37979.58	3.80190289195
600028	63980.16	461037.44	16.1135844178
000543	1615.2	1615.2	10000.0
000539	3232.45	5181.05	165.885764138
002142	112377.77	300946.87	59.5950078777
601939	99349.08	206740.91	92.5108362526
601166	37962.31	769805.92	5.18721615947
000888	19178.41	22161.18	642.973142415
601607	115261.96	307415.57	59.9842802849
000028	49178.5	193951.66	33.9693490147
603589	48029.93	76576.02	168.253971034
600511	28712.55	73494.21	64.116761192
300007	28779.17	29032.34	11367.5277482
601800	65059.84	90348.56	257.268220772
600146	6696.39	70300.4	10.5282512848
601933	88672.96	142427.38	164.959383805
002235	9747.39	20628.28	89.5826536248
601766	40703.51	114149.89	55.419354909
002250	-6355.62	105911.28	-5.66116994412
600419	6513.74	25041.13	35.1573535182
600029	74765.37	99553.32	301.619819307
300065	9020.38	113652.34	8.62105612855
300147	-7567.4	502.33	-93.7751325013
600138	-16993.1	48879.07	-25.7970854763
600837	-15881.13	409952.76	-3.72941899951
002400	-4867.3	98682.1	-4.70046180857
600637	444.25	27842.73	1.62144031348
002694	3850.83	148379.66	2.66440266624
601998	37077.86	73016.7	103.169328782
600089	110779.14	223528.32	98.2527234344
600271	9042.59	61307.58	17.3014287384
300456	-41513.17	77969.81	-34.7440028697
601098	31489.45	129316.76	32.1888131239
000513	-38463.9	100847.01	-27.6101132352
300003	-44617.86	305700.74	-12.7363662677
603018	19740.03	26560.88	289.407185321
600498	-65670.42	46367.51	-58.6144531589
600332	50672.26	59950.8	546.123204728
002299	-59397.97	77799.08	-43.2939119318
002117	37486.52	98083.66	61.8618634477
300011	3778.39	46881.85	8.76586241569
600273	-3642.85	18217.9	-16.6638839015
002391	-3791.98	26739.21	-12.4200203137
002242	-10425.84	15162.36	-40.7447182686
002422	-7692.65	8352.87	-47.9426656163
600633	3150.76	16360.88	23.8511080899
601088	82499.32	189853.16	76.8480382257
000697	187.29	7515.67	2.55568079166
600176	29825.72	30499.96	4423.60583768
603833	862.92	862.92	10000.0
601228	508.21	508.21	10000.0
601888	41397.45	68408.69	153.260087282
603768	193.52	193.52	10000.0
603388	55.0	55.0	10000.0
603178	52.08	52.08	10000.0