002179	190668.42	268558.45	244.791817387
300207	60104.65	190568.69	46.0698978814
002635	42383.97	66952.88	172.510583498
000568	146965.39	306114.32	92.3445668155
300145	19813.0	150929.95	15.1109372206
600885	87693.43	112408.31	354.820375418
600990	-3959.54	192031.19	-2.02026901987
002371	35967.14	134856.93	36.3709337435
300296	27481.25	209924.49	15.0629039476
300342	26337.78	113260.71	30.3001521003
002007	72940.59	224335.91	48.1788935087
300159	77017.11	157479.06	95.7186719934
002594	-10098.94	227248.91	-4.25491109357
600519	275321.57	873504.93	46.0262836465
002010	45996.99	71550.3	180.004038616
002138	87800.56	132468.53	196.562682387
600855	-14409.92	106298.46	-11.937795868
601799	39372.53	80826.26	94.9794626443
600316	-25365.85	41557.22	-37.9029981739
000802	-9059.0	95403.02	-8.67205133502
600547	255028.0	486918.22	109.977902475
300219	59158.32	63536.44	1351.22655386
600489	62151.05	162192.8	62.1251127654
300073	125795.71	150093.15	517.732361928
002338	5302.8	79432.76	7.15338305862
000661	39138.84	92237.0	73.7103507918
000901	-14742.87	58193.86	-20.2132313856
002572	165409.5	406941.06	68.4835969262
300389	31357.48	60075.57	109.190687821
600338	42823.71	50297.28	573.002059257
600391	-33042.91	56051.39	-37.087569014
600335	23635.72	67954.33	53.3313657626
300458	78410.89	121180.59	183.332803363
300310	135612.8	236683.73	134.175870352
601599	2377.88	49602.16	5.03529116802
300065	17447.7	123309.73	16.4815467831
300114	15855.76	63022.68	33.616271743
600559	10763.42	54300.06	24.722670376
300302	77044.56	154075.4	100.017811048
300365	36344.54	89036.01	68.9761359856
000821	27838.96	42769.8	186.452738091
603883	14343.86	26264.77	120.325210072
600614	35569.96	37881.37	1538.88578833
603898	-319.55	30617.77	-1.03289489846
002418	27429.84	43391.14	171.85216743
300353	31814.57	57202.43	125.314106821
002643	107838.89	122813.42	720.148745904
600203	32242.38	38131.61	547.480400664
300332	-23323.89	102852.22	-18.4851870929
600779	26978.29	26978.29	10000.0
300258	30539.27	34571.15	757.444914035
600198	52721.19	58462.48	918.281257348
300420	3222.66	31594.2	11.3587771408
000333	152161.9	415091.48	57.8717312826
002111	-32635.93	34418.84	-48.6705569194
300336	-54154.74	67512.77	-44.5104366811
300340	74486.1	74486.1	10000.0
600298	40245.42	76130.03	112.152312649
600988	20295.19	54858.17	58.719444909
300101	59492.76	76747.95	344.781830858
600038	-34369.42	80571.58	-29.9017930938
600667	70738.9	72567.41	3868.66355667
002400	-28394.12	119113.28	-19.2492851206
300252	45954.28	182417.71	33.6751611769
002530	7843.34	59179.12	15.2785055569
600713	15506.5	30299.97	104.819896887
002439	-36977.66	191021.61	-16.2183238569
002032	5783.18	26095.54	28.4712362325
000558	-23507.94	21860.82	-51.8152578999
000911	135736.77	191297.5	244.303431578
600029	47881.22	98727.09	94.169339614
600459	42512.61	42681.87	25116.7493797
300429	68286.39	101035.98	208.510671431
002224	-68416.6	73187.22	-48.3155044829
002624	8643.89	55905.27	18.2895421166
601111	21267.43	32777.31	184.775427719
002464	7517.84	83551.73	9.88748569881
300008	19151.01	116650.98	19.6420675822
002048	40060.75	41967.06	2101.481396
300256	15839.0	44932.0	54.4426494346
002281	-8867.26	20772.35	-29.9169253577
300285	65351.8	225253.69	40.8699359338
002155	59329.16	80430.75	281.159666167
002077	21552.68	81468.45	35.9716315087
002614	-11737.97	53250.26	-18.0616859391
600521	124172.4	267160.7	86.8409513226
300075	9867.52	39977.13	32.7719953862
600115	58672.78	98449.22	147.506363063
002108	6449.05	72559.03	9.75503244745
300140	18292.43	18292.43	10000.0
002384	35948.62	94128.0	61.789279982
002322	-3525.09	24165.59	-12.7302399219
002460	12793.24	41454.29	44.6363270013
002056	9164.57	18928.45	93.8619688075
300011	74420.95	100819.68	281.911099511
300007	36598.14	78990.25	86.3324330872
300017	62617.12	588575.14	11.9053456015
002133	14671.41	15338.69	2198.68870639
601899	37932.08	68925.78	122.386420466
000975	9682.19	17223.53	128.388190958
300210	8448.82	14308.84	144.177323627
601069	-2485.9	30400.4	-7.55907475149
300287	10956.1	133169.0	8.9647655853
002262	42831.12	55819.67	329.760596833
000021	27737.82	28245.44	5464.28824711
002456	71059.63	166019.14	74.8315045012
300097	8357.85	31190.3	36.6051387389
002153	-97741.1	134873.64	-42.0184464665
300100	15036.48	160889.6	10.3093303729
600604	-157.42	28741.67	-0.544723034532
002609	18762.01	34685.59	117.825325712
600570	191775.67	249975.09	329.514744305
600603	-1812.29	10885.52	-14.2724611567
300449	11083.92	26698.7	70.9835168987
603799	16425.31	31332.06	110.187062908
002537	16169.87	23470.19	221.495359108
600007	10706.74	10706.74	10000.0
600158	-76592.47	54489.1	-58.4311509238
000903	30192.8	52785.59	133.639094596
000895	-8431.87	65261.1	-11.4418919471
300231	10428.23	10428.23	10000.0
000889	10276.48	10276.48	10000.0
300136	27906.62	334193.01	9.11128307072
002718	13468.37	17150.8	365.746803062
002716	73474.34	103085.99	248.12646374
002709	-17426.75	21002.21	-45.3479615373
300091	4239.52	12057.25	54.2295525683
300300	12350.49	14753.73	513.909971538
002428	7174.42	45302.2	18.8167787372
600305	-1877.41	84440.55	-2.1749934776
002539	-10626.92	52213.61	-16.9109331191
300304	20880.59	40115.96	108.553097757
600303	-23300.84	25126.47	-48.1150821716
002659	-8482.09	46147.59	-15.5265233111
300183	4261.31	37502.66	12.8193048718
300056	19908.72	19908.72	10000.0
000423	41797.75	163788.82	34.2629587559
002035	84102.32	118243.3	246.338330066
000700	12345.43	31781.3	63.51879283
600687	-30203.17	38636.81	-43.8744607421
300047	22782.57	85225.21	36.4855970215
300031	-35409.25	63868.35	-35.6669077415
002297	1934.04	8994.43	27.3928210765
300247	-23417.25	9230.87	-71.7261820895
002582	42396.54	69592.07	155.895251904
300160	-23565.45	17235.74	-57.7567713099
300226	2525.22	39984.87	6.74117350269
002343	52658.05	178659.94	41.7914763025
600715	-21133.36	34501.84	-37.9855918555
002260	-23415.3	69822.27	-25.1135888677
600702	30021.21	43446.64	223.614513651
002304	22134.54	105065.57	26.6902991558
002366	-18318.49	180338.58	-9.22116187458
300395	13240.84	20507.79	182.206290122
600006	51679.08	52267.67	8780.14917005
300128	4847.41	10036.42	93.4168560091
600199	19549.1	27899.18	234.11871503
002247	-23893.72	25957.64	-47.9299260843
002600	2476.52	7443.48	49.8598740477
002445	112607.78	185494.25	154.497508248
300261	14592.53	40698.91	55.8964130607
300467	9695.17	19198.77	102.015762448
600200	503.14	7707.03	6.98428210314
002006	-4616.41	9709.8	-32.2235259709
300499	8430.0	8430.0	10000.0
600984	255.2	7136.8	3.7084398977
603019	13454.36	59629.41	29.1377269759
000685	-788.44	6994.84	-10.1299195198
002335	12756.08	64966.59	24.4320156995
600756	-47050.94	6853.48	-87.2858663538
002273	111353.7	136193.17	448.293381461
600619	424.05	6727.85	6.7268948888
300232	3507.66	75980.46	4.83996754645
002427	26482.95	31323.16	547.144648683
002049	80770.14	97483.07	483.279353171
300359	-35497.98	78209.35	-31.2187261806
000002	-45707.87	296743.63	-13.3472535527
601137	7577.66	7577.66	10000.0
300503	9136.2	9192.52	16221.9460227
300507	7944.24	7944.24	10000.0
000951	-1022.72	6129.19	-14.2999562355
002413	-22821.98	7549.56	-75.142649994
300084	-3490.57	9496.88	-26.8764846063
600967	10730.73	11681.26	1128.92070739
600666	35687.33	81222.18	78.3736632491
002452	3417.09	39947.11	9.35419690435
600845	3374.95	23345.0	16.9000578366
002450	23268.61	356169.76	6.98964542478
300213	-36396.45	23331.99	-60.93654882
300061	44025.15	66488.67	195.985090493
002712	5672.4	52409.88	12.136726242
300508	20644.41	20644.41	10000.0
600076	24730.15	63255.05	64.1926390464
300367	-128650.61	269204.75	-32.3360253334
002415	-35240.45	224501.01	-13.5675105545
000957	38973.03	49883.96	357.192558288
002466	-179202.31	61558.31	-74.4317363861
002546	47698.15	69854.15	215.283218993
000810	-5964.86	12898.08	-31.6221119295
000612	9891.92	9964.03	13717.8199972
300014	44310.08	68615.05	182.30872122
002126	2755.36	26596.31	11.5572575757
002532	1864.37	8503.42	28.0818791845
002206	12659.56	29034.06	77.312650768
000070	43930.26	63798.95	221.102951428
000651	-6335.34	379220.27	-1.64317152589
002733	19668.93	19668.93	10000.0
300491	5033.0	5353.67	1569.5263043
002780	6047.09	6182.25	4474.0233797
603701	4908.87	4908.87	10000.0
600869	62956.27	69901.14	906.514736777
600276	-93959.4	322013.51	-22.5878651569
600419	14232.75	31027.6	84.7447282947
300382	4765.54	4765.54	10000.0
002340	30391.46	52642.28	136.585797737
300195	-4150.68	4698.9	-46.9025648675
600821	4683.84	4683.84	10000.0
002475	-32310.65	288619.01	-10.0678291935
300202	-629.48	31012.63	-1.98937428635
600054	-22312.06	20041.33	-52.6806945088
300263	16480.97	41539.81	65.7690858795
300033	98215.55	237820.02	70.3527258117
300456	95592.16	136963.55	231.058613211
002521	4109.02	4378.1	1527.06258362
300299	-8191.48	40819.06	-16.7137109691
300095	20997.09	21434.23	4803.28727639
300303	11792.93	30725.94	62.2876658281
600184	1511.07	5067.93	42.4832577048
002351	5469.43	5554.23	6449.7995283
300102	10110.56	38438.36	35.6912997126
603158	4061.79	4061.79	10000.0
000532	2967.91	4646.01	176.861331268
600110	105395.84	105931.04	19692.7952167
603609	43668.78	43861.51	22658.0086131
600887	195889.89	697008.03	39.0905605612
600337	10940.41	32744.64	50.1756310587
000727	3887.38	3887.38	10000.0
300137	7401.61	65326.38	12.7779704607
600268	3715.34	3837.22	3048.35904168
600452	13059.6	16279.0	405.653227309
002511	69913.19	88617.72	373.776780277
002662	4018.24	25787.14	18.4586267565
002117	308.12	53003.7	0.584716972467
002414	3397.8	35217.53	10.6782804254
603012	11031.62	11031.62	10000.0
000799	15430.76	15430.76	10000.0
600066	15726.89	149561.56	11.7509835082
002548	1193.36	13004.69	10.103519248
002547	17999.02	22951.28	363.450626583
000078	4127.17	110742.03	3.87110202086
300046	1526.86	4721.52	47.7941314569
000059	32955.21	39171.21	530.167471042
300279	16877.17	61632.32	37.7100065579
002230	-1293.37	124127.77	-1.03122169038
000983	78409.17	101661.52	337.209658379
603601	16984.43	56319.8	43.1785184682
600362	-12471.1	15434.6	-44.6901529078
000603	8639.45	12710.2	212.232389609
002301	7357.21	9140.53	412.556916313
603368	92321.11	111005.14	494.11775725
300370	2034.52	16602.23	13.9659562141
300166	27864.82	120927.04	29.9421397856
002508	18995.1	242604.16	8.49478102542
000028	-26289.59	154383.28	-14.5509339615
002727	28175.93	37445.55	303.959925002
002299	-80840.76	282948.81	-22.2218465472
300223	14587.29	14710.85	11805.8352218
300236	24134.0	25161.74	2348.25928737
600682	21528.31	32291.11	200.025179321
300080	893.12	2836.21	45.9639028558
002706	7678.9	7678.9	10000.0
002684	6002.89	6002.89	10000.0
300379	17982.15	31964.97	128.60174128
600478	4074.62	4198.37	3292.62222222
300072	60011.05	121504.04	97.5900667702
002123	18635.99	77828.82	31.4835259608
002425	-24108.0	137492.8	-14.918242979
300356	24289.99	96472.25	33.6509136732
002533	18209.24	19561.92	1346.16021528
603703	32253.04	32556.64	10623.5309618
300347	-3064.05	60541.88	-4.81723952468
600612	6322.2	56644.48	12.5634212122
300054	79646.75	175853.0	82.7875008121
000920	-16602.9	62000.12	-21.1224708669
600309	93624.67	126202.97	287.383534439
600699	7888.06	39318.49	25.0968885885
000829	11478.74	16416.65	232.461506994
000538	33849.9	140681.07	31.6854154083
000503	12344.77	22082.66	126.77048108
000650	15272.2	17616.91	651.347074905
000596	30787.76	69462.09	79.6077398109
002245	63486.42	84814.8	297.661707078
601208	2742.07	3036.45	931.47292615
000858	83937.92	575259.15	17.0841223368
002350	4585.69	4585.69	10000.0
002672	-23822.99	119779.42	-16.5895474874
300138	1868.38	4456.7	72.1850466712
600439	11924.15	15408.15	342.254592423
002243	19831.24	21517.31	1176.18129734
300161	26695.36	56690.92	88.9977049937
603009	4936.89	4936.89	10000.0
002665	-99480.2	35865.16	-73.5010051324
300245	2447.12	2447.12	10000.0
002617	11696.69	71950.17	19.4124721095
002590	5833.28	10529.54	124.211180812
002443	1379.82	1847.78	294.858534918
002361	9240.93	10390.21	804.062543505
600557	14466.49	65456.78	28.3710682956
002191	12497.25	30890.51	67.9447254048
300326	22348.98	37669.9	145.87231054
002781	5250.1	33694.6	18.457346763
002714	-210449.24	85755.66	-71.0485343085
002124	-39510.39	11342.13	-77.6960315831
603939	10472.73	32307.32	47.9639416174
002472	9479.36	9479.36	10000.0
002339	19333.1	19797.0	4167.51455055
002001	-38278.08	86833.47	-30.5951608784
600584	12631.55	118445.4	11.9375204664
600138	-29260.41	56397.15	-34.1597519238
300022	2466.11	2497.83	7774.62168979
300112	1163.46	4014.32	40.8108430439
000625	-108521.49	140571.51	-43.5666558273
600129	-8162.59	19111.99	-29.9274635943
300196	32344.3	65853.16	96.5246206526
600511	11744.98	45967.28	34.319668754
002227	1439.55	1439.55	10000.0
300267	-6109.25	307835.38	-1.94596416572
601888	-18713.72	64236.16	-22.560273746
300446	1918.57	1918.57	10000.0
600826	-3221.35	18095.83	-15.1115203793
002462	-55082.99	89000.92	-38.2297995661
000606	3656.4	3656.4	10000.0
002656	1280.12	1280.12	10000.0
600681	10969.61	10969.61	10000.0
600485	-35573.42	5148.02	-87.357961801
600122	-28680.44	14749.27	-66.0387554971
300266	40299.39	74772.8	116.899923738
300468	2568.42	2568.42	10000.0
300041	25431.03	25431.03	10000.0
601689	65810.21	77321.13	571.719810406
300316	53397.07	53397.07	10000.0
002303	50752.62	148370.98	51.990854999
002631	-6924.07	10316.67	-40.1610951734
300109	36278.1	42669.85	567.576954668
002519	24382.23	75068.79	48.1039352444
600000	-68134.4	364274.33	-15.7569436676
601009	-16256.93	62471.39	-20.649405449
300373	17118.99	18487.95	1250.51060659
002325	-15400.3	41518.94	-27.056404829
002078	-3723.72	7751.28	-32.4507189542
300144	-259047.23	205718.47	-55.7371660602
600479	-13949.58	30465.44	-31.4073482349
603866	12890.97	12890.97	10000.0
002240	875.93	875.93	10000.0
000750	-1462.49	14144.55	-9.37070706553
300059	-140629.6	194365.05	-41.979655496
603589	865.02	865.02	10000.0
002183	-130144.17	39985.41	-76.4970853393
002072	-13086.18	11901.72	-52.3700671125
000910	14956.12	64519.31	30.1758623688
600730	-37405.03	3777.22	-90.8280387788
002367	5974.88	36107.72	19.8284662183
002394	7207.74	34865.67	26.0603016929
002543	9690.55	9753.66	15355.0150531
300178	-886.02	768.0	-53.5676714913
600149	9066.61	9066.61	10000.0
002068	1600.58	3340.61	91.9857703603
002288	1538.82	1738.92	769.025487256
603718	-3951.83	30213.03	-11.5669433447
002130	2617.52	2617.52	10000.0
600360	-2134.93	19116.6	-10.0460060993
002639	2828.42	3052.51	1262.18037396
300364	88905.49	162087.82	121.484913093
300322	-19867.34	36399.19	-35.3093393177
300380	703.91	703.91	10000.0
601318	-116661.08	515661.05	-18.4496278819
002792	17376.64	36206.55	92.2821192454
002458	-31911.49	134243.93	-19.2058074302
600330	10411.96	11469.37	984.666307298
300498	-79382.77	72495.83	-52.2672516075
002694	7740.42	7740.42	10000.0
002409	24030.68	24030.68	10000.0
600528	-1508.12	8320.5	-15.3441683573
000967	-11620.14	33353.97	-25.8373984499
603788	30845.0	30845.0	10000.0
002673	114429.38	131298.65	678.330360472
603002	7010.15	7010.15	10000.0
002791	8756.01	31346.32	38.7600258695
300369	11913.92	17296.43	221.345060204
300260	2309.12	2309.12	10000.0
002535	12070.58	16820.21	254.13726964
001979	-37300.6	117077.9	-24.1617841863
603010	-814.93	2669.22	-23.3896359227
300297	-16533.54	22075.64	-42.8228208939
300271	-40034.98	198754.96	-16.7657732985
601800	-9649.19	11825.16	-44.9335602707
600150	-39912.84	55094.03	-42.0104777686
601668	-25606.22	163977.64	-13.506540061
002236	-78571.49	207736.37	-27.4430083757
300025	-7899.02	18856.9	-29.5225131485
600325	-19581.84	26321.15	-42.6591818964
600109	126.4	37770.42	0.335777103508
600056	33055.62	35326.45	1455.66246703
300488	-550.28	16991.76	-3.13692136148
300156	-18598.16	47884.75	-27.9743470916
600563	18540.59	61606.35	43.0518119267
601199	15316.15	30530.8	100.667120177
600240	-13570.98	36778.77	-26.9534208214
600703	3970.6	93390.78	4.44038470958
600172	-70379.44	76419.67	-47.9426884809
002746	-2123.2	2618.38	-44.7783228375
300197	10374.82	10374.82	10000.0
000848	29751.25	33856.41	724.728147015
300284	578.51	25199.11	2.34969903252
000513	-32524.32	23608.75	-57.9414594641
601117	-10989.11	3355.85	-76.6060693094
000402	-13721.52	13344.36	-50.6967443881
000601	6275.89	13766.1	83.787904478
601699	23532.69	48143.17	95.6206055307
002239	29505.24	33808.28	685.683609727
300040	198.75	418.71	90.3573376978
300036	-42234.29	9317.24	-81.926356017
600497	-22011.59	40205.7	-35.3785740266
600816	4320.52	5067.71	578.235790094
600741	7800.64	14441.2	117.469610997
601998	10339.27	26227.25	65.0760512035
000001	-51062.08	235243.04	-17.8348469633
600037	-3892.27	10401.39	-27.23074426
300471	-24926.09	1351.72	-94.8560401342
002131	22189.88	67549.01	48.9204268248
000043	1015.4	1015.4	10000.0
600009	-45408.04	37112.4	-55.0264152736
600197	6487.09	9848.92	192.96305881
002279	-1649.41	493.51	-76.9702088739
300003	-37223.57	333190.22	-10.0491858038
002695	8201.26	10388.76	374.914742857
300282	7262.92	29976.29	31.9764086087
300146	-4216.52	16368.58	-20.483359323
300292	-3867.13	2689.67	-58.9789226452
600688	-706.48	17725.03	-3.83300120283
601311	-17014.67	13861.86	-55.1055121803
000835	2838.77	12090.36	30.6841310521
300444	1789.42	1789.42	10000.0
601238	3064.41	7823.02	64.3971663994
002180	-10215.4	92787.16	-9.91761758154
300089	-7541.27	14645.02	-33.9906762239
600745	-12456.73	23746.77	-34.4075296587
000581	15112.73	33137.82	83.8427436423
002043	13591.79	13591.79	10000.0
603901	166.25	403.29	70.135842052
002599	-6039.48	4668.78	-56.4001994722
600900	5775.46	249661.1	2.36810170537
002216	-917.82	10732.62	-7.87798572414
002127	18123.95	150229.96	13.719247141
300198	2139.55	2317.8	1200.3085554
000069	-15388.46	95436.46	-13.885378848
002527	428.83	1771.6	31.9362213931
601985	-6407.47	33592.84	-16.0185508562
000638	-3751.26	88488.14	-4.06687380881
600068	-87.41	28224.36	-0.308740852303
300377	61040.74	72257.82	544.176737618
002341	-14956.78	15501.73	-49.1054224255
601688	-33206.0	198514.06	-14.3302224244
002675	8274.77	35142.95	30.7976573032
300457	495.03	3104.79	18.9684108884
300512	149.76	149.76	10000.0