600028	192098.34	397057.28	93.7252798048
600519	283242.02	1102300.32	34.581423569
000786	-15456.34	157492.51	-8.93694291694
000001	30555.38	297524.68	11.4452785395
000651	-27556.12	677479.65	-3.90847119714
601398	149540.23	403301.97	58.9293839174
600104	232275.21	473623.29	96.2407531893
00700	24545.88	111794.74	28.133181339
600015	104958.68	180575.08	138.804121857
000858	259040.38	610272.81	73.7518400565
600887	118411.83	695901.11	20.5045936091
002415	118083.3	334707.93	54.5105605027
601318	188950.17	626971.27	43.1372301471
601098	22884.21	97827.31	30.5354462252
601006	128342.52	274567.95	87.7703146436
600062	72632.38	86392.39	527.851215224
601688	-6147.0	246711.01	-2.4310086123
601988	63096.16	189263.0	50.0100977404
000422	74160.52	75333.26	6323.69664205
600900	-23210.3	175962.41	-11.6533535141
601607	93054.16	192153.61	93.8997744185
601939	52142.11	107391.83	94.3753380108
000568	44915.66	324087.84	16.0888738985
000333	106866.58	669589.41	18.9909799821
600660	30789.65	84833.76	56.9713332313
600066	-67616.48	129740.55	-34.2609938952
601166	49449.48	731843.61	7.24646913361
002142	54475.94	188569.1	40.6254427892
601288	26559.84	441671.3	6.39824301647
000895	-66204.42	74301.7	-47.118531207
600557	-18068.47	48377.14	-27.1928724862
600109	74302.42	88296.2	530.967472691
02238	24357.2	77043.28	46.2308070747
002475	84019.52	373255.45	29.0487838077
000538	31953.55	189222.62	20.3177586031
002311	-17322.06	94125.66	-15.5427674967
03888	1562.01	23794.6	7.02576712835
601328	171698.69	524241.35	48.7029541333
600309	26715.01	203412.44	15.1190710584
00939	46208.57	57950.47	393.535713982
600240	26453.5	89404.48	42.0223799534
300144	9114.18	207700.38	4.58953341169
002572	-25043.83	420627.01	-5.61935575592
600196	40482.36	95101.82	74.1171003888
000423	-15382.87	235293.45	-6.13654692234
601857	11103.26	58602.06	23.3758747589
00005	-12748.18	26054.53	-32.8538393324
601633	22338.65	47818.23	87.6727559873
600079	19185.8	231660.43	9.02968980344
600809	55706.01	64516.59	632.262688722
600511	11767.97	44781.66	35.6457275754
600298	30733.42	77364.62	65.9074182093
601818	20932.9	103695.56	25.2926863395
000963	51217.97	273063.0	23.0872740309
000018	128827.6	128827.6	10000.0
600674	3483.13	48679.02	7.70674059079
601965	5007.57	28650.64	21.1798636979
600409	72023.19	171244.38	72.5885166263
600559	-6506.97	30481.98	-17.5916591306
00388	-12002.7	18833.9	-38.9235518832
300137	-15491.73	37522.35	-29.22191614
600760	9895.63	28395.38	53.490614738
600036	65001.58	505762.73	14.7475747352
002078	-19010.49	67098.15	-22.0773316127
601009	26382.91	142324.94	22.7552596759
600681	39617.3	60330.18	191.268910939
00941	39718.66	82713.05	92.3810292459
000725	22270.0	104226.01	27.1731139669
02357	15347.47	15347.47	10000.0
600856	33371.85	51298.8	186.154644265
002271	-79498.3	161556.64	-32.9793282809
01398	22833.74	31535.25	262.41123667
300498	1803.44	58484.88	3.18171168552
600276	-40507.19	359228.82	-10.133485347
601169	-45040.62	148885.87	-23.2256150256
002304	607.93	56410.09	1.08943811494
601233	30623.12	32528.72	1607.00671704
600697	6342.48	27089.67	30.5703085574
000726	-10446.47	18227.57	-36.4318038198
002310	-39787.01	178885.3	-18.1948093931
02388	91.36	12597.5	0.730521168002
002041	36433.85	105971.49	52.3944298368
000625	8647.5	129263.95	7.16942009154
600970	30027.15	59213.74	102.879952745
02018	9021.81	11850.6	318.928234333
600643	56772.46	113889.8	99.3961903688
300339	-3287.67	12737.73	-20.5153693512
002168	8650.67	12000.87	258.21353949
600520	-6125.95	18437.81	-24.9389751406
03988	29034.99	40849.78	245.751215214
600794	989.23	11824.44	9.12977228868
601333	22173.11	36521.51	154.533676229
601336	14982.1	81302.72	22.5904100414
002727	4274.73	24452.56	21.1852810733
000063	105146.41	229798.58	84.3518488286
600009	-26729.66	24748.7	-51.9240706192
000656	-5787.95	12942.16	-30.9018473463
000903	77.03	17190.59	0.450110906205
000609	2366.1	12437.2	23.4939579589
600068	57838.04	174635.38	49.5199976301
600016	78861.94	509781.95	18.300830356
600741	6041.64	27854.79	27.6972376754
600000	5305.06	405875.54	1.3243761747
01093	8134.6	8134.6	10000.0
600271	-96959.64	52264.99	-64.9756276829
300243	-8303.04	8303.04	-50.0
002640	-19861.11	199105.04	-9.07040197766
002368	7433.36	89587.95	9.04801545477
601139	-6021.39	8486.89	-41.5031278691
600011	6821.5	9216.3	284.846333723
600056	11151.77	164303.89	7.28149894366
000513	71970.97	139310.91	106.877092555
300408	-67960.46	62611.0	-52.0484798133
000400	74414.25	74771.82	20811.0999245
600886	-6413.77	17623.42	-26.6826946078
600547	-135541.87	227353.62	-37.3501114605
000028	-11345.97	144773.16	-7.267507832
000540	8694.25	19694.96	79.0335351082
03311	7363.43	7363.43	10000.0
601699	-16651.67	53751.71	-23.6518047855
002008	34509.64	71236.76	93.9622818234
002053	27144.4	46057.81	143.519333637
600377	2840.51	13649.01	26.2803349216
02313	6652.21	6652.21	10000.0
002434	43708.26	78523.08	125.544983429
300282	-20784.3	19457.67	-51.6483164219
000069	1388.59	107980.85	1.30271184793
300410	28245.31	40746.55	225.940066745
002508	-126804.13	162599.2	-43.8157121413
300104	-66918.26	248503.37	-21.2154949551
601985	6945.68	10312.43	206.302220242
600038	131901.34	171541.1	332.750097377
000709	8881.04	42008.55	26.8086554045
300452	-10602.83	15852.04	-40.0789344268
00175	38587.19	51266.04	304.342980633
600500	21604.73	62880.18	52.3428091032
601012	18828.41	74403.92	33.8789693518
002245	-19663.07	11985.99	-62.1284486806
601668	72310.52	387335.93	22.9538690228
000596	10235.67	35063.76	41.226167619
002675	18986.22	22596.31	525.920960419
300375	12531.96	18170.09	222.271568765
600585	-4395.46	48003.62	-8.38842972052
600266	39676.12	70737.65	127.733952577
600195	9917.43	31018.73	46.9991422329
000166	-30530.51	107941.96	-22.0480720825
002323	17337.45	23607.4	276.516559143
002236	-136120.64	232205.27	-36.9565746814
02382	6025.75	15516.03	63.4939116654
603018	6820.85	6820.85	10000.0
002051	30566.26	129560.37	30.8768471175
000949	20281.76	20370.19	22935.3839195
603030	-2761.98	14243.71	-16.2415050492
002050	42969.31	106136.51	68.0247185248
000550	-159.1	19542.72	-0.807539608016
600525	8302.21	68946.98	13.6899026907
002533	-1641.33	16589.97	-9.00281384213
600498	-36583.06	112037.93	-24.6150022282
600667	-6449.3	41224.43	-13.527995397
02020	5835.55	5835.55	10000.0
600479	10545.86	24243.39	76.9909611441
000948	5213.61	15875.5	48.8994915536
600138	-8679.99	65872.17	-11.6428417366
002325	-26922.86	6055.32	-81.6384045451
600867	-15155.28	417295.73	-3.50450794415
300312	7914.77	12211.15	184.219505723
00867	4899.19	5050.8	3231.44251698
600742	24064.19	24609.99	4408.97581532
600594	-41910.14	130109.51	-24.3635770681
600976	8326.43	62128.81	15.4759510639
601628	29496.55	175464.65	20.2075316456
002550	1508.83	18381.99	8.9421898447
300070	-50811.58	200412.26	-20.2256203074
603611	12681.15	20138.67	170.045135648
601899	-3728.44	108900.37	-3.31037857898
603355	4641.38	4641.38	10000.0
600787	22867.1	22867.1	10000.0
000035	-4641.42	30556.06	-13.1867963275
000876	6214.83	35244.79	21.408331255
300406	26.7	9291.4	0.288190659169
600820	62246.95	82774.84	303.231116301
002294	24109.42	26130.48	1192.90966127
000860	-4033.51	63068.21	-6.01103816713
300072	12815.12	105124.29	13.8828244258
300248	4492.37	4492.37	10000.0
002395	-2766.24	4474.45	-38.2040938087
600686	37514.56	37514.56	10000.0
000959	6992.84	14354.31	94.9924403686
601997	44641.53	53886.38	482.879981828
601555	-27570.92	22936.25	-54.5881307545
601000	5496.71	5513.58	32582.7504446
002701	-15818.61	43744.61	-26.5576810656
300161	20036.37	35195.09	132.177189103
002202	132002.3	163532.87	418.648632105
600270	-3232.89	4159.02	-43.7355162603
300316	-3946.15	60224.47	-6.14946528489
600754	5661.1	8679.3	187.565436353
600919	20781.95	23242.87	844.478894072
300115	64463.96	206334.09	45.4387121517
600267	12334.16	48827.39	33.7984881031
600998	35759.09	88324.47	68.0278350504
002781	-23682.66	6336.54	-78.891709306
600048	96479.84	226372.74	74.2764539093
000821	9663.05	41071.71	30.7655595622
300136	14976.94	472169.12	3.27585218102
000776	-37936.03	191120.32	-16.5618765863
000630	38502.19	61220.46	169.476769138
000049	-23220.57	24948.41	-48.2064806022
002519	-9275.34	74321.8	-11.0952838817
600030	-79509.29	477008.89	-14.2869169162
000661	62208.64	131484.95	89.7978544181
300015	-90252.58	158014.09	-36.3530795334
002452	3533.53	3533.53	10000.0
002714	-14116.09	47786.8	-22.8036041613
600637	7056.16	27398.48	34.6870956705
600999	-94033.2	90117.39	-51.063208649
000910	97657.31	163771.31	147.71048492
300231	15459.48	34913.51	79.4667223192
002241	-48996.15	73435.91	-40.0190521992
601998	-14215.2	35938.84	-28.3430806372
600166	52327.21	52327.21	10000.0
600967	47737.43	82865.53	135.895280417
002509	49238.7	89599.25	121.997098652
603001	-855.01	27554.89	-3.00954948803
300097	70745.02	110256.07	179.051227441
600518	39852.32	284364.87	16.2986807835
002366	116978.37	285672.74	69.3433752413
002583	39641.15	73304.11	117.758955243
300271	-58830.08	216761.72	-21.3468180113
002594	-42049.31	73677.13	-36.335093346
600018	7437.55	7657.39	3383.16502911
300166	-26190.44	29201.95	-47.2816572818
600584	-52066.23	191201.57	-21.4028449306
601601	-5661.5	23851.03	-19.1833773655
000998	67627.65	113456.64	147.565220181
300156	46426.0	203251.1	29.603679513
000800	3211.6	6598.41	94.8266953269
300196	-28046.68	68841.03	-28.947613686
000421	1982.47	3893.28	103.750242044
000969	-1612.4	8701.03	-15.6339840383
002573	36447.29	45358.86	408.988427404
002155	-42518.69	49936.69	-45.9883351299
600622	-19788.48	46076.96	-30.0437983865
002385	-35046.09	15246.05	-69.6850243398
002396	568.43	6679.02	9.30237505707
601155	-158.12	19442.76	-0.806698474762
600261	9563.2	30035.69	46.712441916
000402	-7784.25	11017.27	-41.4022376914
600029	-9645.52	24787.95	-28.0120475805
002217	93618.01	107019.7	698.553764488
300003	14302.64	350318.6	4.25653590978
002308	-23358.21	46508.66	-33.4324551823
601117	18670.07	20684.35	926.885537264
600155	22445.76	58784.56	61.7680275628
002002	2177.92	4574.23	90.8864045136
000711	39020.69	98593.03	65.5013551591
02318	19951.64	24141.18	476.225074829
300342	-11582.84	39698.71	-22.5867587856
600961	15820.11	24640.1	179.366529894
600486	9491.64	36425.27	35.240849451
000027	2479.23	3846.72	181.297852269
001979	-9764.9	134233.1	-6.78127473993
600476	15684.44	39411.95	66.102342808
000690	1882.44	6180.06	43.801918271
600803	49221.79	59572.11	475.558146994
000059	28960.56	33945.4	580.972709254
002250	11164.86	112266.9	11.04315996
601766	36851.57	73446.38	100.701629548
603808	31581.61	58461.72	117.490627829
600382	-6866.67	33150.51	-17.1593050785
600835	-954.08	3861.24	-19.8134288064
600170	462.06	6564.6	7.57160133322
000411	652.28	23141.9	2.90036025509
06030	2488.25	3530.45	238.749760123
600467	24121.07	24121.07	10000.0
600566	-25060.9	62655.56	-28.5703504223
600666	-6838.58	43012.5	-13.718017744
600305	-11100.88	56329.23	-16.4627938468
000338	8111.98	25811.27	45.8322339484
01117	1969.47	2708.85	266.367767589
300323	1363.58	3392.23	67.2161289528
000426	4845.04	25866.05	23.0485595126
01299	-9962.69	13460.93	-42.5326657451
600108	-4749.28	15531.76	-23.4173395447
600873	7899.96	12300.48	179.523329061
603899	-19014.75	33800.26	-36.0025492753
000789	4558.66	4558.66	10000.0
600682	31566.71	75337.97	72.1174350476
601788	3472.2	10055.57	52.7419847282
002117	-5845.85	60597.14	-8.79829459812
300207	-78130.52	164248.85	-32.2348061223
002343	24081.82	155282.38	18.3549673873
000792	2532.71	2845.65	809.327666645
300336	-147.27	6548.23	-2.19953700246
00570	1280.55	2119.45	152.646322565
600050	-29735.87	69657.97	-29.9172161977
300203	-19805.2	83055.23	-19.2544402157
002370	-19141.64	9928.53	-65.84632976
600332	3654.26	9278.54	64.9729387584
600579	12274.08	23450.53	109.820918091
601588	-307.28	2570.6	-10.6773041266
002367	-16205.13	9741.63	-62.4553123396
002318	22717.35	24803.35	1089.0388303
600398	18926.17	59312.35	46.8629862988
03899	1375.24	1974.64	229.436102769
600236	1801.64	2086.82	631.755382565
600469	538.53	2236.01	31.7252633315
002293	3616.15	4191.78	628.207355419
002085	-36283.96	66963.13	-35.1428403454
002716	28074.43	44394.26	172.02648557
300228	-4390.63	9858.98	-30.81228188
603609	-3437.49	15277.8	-18.3672815115
002792	5370.15	38465.63	16.2262339147
00883	5167.23	5953.83	656.906941266
600221	1114.12	2159.24	106.602112676
000937	5996.03	46087.83	14.9557515502
002023	-21083.78	61221.23	-25.6166422919
01177	1226.7	1862.76	192.85916423
600060	13275.39	92625.41	16.7301659155
300138	20525.44	29185.82	237.003918997
601377	-18371.29	112912.75	-13.9935440744
600885	-10858.78	138543.9	-7.26812932673
000928	38477.06	46833.23	460.462867558
601933	15870.55	53754.42	41.8926313494
300436	29994.56	32349.46	1273.70843773
002597	10207.2	19086.86	114.950347198
002400	-16206.05	103549.4	-13.5326200185
000030	-23673.92	3453.72	-87.2686308134
601808	1695.28	1695.28	10000.0
000983	-67168.21	41411.14	-61.860943172
600406	-58979.75	67325.8	-46.6960873849
600731	5047.06	6939.66	266.6733594
600352	21804.76	27063.88	414.608527662
600418	-69580.1	58544.59	-54.3065509076
300143	3741.7	26510.38	16.4335394059
600297	-7566.61	36821.07	-17.0466444743
02628	22394.2	22394.2	10000.0
002032	-24784.18	69560.87	-26.269719503
000089	26423.55	47677.26	124.324412067
000778	6503.32	24485.49	36.165379373
601989	56667.48	419206.3	15.6307343859
002103	-4170.02	89544.35	-4.44971246139
600688	10694.24	14622.0	272.273254985
002738	5117.23	6056.03	545.082019599
002013	59710.24	149064.53	66.8241446494
601186	73600.29	131791.14	126.48086426
601888	-62988.92	27011.24	-69.9875644666
600436	12626.05	26708.84	89.6558849489
600315	-19517.75	12534.83	-60.8929140806
600888	-678.18	1400.66	-32.6230012892
600822	1705.46	1705.46	10000.0
002450	-164561.15	205216.99	-44.5026712504
002456	17564.02	361027.74	5.11379193121
002736	-36691.64	112475.11	-24.5977337443
603766	-2849.56	30215.87	-8.61794327187
600268	-3926.97	6033.12	-39.42705337
002588	-29080.2	2105.76	-93.2477307096
000539	1018.0	1948.6	109.391790243
002624	-3364.46	32022.64	-9.50758892365
600438	13964.03	13964.03	10000.0
00688	530.11	1327.04	66.5190167267
002791	2108.1	31786.97	7.10303323543
002570	31736.78	43165.25	277.699289581
000554	751.93	1888.35	66.1665581387
00966	832.41	1424.39	140.614547789
002083	19958.92	19958.92	10000.0
002481	10944.66	18144.33	152.016134073
002739	-48388.4	89058.22	-35.2052309471
000488	-7245.84	21967.21	-24.8034354509
002191	7067.95	21011.16	50.6909814885
000425	54696.58	56187.33	3669.06456482
600426	59190.59	64035.65	1221.6688751
600021	-3001.09	3174.06	-48.5994672194
02727	753.04	1208.06	165.496022153
600837	-48582.98	425833.89	-10.2405675414
300367	-73807.51	167472.15	-30.5900256988
002299	-141606.9	137197.05	-50.7908514209
002234	-76457.35	41876.13	-64.6117649882
601111	-6066.57	10529.29	-36.5547190685
601689	18842.62	37342.57	101.852275276
00489	18307.47	46569.91	64.7766788713
601717	41075.26	58126.86	240.888010509
600691	23350.7	23350.7	10000.0
600428	-4021.01	11549.33	-25.8248053671
002179	-3935.9	103247.77	-3.67210788733
000686	2018.68	3316.3	155.567885822
000581	-17909.6	87102.35	-17.0548209037
600150	26062.92	75782.39	52.4199473566
600739	-34344.35	28142.24	-54.9627528082
02186	659.92	1113.04	145.639124294
002007	-99592.72	125113.32	-44.3213364447
600883	-1650.96	2388.62	-40.869595354
600216	545.44	1223.06	80.4934919276
600004	1912.41	4765.89	67.0202699861
000060	-10250.27	18398.12	-35.7795673684
600990	-66430.98	67154.43	-49.7292181833
000999	3022.78	31160.72	10.7427196163
600795	59411.28	76999.05	337.798822705
601211	251323.65	292627.77	608.471140409
600027	-778.58	1049.4	-42.5923697196
600703	61822.29	140118.57	78.9594218269
01359	11055.96	11055.96	10000.0
000758	1957.11	2790.99	234.6992373
600509	-1062.11	1037.44	-50.5875068467
600072	13733.04	13733.04	10000.0
300017	-294212.13	276438.43	-51.5573190711
002503	18558.21	22147.78	517.003707965
600499	-1503.43	1285.2	-53.9128532649
600521	-112548.79	119623.89	-48.4763280503
000882	-2089.55	3179.54	-39.6567528738
600125	1440.71	1440.71	10000.0
600690	-12900.59	9303.91	-58.0989889437
000600	223.37	1044.21	27.2123678183
000877	979.13	979.13	10000.0
600598	19318.31	29490.49	189.913174954
000739	18033.51	49542.03	57.2337577265
600085	-7227.08	84066.75	-7.9162852517
600570	-4632.63	58435.92	-7.34538847016
000768	79618.85	337322.89	30.8954605446
600251	1210.41	2375.79	103.863975699
002568	24332.51	38367.17	173.374417335
300329	-269.93	2729.72	-8.99871651693
000883	916.0	916.0	10000.0
000902	19015.45	34191.08	125.302540982
002458	-57553.3	65035.82	-46.9481304703
000911	-53447.74	103985.24	-33.9495193447
300257	16683.03	16683.03	10000.0
002230	-4411.29	55396.04	-7.37583503561
300267	-41489.07	208311.87	-16.6088526328
300291	-18632.51	20592.33	-47.5018126269
000401	27734.61	49410.29	127.952663999
600153	-17524.31	6869.97	-71.8377832836
002673	-19230.09	2639.68	-87.9300056654
002465	-86801.12	115571.1	-42.8918158826
000735	744.18	859.2	647.000521648
600496	-1814.0	855.98	-67.9405838246
002081	-29440.48	26798.47	-52.3489147646
600132	2075.98	2776.32	296.424593769
300334	-14528.83	7648.54	-65.5119610666
002188	25440.32	43943.84	137.489083158
601118	3306.99	4368.93	311.410249167
300284	-16257.37	28985.79	-35.9333211915
600755	-3672.85	4438.26	-45.2817185317
600535	46915.85	114034.04	69.9003504117
600761	6443.53	19149.74	50.7116598891
300142	-8035.11	36186.88	-18.1699421487
600963	-3704.01	35284.06	-9.50036767657
600717	296.4	806.4	58.1176470588
002589	40705.68	108187.37	60.3210737609
600872	-2556.84	38685.53	-6.19954672828
601727	3462.29	13781.34	33.5524103479
002531	5936.4	10733.73	123.743832507
600759	54142.31	76237.8	245.037833513
300324	-19496.53	175510.53	-9.99785853907
300401	11401.43	14448.25	374.207534413
000972	896.0	896.0	10000.0
002285	847.74	5803.87	17.1048782013
002010	-40314.95	37546.19	-51.7780114702
600022	5058.24	5546.24	1036.52459016
002029	1809.29	3652.42	98.1639927732
000623	-11112.67	4664.04	-70.4371824037
002221	-33143.13	20914.43	-61.3108138806
600871	-6077.84	2353.4	-72.0871425793
600373	-26521.12	2205.83	-92.3213915853
300303	-6761.61	15679.25	-30.1307971263
002643	11981.26	17423.89	220.137323316
002394	3805.8	21909.6	21.0221058562
600335	16570.48	63283.51	35.4729290735
002542	14789.37	15501.22	2077.59640374
002372	-12754.52	7120.74	-64.1728460408
00392	360.62	360.62	10000.0
002537	15073.29	35516.68	73.7318517134
601908	-33207.83	41918.38	-44.2027223255
600223	-127.16	1209.94	-9.51013387181
002242	-13291.42	25588.2	-34.1860851521
600019	28844.66	43858.08	192.125844744
600160	248.14	3097.39	8.70895849785
600340	-52397.42	57535.4	-47.6631273536
002024	20521.04	64234.94	46.9439697671
000783	-126163.17	28229.05	-81.7160152241
002152	-7958.22	67967.22	-10.4816251312
002595	-8975.5	1294.85	-87.3923478752
600420	18089.55	31415.8	135.743738861
601311	116.6	9328.53	1.26574995685
600188	-31724.96	9827.15	-76.3498171332
002821	2797.7	2797.7	10000.0
600633	10659.55	13210.12	417.928149394
600567	24977.68	27939.57	843.302080766
600489	-85406.69	114970.73	-42.6229113041
002556	623.4	623.4	10000.0
300258	-14389.74	5872.46	-71.0176584971
300096	-9581.44	3024.62	-76.0066190388
600010	-3419.79	19342.71	-15.0237891269
600299	704.98	704.98	10000.0
600536	193.85	2546.99	8.23792889501
600172	3541.11	87463.86	4.21948756446
002581	14162.64	27140.47	109.129492373
00857	15415.36	15415.36	10000.0
002563	-8423.16	3151.45	-72.7727327314
600816	812.31	19219.18	4.4130805509
600723	-2217.25	1620.06	-57.7813624649
600031	32828.34	33265.94	7501.90585009
002376	-18586.39	1434.56	-92.8347056458
603308	-42.3	8066.49	-0.52165612872
002518	15783.3	20071.65	368.050648851
300322	3542.28	4453.7	388.655065722
000521	17210.16	18304.04	1573.31334333
600804	11997.21	120569.08	11.0500169151
00981	2119.04	3469.04	156.965925926
300100	1019.0	59195.57	1.75156424657
002056	-621.89	781.18	-44.3235191402
002677	653.15	1400.27	87.4223685619
002063	-7292.44	525.6	-93.2770873518
600291	818.88	1138.91	255.876011624
000546	8181.02	11689.49	233.179135065
300033	76243.68	102987.36	285.090458755
002438	-4541.13	1544.81	-74.6167395669
002262	40881.01	51487.39	385.43791567
601375	838.19	838.19	10000.0
601168	737.78	1670.26	79.1201956074
000921	783.0	8428.3	10.2415863341
600007	10733.78	20550.98	109.336470684
300429	19428.74	59594.56	48.3713266653
002215	39686.08	62769.15	171.927217653
600600	-14595.88	5521.02	-72.5553141886
600089	45826.94	112749.18	68.4778931488
000971	-53266.12	17138.01	-75.6576638331
002042	-78821.75	3896.4	-95.2895464901
603939	-29278.64	38000.14	-43.518387224
300326	-23204.77	21334.78	-52.0992466246
600198	-4487.85	3333.62	-57.3786001864
600834	1925.77	3976.75	93.8951135555
000528	1557.93	17493.34	9.77652912602
002462	14097.88	77671.74	22.1755922953
600965	-12742.04	419.98	-96.8091523945
600859	-396.22	709.11	-35.8463083423
600208	-33057.57	13630.26	-70.8055396878
000732	457.07	2989.73	18.0470335537
603111	3473.93	38336.15	9.96474120122
600419	-4452.54	18527.39	-19.3757770367
002071	-1645.33	2246.73	-42.2740142752
600969	15500.17	17859.67	656.926043653
000748	14386.69	58732.59	32.4419844901
300351	10437.2	25776.91	68.0403997207
000906	17287.91	25096.77	221.388397282
002384	-16729.08	65950.38	-20.2336590007
600487	-38542.42	47152.95	-44.9760821384
300508	-1101.38	1274.51	-46.3565232397
603298	579.51	579.51	10000.0
601799	-18213.36	7471.66	-70.9104372899
600978	-45262.36	1224.11	-97.3667391824
600350	-71.42	1739.3	-3.94428735531
002717	-1489.66	371.51	-80.0389002617
600111	-10058.23	2464.87	-80.31741342
002123	43891.05	44005.87	38225.9623759
000967	-37323.74	45483.91	-45.07281634
002353	83776.56	83776.56	10000.0
600376	3902.13	18012.07	27.6551849264
000878	1765.6	2275.9	345.9925534
600552	344.78	457.76	305.16905647
002075	1254.94	12404.06	11.255955627
601801	-15363.15	29597.15	-34.1704792895
600329	5725.7	7364.11	349.466861164
603616	3740.23	3740.23	10000.0
300012	-1740.89	172906.78	-0.996801159729
002829	679.5	679.5	10000.0
300011	29701.4	43103.46	221.618169147
600176	55.52	674.24	8.97336436514
000997	337.34	16681.11	2.06402806696
601566	12744.21	22454.2	131.248435889
002639	-16192.13	5633.88	-74.1873113776
600821	-4461.14	1775.03	-71.536536047
000157	16330.45	48807.63	50.2828447544
600612	-12807.13	16937.38	-43.0571221378
600838	296.02	296.02	10000.0
601390	3331.93	76817.87	4.53410543568
600312	11373.64	12493.61	1015.53077315
002745	1014.01	22538.16	4.71103388519
002466	-22086.16	24427.75	-47.4829142508
603823	422.71	422.71	10000.0
600988	-19141.4	50383.62	-27.5316713321
601258	1564.19	3454.19	82.7613756614
603368	-11801.48	22322.93	-34.5836895055
601886	99.38	273.07	57.2168806494
002069	-856.94	266.4	-76.2850072106
002683	4179.96	15639.86	36.4746638278
600114	39646.84	64722.38	158.109615984
600475	3343.69	5419.24	161.098985811
300005	27808.03	30881.05	904.908851879
002034	-1027.4	256.49	-80.0224318283
000960	-691.98	11114.27	-5.86113287454
600896	2123.62	16842.15	14.4282071647
603799	29779.63	49871.47	148.217535079
300113	-61954.08	92629.51	-40.0780445065
002671	2782.01	4117.07	208.380896739
002004	-6673.84	35897.64	-15.6767864307
000975	45973.64	67336.15	215.207108153
300263	-229.9	20708.53	-1.09798108072
600611	231.66	231.66	10000.0
600562	-1437.77	5951.54	-19.457432426
300145	8103.51	180209.54	4.70844048869
000529	4355.86	6031.65	259.928750022
002104	-9222.18	221.77	-97.6517241197
600259	14912.59	34034.64	77.9863560654
601088	29860.93	107353.84	38.5337574754
600128	211.06	211.06	10000.0
002058	208.92	208.92	10000.0
603218	268.32	268.32	10000.0
603085	5181.41	21444.93	31.8590932344
000825	-118.64	8290.39	-1.41086427329
600318	3743.57	3743.57	10000.0
002192	5721.79	10551.79	118.463561077
000811	7663.41	20709.35	58.7417234787
603986	949.67	15321.43	6.6078893608
600549	16785.55	30690.5	120.716363597
000050	3813.8	8546.78	80.5792545077
600996	261.81	261.81	10000.0
300133	-24772.14	3025.5	-89.1159825079
000039	446.5	739.58	152.347481916
600909	353.57	353.57	10000.0
603366	9428.92	13272.66	245.305873967
603258	108.44	108.44	10000.0
603877	175.68	175.68	10000.0
600503	194.81	609.22	47.0090007481
002410	-19324.58	12867.59	-60.0288206729
300199	-41960.06	63170.77	-39.9122312646
600736	3453.39	4016.08	613.728696085
600728	-160.05	94.36	-62.9102629614
600359	206.58	206.58	10000.0
603660	335.16	335.16	10000.0
600977	4464.02	4643.68	2484.70444172
601919	-4398.62	5463.78	-44.599894549
000619	3443.3	3443.3	10000.0
002635	27734.36	38575.67	255.821113869
002314	-773.81	55.09	-93.3538424418
300200	1602.12	2005.87	396.809907121
603416	75.46	75.46	10000.0
603123	7205.97	7830.37	1154.06310058
002627	-1775.68	542.05	-76.6128927873
000663	49.03	49.03	10000.0
300416	-15781.69	1283.84	-92.4769989564
603858	41.65	41.65	10000.0
002092	-16920.05	764.23	-95.6784782869
600992	36.49	36.49	10000.0
600597	-608.19	11616.1	-4.97525827676
601020	34.3	34.3	10000.0
600893	-29026.49	261263.43	-9.99913810304
603000	12880.98	18906.86	213.76097765
603886	34.02	34.02	10000.0
002440	312.79	435.19	255.547385621
600399	-4355.07	1040.35	-80.7179051863
002408	12521.13	16266.56	334.304205392
601718	2675.51	3067.4	682.719640716
300327	5525.93	9699.3	132.409299918
603900	23.19	23.19	10000.0
000930	42023.43	42023.43	10000.0
002832	35.15	35.15	10000.0
002777	10679.4	17445.77	157.830564985
603708	70.84	70.84	10000.0
002818	36.16	36.16	10000.0
300087	-12123.08	346.63	-97.2202240469
300582	26.57	26.57	10000.0
603577	42.25	42.25	10000.0
300558	7412.06	7412.06	10000.0
603878	48.0	48.0	10000.0
000752	3997.92	4552.91	720.358925386
603239	17.46	17.46	10000.0
300516	-4.25	14.33	-22.874058127
300512	-1.43	12.49	-10.2729885057
002835	16.49	16.49	10000.0
300568	12709.31	12709.31	10000.0
300537	16.71	20.0	507.902735562
300120	9.99	9.99	10000.0
000062	-214.34	9.94	-95.5680399501
300565	9.46	9.46	10000.0
603319	8.14	8.14	10000.0
603959	-0.11	8.09	-1.34146341463
603131	-0.28	7.39	-3.65058670143
603035	14.52	14.52	10000.0
300515	-1.16	6.95	-14.3033292232
603819	6.76	6.76	10000.0
002819	6.16	6.16	10000.0
603033	5.98	5.98	10000.0
002799	-0.33	5.43	-5.72916666667
603929	7.8	7.8	10000.0
603058	4.27	4.27	10000.0
002828	4.02	4.02	10000.0
000869	-52447.9	6209.78	-89.4135260719
603806	2305.44	3208.44	255.3089701
002838	3.12	3.12	10000.0
000158	-18436.94	2.63	-99.9857371945
002512	-7747.89	3269.73	-70.3227194258
600338	-17625.72	19667.52	-47.2625065561
000970	665.44	8671.99	8.31119520892
300586	2.82	2.82	10000.0
002840	2.38	2.38	10000.0
002664	5679.7	21965.04	34.8761524168