00700	24545.88	111794.74	28.133181339
600519	283242.02	1102300.32	34.581423569
600887	118411.83	695901.11	20.5045936091
002415	118083.3	334707.93	54.5105605027
002475	84019.52	373255.45	29.0487838077
02238	24357.2	77043.28	46.2308070747
600066	-67616.48	129740.55	-34.2609938952
600557	-18068.47	48377.14	-27.1928724862
600660	30789.65	84833.76	56.9713332313
600104	232275.21	473623.29	96.2407531893
03888	1562.01	23794.6	7.02576712835
00939	46208.57	57950.47	393.535713982
600309	26715.01	203412.44	15.1190710584
600196	40482.36	95101.82	74.1171003888
00005	-12748.18	26054.53	-32.8538393324
000538	31953.55	189222.62	20.3177586031
002041	36433.85	105971.49	52.3944298368
601318	188950.17	626971.27	43.1372301471
00388	-12002.7	18833.9	-38.9235518832
601633	22338.65	47818.23	87.6727559873
601965	5007.57	28650.64	21.1798636979
002311	-17322.06	94125.66	-15.5427674967
00941	39718.66	82713.05	92.3810292459
000651	-27556.12	677479.65	-3.90847119714
02357	15347.47	15347.47	10000.0
000333	106866.58	669589.41	18.9909799821
01398	22833.74	31535.25	262.41123667
601166	49449.48	731843.61	7.24646913361
601607	93054.16	192153.61	93.8997744185
300365	7369.02	119402.85	6.57749538688
300231	15459.48	34913.51	79.4667223192
02388	91.36	12597.5	0.730521168002
002271	-79498.3	161556.64	-32.9793282809
02018	9021.81	11850.6	318.928234333
000726	-10446.47	18227.57	-36.4318038198
300011	29701.4	43103.46	221.618169147
000662	-26996.7	22443.15	-54.6051413991
600549	16785.55	30690.5	120.716363597
000998	67627.65	113456.64	147.565220181
03988	29034.99	40849.78	245.751215214
600527	49692.13	49864.38	28848.8417997
000558	413.79	10733.69	4.00963187628
600547	-135541.87	227353.62	-37.3501114605
01093	8134.6	8134.6	10000.0
600276	-40507.19	359228.82	-10.133485347
002640	-19861.11	199105.04	-9.07040197766
000963	51217.97	273063.0	23.0872740309
600028	192098.34	397057.28	93.7252798048
600803	49221.79	59572.11	475.558146994
002701	-15818.61	43744.61	-26.5576810656
03311	7363.43	7363.43	10000.0
600467	24121.07	24121.07	10000.0
002570	31736.78	43165.25	277.699289581
02313	6652.21	6652.21	10000.0
002434	43708.26	78523.08	125.544983429
300282	-20784.3	19457.67	-51.6483164219
300410	28245.31	40746.55	225.940066745
002299	-141606.9	137197.05	-50.7908514209
600681	39617.3	60330.18	191.268910939
00175	38587.19	51266.04	304.342980633
300124	60665.78	135072.84	81.5322900811
300375	12531.96	18170.09	222.271568765
02382	6025.75	15516.03	63.4939116654
600079	19185.8	231660.43	9.02968980344
603030	-2761.98	14243.71	-16.2415050492
002050	42969.31	106136.51	68.0247185248
002533	-1641.33	16589.97	-9.00281384213
02020	5835.55	5835.55	10000.0
601939	52142.11	107391.83	94.3753380108
300312	7914.77	12211.15	184.219505723
00867	4899.19	5050.8	3231.44251698
601328	171698.69	524241.35	48.7029541333
603611	12681.15	20138.67	170.045135648
300408	-67960.46	62611.0	-52.0484798133
601336	14982.1	81302.72	22.5904100414
300072	12815.12	105124.29	13.8828244258
002395	-2766.24	4474.45	-38.2040938087
600195	9917.43	31018.73	46.9991422329
600703	61822.29	140118.57	78.9594218269
601012	18828.41	74403.92	33.8789693518
002310	-39787.01	178885.3	-18.1948093931
300144	9114.18	207700.38	4.58953341169
601988	63096.16	189263.0	50.0100977404
002452	3533.53	3533.53	10000.0
002106	2606.1	6731.81	63.1673093843
300097	70745.02	110256.07	179.051227441
002714	-14116.09	47786.8	-22.8036041613
002142	54475.94	188569.1	40.6254427892
000661	62208.64	131484.95	89.7978544181
02318	19951.64	24141.18	476.225074829
300342	-11582.84	39698.71	-22.5867587856
600872	-2556.84	38685.53	-6.19954672828
002357	11924.2	37926.05	45.8590446449
600900	-23210.3	175962.41	-11.6533535141
600030	-79509.29	477008.89	-14.2869169162
601211	251323.65	292627.77	608.471140409
06030	2488.25	3530.45	238.749760123
600048	96479.84	226372.74	74.2764539093
01117	1969.47	2708.85	266.367767589
01299	-9962.69	13460.93	-42.5326657451
000550	-159.1	19542.72	-0.807539608016
600036	65001.58	505762.73	14.7475747352
600682	31566.71	75337.97	72.1174350476
002138	-33847.64	94163.38	-26.4411923286
00570	1280.55	2119.45	152.646322565
03899	1375.24	1974.64	229.436102769
300228	-4390.63	9858.98	-30.81228188
600565	31709.32	37484.35	549.076281855
600038	131901.34	171541.1	332.750097377
00883	5167.23	5953.83	656.906941266
002023	-21083.78	61221.23	-25.6166422919
01177	1226.7	1862.76	192.85916423
300316	-3946.15	60224.47	-6.14946528489
002509	49238.7	89599.25	121.997098652
002635	27734.36	38575.67	255.821113869
300143	3741.7	26510.38	16.4335394059
000860	-4033.51	63068.21	-6.01103816713
02628	22394.2	22394.2	10000.0
600667	-6449.3	41224.43	-13.527995397
002048	1978.0	93161.38	2.1692549673
002738	5117.23	6056.03	545.082019599
300332	14020.79	140041.66	11.1257682954
300014	-6228.1	7592.51	-45.0638575287
002179	-3935.9	103247.77	-3.67210788733
000977	-40718.66	7501.74	-84.4428084379
603199	-45.92	1504.42	-2.96193093128
000895	-66204.42	74301.7	-47.118531207
600529	-16728.11	40000.88	-29.4877627823
600261	9563.2	30035.69	46.712441916
000725	22270.0	104226.01	27.1731139669
600686	37514.56	37514.56	10000.0
00688	530.11	1327.04	66.5190167267
00966	832.41	1424.39	140.614547789
600406	-58979.75	67325.8	-46.6960873849
600741	6041.64	27854.79	27.6972376754
02727	753.04	1208.06	165.496022153
00489	18307.47	46569.91	64.7766788713
600754	5661.1	8679.3	187.565436353
000513	71970.97	139310.91	106.877092555
02186	659.92	1113.04	145.639124294
01359	11055.96	11055.96	10000.0
603808	31581.61	58461.72	117.490627829
00392	360.62	360.62	10000.0
600323	-8289.77	1083.17	-88.4436473508
300203	-19805.2	83055.23	-19.2544402157
00857	15415.36	15415.36	10000.0
600031	32828.34	33265.94	7501.90585009
601857	11103.26	58602.06	23.3758747589
00981	2119.04	3469.04	156.965925926
000018	128827.6	128827.6	10000.0
600643	56772.46	113889.8	99.3961903688
000739	18033.51	49542.03	57.2337577265
600572	14303.43	32859.96	77.0803054235
601009	26382.91	142324.94	22.7552596759
601998	-14215.2	35938.84	-28.3430806372
600584	-52066.23	191201.57	-21.4028449306
000400	74414.25	74771.82	20811.0999245
002353	83776.56	83776.56	10000.0
601117	18670.07	20684.35	926.885537264
601169	-45040.62	148885.87	-23.2256150256
600535	46915.85	114034.04	69.9003504117
600820	62246.95	82774.84	303.231116301
002214	-7603.96	9286.79	-45.0184864497
600775	-678.15	1093.39	-38.2802533389
300351	10437.2	25776.91	68.0403997207
600576	10282.24	19428.25	112.423231551
300088	4.83	5724.7	0.0844424785878
000930	42023.43	42023.43	10000.0
000528	1557.93	17493.34	9.77652912602
600497	-4828.9	15479.36	-23.778009539
000069	1388.59	107980.85	1.30271184793
002433	-2458.29	108.4	-95.7766617706
600967	47737.43	82865.53	135.895280417
002092	-16920.05	764.23	-95.6784782869
603986	949.67	15321.43	6.6078893608
000059	28960.56	33945.4	580.972709254
600893	-29026.49	261263.43	-9.99913810304
000401	27734.61	49410.29	127.952663999
000568	44915.66	324087.84	16.0888738985
600399	-4355.07	1040.35	-80.7179051863
002673	-19230.09	2639.68	-87.9300056654
002408	12521.13	16266.56	334.304205392
300327	5525.93	9699.3	132.409299918
601500	-2.58	25.48	-9.19458303635
600977	4464.02	4643.68	2484.70444172
601375	838.19	838.19	10000.0