600519	283242.02	1102300.32	34.581423569
601288	26559.84	441671.3	6.39824301647
600887	118411.83	695901.11	20.5045936091
000651	-27556.12	677479.65	-3.90847119714
600028	192098.34	397057.28	93.7252798048
000333	106866.58	669589.41	18.9909799821
601398	149540.23	403301.97	58.9293839174
601006	128342.52	274567.95	87.7703146436
600104	232275.21	473623.29	96.2407531893
000858	259040.38	610272.81	73.7518400565
601328	171698.69	524241.35	48.7029541333
601628	29496.55	175464.65	20.2075316456
601318	188950.17	626971.27	43.1372301471
002475	84019.52	373255.45	29.0487838077
000001	30555.38	297524.68	11.4452785395
000786	-15456.34	157492.51	-8.93694291694
600016	78861.94	509781.95	18.300830356
000568	44915.66	324087.84	16.0888738985
002415	118083.3	334707.93	54.5105605027
601668	72310.52	387335.93	22.9538690228
600867	-15155.28	417295.73	-3.50450794415
600015	104958.68	180575.08	138.804121857
000963	51217.97	273063.0	23.0872740309
600900	-23210.3	175962.41	-11.6533535141
300136	14976.94	472169.12	3.27585218102
002456	17564.02	361027.74	5.11379193121
00700	24545.88	111794.74	28.133181339
600276	-40507.19	359228.82	-10.133485347
601989	56667.48	419206.3	15.6307343859
002572	-25043.83	420627.01	-5.61935575592
601939	52142.11	107391.83	94.3753380108
601607	93054.16	192153.61	93.8997744185
002142	54475.94	188569.1	40.6254427892
000063	105146.41	229798.58	84.3518488286
600309	26715.01	203412.44	15.1190710584
000538	31953.55	189222.62	20.3177586031
601166	49449.48	731843.61	7.24646913361
002271	-79498.3	161556.64	-32.9793282809
601098	22884.21	97827.31	30.5354462252
600066	-67616.48	129740.55	-34.2609938952
601988	63096.16	189263.0	50.0100977404
600409	72023.19	171244.38	72.5885166263
002450	-164561.15	205216.99	-44.5026712504
002236	-136120.64	232205.27	-36.9565746814
600547	-135541.87	227353.62	-37.3501114605
00939	46208.57	57950.47	393.535713982
002051	30566.26	129560.37	30.8768471175
600062	72632.38	86392.39	527.851215224
601688	-6147.0	246711.01	-2.4310086123
600048	96479.84	226372.74	74.2764539093
300017	-294212.13	276438.43	-51.5573190711
601818	20932.9	103695.56	25.2926863395
000423	-15382.87	235293.45	-6.13654692234
002041	36433.85	105971.49	52.3944298368
000901	17271.43	98145.29	21.3560104588
000018	128827.6	128827.6	10000.0
000422	74160.52	75333.26	6323.69664205
01398	22833.74	31535.25	262.41123667
601009	26382.91	142324.94	22.7552596759
000625	8647.5	129263.95	7.16942009154
000895	-66204.42	74301.7	-47.118531207
601899	-3728.44	108900.37	-3.31037857898
600643	56772.46	113889.8	99.3961903688
600660	30789.65	84833.76	56.9713332313
600036	65001.58	505762.73	14.7475747352
03988	29034.99	40849.78	245.751215214
600998	35759.09	88324.47	68.0278350504
300156	46426.0	203251.1	29.603679513
600068	57838.04	174635.38	49.5199976301
600089	45826.94	112749.18	68.4778931488
600703	61822.29	140118.57	78.9594218269
000910	97657.31	163771.31	147.71048492
601088	29860.93	107353.84	38.5337574754
600557	-18068.47	48377.14	-27.1928724862
600316	-6755.03	54265.13	-11.0701610746
002241	-48996.15	73435.91	-40.0190521992
600138	-8679.99	65872.17	-11.6428417366
002353	83776.56	83776.56	10000.0
000725	22270.0	104226.01	27.1731139669
002311	-17322.06	94125.66	-15.5427674967
000513	71970.97	139310.91	106.877092555
000100	52422.54	76321.94	219.346678159
601633	22338.65	47818.23	87.6727559873
600855	-34364.1	60506.58	-36.2220445769
300100	1019.0	59195.57	1.75156424657
300144	9114.18	207700.38	4.58953341169
600030	-79509.29	477008.89	-14.2869169162
02238	24357.2	77043.28	46.2308070747
601169	-45040.62	148885.87	-23.2256150256
02318	19951.64	24141.18	476.225074829
600109	74302.42	88296.2	530.967472691
600079	19185.8	231660.43	9.02968980344
600335	16570.48	63283.51	35.4729290735
600298	30733.42	77364.62	65.9074182093
002502	1869.18	56980.9	3.39161978614
002400	-16206.05	103549.4	-13.5326200185
002701	-15818.61	43744.61	-26.5576810656
600240	26453.5	89404.48	42.0223799534
600681	39617.3	60330.18	191.268910939
600056	11151.77	164303.89	7.28149894366
601233	30623.12	32528.72	1607.00671704
601965	5007.57	28650.64	21.1798636979
300124	60665.78	135072.84	81.5322900811
600885	-10858.78	138543.9	-7.26812932673
000401	27734.61	49410.29	127.952663999
600031	32828.34	33265.94	7501.90585009
600990	-66430.98	67154.43	-49.7292181833
600060	13275.39	92625.41	16.7301659155
600585	-4395.46	48003.62	-8.38842972052
600864	59162.5	59165.74	1826003.08642
03888	1562.01	23794.6	7.02576712835
000661	62208.64	131484.95	89.7978544181
002792	5370.15	38465.63	16.2262339147
300049	-5922.33	40002.46	-12.8957149287
601186	73600.29	131791.14	126.48086426
002791	2108.1	31786.97	7.10303323543
601857	11103.26	58602.06	23.3758747589
000876	6214.83	35244.79	21.408331255
002043	-26845.29	128625.68	-17.2670756476
000860	-4033.51	63068.21	-6.01103816713
600970	30027.15	59213.74	102.879952745
002078	-19010.49	67098.15	-22.0773316127
600498	-36583.06	112037.93	-24.6150022282
000999	3022.78	31160.72	10.7427196163
002640	-19861.11	199105.04	-9.07040197766
600809	55706.01	64516.59	632.262688722
600803	49221.79	59572.11	475.558146994
002299	-141606.9	137197.05	-50.7908514209
600391	-42306.07	43740.59	-49.1664290049
300115	64463.96	206334.09	45.4387121517
02628	22394.2	22394.2	10000.0
000998	67627.65	113456.64	147.565220181
600085	-7227.08	84066.75	-7.9162852517
002010	-40314.95	37546.19	-51.7780114702
000069	1388.59	107980.85	1.30271184793
300010	-5599.42	23265.86	-19.3984607113
00005	-12748.18	26054.53	-32.8538393324
002008	34509.64	71236.76	93.9622818234
002338	-7110.85	52964.72	-11.8365085841
600196	40482.36	95101.82	74.1171003888
00902	11523.88	11523.88	10000.0
002310	-39787.01	178885.3	-18.1948093931
600305	-11100.88	56329.23	-16.4627938468
002366	116978.37	285672.74	69.3433752413
600271	-96959.64	52264.99	-64.9756276829
600521	-112548.79	119623.89	-48.4763280503
002368	7433.36	89587.95	9.04801545477
300015	-90252.58	158014.09	-36.3530795334
300058	-32264.52	133871.99	-19.4204874052
600622	-19788.48	46076.96	-30.0437983865
600518	39852.32	284364.87	16.2986807835
00386	14101.15	14101.15	10000.0
002250	11164.86	112266.9	11.04315996
600511	11767.97	44781.66	35.6457275754
002138	-33847.64	94163.38	-26.4411923286
01359	11055.96	11055.96	10000.0
601211	251323.65	292627.77	608.471140409
002570	31736.78	43165.25	277.699289581
600584	-52066.23	191201.57	-21.4028449306
600195	9917.43	31018.73	46.9991422329
600489	-85406.69	114970.73	-42.6229113041
00388	-12002.7	18833.9	-38.9235518832
600009	-26729.66	24748.7	-51.9240706192
600007	10733.78	20550.98	109.336470684
002323	17337.45	23607.4	276.516559143
601336	14982.1	81302.72	22.5904100414
600674	3483.13	48679.02	7.70674059079
600820	62246.95	82774.84	303.231116301
600760	9895.63	28395.38	53.490614738
300070	-50811.58	200412.26	-20.2256203074
00857	15415.36	15415.36	10000.0
000089	26423.55	47677.26	124.324412067
002503	18558.21	22147.78	517.003707965
300122	4932.11	79689.45	6.59749263417
600559	-6506.97	30481.98	-17.5916591306
600418	-69580.1	58544.59	-54.3065509076
600856	33371.85	51298.8	186.154644265
300003	14302.64	350318.6	4.25653590978
002294	24109.42	26130.48	1192.90966127
300137	-15491.73	37522.35	-29.22191614
000807	11419.16	36666.99	45.2282829851
601800	4668.22	25288.72	22.6387332994
02357	15347.47	15347.47	10000.0
600267	12334.16	48827.39	33.7984881031
002258	25780.39	25780.39	10000.0
300498	1803.44	58484.88	3.18171168552
002507	23287.22	83516.51	38.6642777957
000550	-159.1	19542.72	-0.807539608016
600642	-729.2	17026.96	-4.10674380046
002699	-85169.59	16900.0	-83.4426688693
002409	5576.81	35844.05	18.4252346762
002304	607.93	56410.09	1.08943811494
300306	-10964.62	17778.75	-38.1466056346
600699	-47.75	36610.47	-0.130257279268
00941	39718.66	82713.05	92.3810292459
600000	5305.06	405875.54	1.3243761747
601600	26782.95	38221.51	234.146168749
601689	18842.62	37342.57	101.852275276
600467	24121.07	24121.07	10000.0
600520	-6125.95	18437.81	-24.9389751406
300114	-31066.03	31734.79	-49.467554723
002267	-426.92	15884.22	-2.61735231259
002032	-24784.18	69560.87	-26.269719503
300011	29701.4	43103.46	221.618169147
000726	-10446.47	18227.57	-36.4318038198
600677	-26130.55	29718.97	-46.7874209125
600637	7056.16	27398.48	34.6870956705
000739	18033.51	49542.03	57.2337577265
002509	49238.7	89599.25	121.997098652
002672	-43848.0	82018.33	-34.8369575883
600110	-56634.01	51562.2	-52.3438020611
600486	9491.64	36425.27	35.240849451
600531	50335.14	63351.06	386.719801597
002727	4274.73	24452.56	21.1852810733
02388	91.36	12597.5	0.730521168002
002202	132002.3	163532.87	418.648632105
600525	8302.21	68946.98	13.6899026907
601766	36851.57	73446.38	100.701629548
300365	7369.02	119402.85	6.57749538688
603799	29779.63	49871.47	148.217535079
600697	6342.48	27089.67	30.5703085574
600598	19318.31	29490.49	189.913174954
600858	-1236.3	14039.52	-8.0931825591
300408	-67960.46	62611.0	-52.0484798133
002568	24332.51	38367.17	173.374417335
600535	46915.85	114034.04	69.9003504117
002035	13898.62	184649.34	8.13971384718
601333	22173.11	36521.51	154.533676229
002053	27144.4	46057.81	143.519333637
002223	-8860.82	64294.4	-12.1123550719
600256	24986.62	25056.68	35664.6017699
603001	-855.01	27554.89	-3.00954948803
600527	49692.13	49864.38	28848.8417997
601012	18828.41	74403.92	33.8789693518
600146	-18.25	63604.01	-0.0286849288284
000425	54696.58	56187.33	3669.06456482
01618	6579.04	6579.04	10000.0
002277	1089.89	17405.95	6.67986021135
002519	-9275.34	74321.8	-11.0952838817
600438	13964.03	13964.03	10000.0
000915	-6063.05	154553.5	-3.77486006268
300231	15459.48	34913.51	79.4667223192
600072	13733.04	13733.04	10000.0
002690	-1925.94	29622.86	-6.10463789431
600497	-4828.9	15479.36	-23.778009539
600151	-2559.43	29050.06	-8.09703035386
600999	-94033.2	90117.39	-51.063208649
600338	-17625.72	19667.52	-47.2625065561
600886	-6413.77	17623.42	-26.6826946078
002245	-19663.07	11985.99	-62.1284486806
600566	-25060.9	62655.56	-28.5703504223
02018	9021.81	11850.6	318.928234333
600166	52327.21	52327.21	10000.0
600741	6041.64	27854.79	27.6972376754
600261	9563.2	30035.69	46.712441916
600477	-34243.72	73171.9	-31.8796465542
300339	-3287.67	12737.73	-20.5153693512
002168	8650.67	12000.87	258.21353949
603883	9282.67	21656.3	75.0197799676
600794	989.23	11824.44	9.12977228868
002318	22717.35	24803.35	1089.0388303
600155	22445.76	58784.56	61.7680275628
000662	-26996.7	22443.15	-54.6051413991
000630	38502.19	61220.46	169.476769138
600919	20781.95	23242.87	844.478894072
002508	-126804.13	162599.2	-43.8157121413
002155	-42518.69	49936.69	-45.9883351299
601933	15870.55	53754.42	41.8926313494
600549	16785.55	30690.5	120.716363597
000738	-24494.73	66951.71	-26.7858759729
600976	8326.43	62128.81	15.4759510639
300422	27658.1	30893.08	854.969737062
600729	-17849.38	11114.66	-61.6260024499
002594	-42049.31	73677.13	-36.335093346
600426	59190.59	64035.65	1221.6688751
000609	2366.1	12437.2	23.4939579589
601997	44641.53	53886.38	482.879981828
600742	24064.19	24609.99	4408.97581532
603377	-2657.67	56342.16	-4.50453840291
300296	20913.3	153691.24	15.7505832671
600967	47737.43	82865.53	135.895280417
000911	-53447.74	103985.24	-33.9495193447
002343	24081.82	155282.38	18.3549673873
000521	17210.16	18304.04	1573.31334333
000636	13776.48	22634.47	155.526027914
002385	-35046.09	15246.05	-69.6850243398
600055	23616.75	28538.21	479.872842612
601137	534.19	10253.12	5.49638694795
300232	-30013.25	84804.07	-26.1400022227
603611	12681.15	20138.67	170.045135648
000400	74414.25	74771.82	20811.0999245
600597	-608.19	11616.1	-4.97525827676
002583	39641.15	73304.11	117.758955243
600676	22758.04	22758.04	10000.0
000971	-53266.12	17138.01	-75.6576638331
600987	7376.26	8714.08	551.364159603
600075	1599.19	11458.9	16.2194425597
002303	-85221.53	77372.24	-52.4137732952
000823	28297.69	29927.22	1736.55532577
600266	39676.12	70737.65	127.733952577
002217	93618.01	107019.7	698.553764488
000656	-5787.95	12942.16	-30.9018473463
000498	14949.03	15830.69	1695.55497584
002344	21870.62	23050.0	1854.41672743
000949	20281.76	20370.19	22935.3839195
002108	-16403.34	17492.91	-48.3927868127
000748	14386.69	58732.59	32.4419844901
002073	19450.76	21934.05	783.265748261
600873	7899.96	12300.48	179.523329061
300091	317.27	10048.89	3.26019717169
600686	37514.56	37514.56	10000.0
603355	4641.38	4641.38	10000.0
000558	413.79	10733.69	4.00963187628
002367	-16205.13	9741.63	-62.4553123396
600011	6821.5	9216.3	284.846333723
002050	42969.31	106136.51	68.0247185248
000903	77.03	17190.59	0.450110906205
002371	-50517.92	23060.8	-68.6583294735
600377	2840.51	13649.01	26.2803349216
002150	9057.8	9057.8	10000.0
600398	18926.17	59312.35	46.8629862988
300054	-48360.02	106087.63	-31.311593281
603997	10831.96	10831.96	10000.0
300119	7104.69	36441.04	24.2180434853
000404	-12718.62	19478.81	-39.501972673
300449	10142.08	14759.77	219.635358805
002484	10146.66	18147.38	126.821836035
000921	783.0	8428.3	10.2415863341
002126	27683.8	41448.52	201.121417653
002239	-26657.97	22842.8	-53.8536471251
300072	12815.12	105124.29	13.8828244258
002511	1114.04	111970.48	1.00493936121
600737	9356.52	79898.4	13.2637803245
601139	-6021.39	8486.89	-41.5031278691
000711	39020.69	98593.03	65.5013551591
000567	71777.3	108947.47	193.104578214
600416	5047.21	17567.46	40.3123739542
002099	-14566.55	8404.47	-63.4127261219
600500	21604.73	62880.18	52.3428091032
000959	6992.84	14354.31	94.9924403686
01093	8134.6	8134.6	10000.0
300243	-8303.04	8303.04	-50.0
601985	6945.68	10312.43	206.302220242
300437	-182.85	8281.73	-2.16017805963
601998	-14215.2	35938.84	-28.3430806372
002624	-3364.46	32022.64	-9.50758892365
601699	-16651.67	53751.71	-23.6518047855
600038	131901.34	171541.1	332.750097377
00175	38587.19	51266.04	304.342980633
002635	27734.36	38575.67	255.821113869
000930	42023.43	42023.43	10000.0
600667	-6449.3	41224.43	-13.527995397
000544	359.84	7885.54	4.78148212126
002007	-99592.72	125113.32	-44.3213364447
600332	3654.26	9278.54	64.9729387584
600579	12274.08	23450.53	109.820918091
600297	-7566.61	36821.07	-17.0466444743
002221	-33143.13	20914.43	-61.3108138806
000028	-11345.97	144773.16	-7.267507832
300234	7447.42	11727.42	174.005140187
002714	-14116.09	47786.8	-22.8036041613
600754	5661.1	8679.3	187.565436353
600227	7302.83	7302.83	10000.0
300012	-1740.89	172906.78	-0.996801159729
601801	-15363.15	29597.15	-34.1704792895
600850	7363.89	7402.75	18949.7941328
300147	-23145.88	8069.73	-74.1484148476
000049	-23220.57	24948.41	-48.2064806022
000540	8694.25	19694.96	79.0335351082
300302	-47321.39	49719.43	-48.7644168712
600529	-16728.11	40000.88	-29.4877627823
000709	8881.04	42008.55	26.8086554045
600827	10441.82	10441.82	10000.0
600872	-2556.84	38685.53	-6.19954672828
000166	-30530.51	107941.96	-22.0480720825
03311	7363.43	7363.43	10000.0
600074	-32637.2	44048.17	-42.5598781097
002414	-235.38	32000.2	-0.730186954911
002528	12578.48	15957.24	372.280955143
603808	31581.61	58461.72	117.490627829
300106	-7242.83	13342.17	-35.1849890697
601155	-158.12	19442.76	-0.806698474762
600816	812.31	19219.18	4.4130805509
300161	20036.37	35195.09	132.177189103
02313	6652.21	6652.21	10000.0
002434	43708.26	78523.08	125.544983429
300282	-20784.3	19457.67	-51.6483164219
603030	-2761.98	14243.71	-16.2415050492
600019	28844.66	43858.08	192.125844744
002531	5936.4	10733.73	123.743832507
002359	6262.21	6570.79	2029.3635362
300410	28245.31	40746.55	225.940066745
300104	-66918.26	248503.37	-21.2154949551
000534	-6061.84	11253.36	-35.0087784143
002375	-2284.2	7114.86	-24.302430243
002537	15073.29	35516.68	73.7318517134
002422	-2870.18	16045.52	-15.1735330968
001979	-9764.9	134233.1	-6.78127473993
300129	59193.2	67694.57	696.278364546
600315	-19517.75	12534.83	-60.8929140806
002098	12688.47	30404.58	71.621083861
603609	-3437.49	15277.8	-18.3672815115
601799	-18213.36	7471.66	-70.9104372899
300452	-10602.83	15852.04	-40.0789344268
000820	50344.4	134731.8	59.6586694222
603986	949.67	15321.43	6.6078893608
000596	10235.67	35063.76	41.226167619
002675	18986.22	22596.31	525.920960419
300375	12531.96	18170.09	222.271568765
300370	2847.33	17403.99	19.5603249647
601555	-27570.92	22936.25	-54.5881307545
002325	-26922.86	6055.32	-81.6384045451
000821	9663.05	41071.71	30.7655595622
000566	4995.08	65252.64	8.28954906239
300259	58.05	6358.05	0.921428571429
300526	8046.24	20842.29	62.880654577
300061	-23037.21	46381.29	-33.1859806824
02382	6025.75	15516.03	63.4939116654
000555	16994.76	17212.71	7797.54989677
000948	5213.61	15875.5	48.8994915536
600057	7574.07	41115.5	22.5812375918
600896	2123.62	16842.15	14.4282071647
000869	-52447.9	6209.78	-89.4135260719
601117	18670.07	20684.35	926.885537264
600479	10545.86	24243.39	76.9909611441
603018	6820.85	6820.85	10000.0
600861	615.57	6031.81	11.3652644639
603111	3473.93	38336.15	9.96474120122
300287	2236.86	107672.52	2.12154028343
002716	28074.43	44394.26	172.02648557
600993	7030.6	7478.96	1568.07030065
002533	-1641.33	16589.97	-9.00281384213
002179	-3935.9	103247.77	-3.67210788733
600476	15684.44	39411.95	66.102342808
600436	12626.05	26708.84	89.6558849489
002781	-23682.66	6336.54	-78.891709306
300068	-35969.98	115794.03	-23.7012582891
603588	4181.72	50286.25	9.07008487019
02020	5835.55	5835.55	10000.0
300213	32514.85	34689.1	1495.45130505
600787	22867.1	22867.1	10000.0
300196	-28046.68	68841.03	-28.947613686
300271	-58830.08	216761.72	-21.3468180113
300450	13488.8	13571.45	16320.3871748
300078	11428.57	58648.14	24.2030370035
002206	-3960.42	12025.18	-24.7749224302
002532	10944.66	18431.84	146.17866807
600875	25420.28	25420.28	10000.0
300567	37974.07	37974.07	10000.0
600961	15820.11	24640.1	179.366529894
601021	-58610.19	21243.66	-73.3968243234
002541	1842.15	8418.52	28.0116538455
300312	7914.77	12211.15	184.219505723
002694	34784.19	144528.83	31.6955707358
00867	4899.19	5050.8	3231.44251698
600018	7437.55	7657.39	3383.16502911
600594	-41910.14	130109.51	-24.3635770681
002149	-6201.0	30250.36	-17.0117109485
002120	-65452.28	95018.72	-40.7876064834
300463	-20742.19	6993.85	-74.7842518254
300291	-18632.51	20592.33	-47.5018126269
002550	1508.83	18381.99	8.9421898447
002468	18359.06	34234.17	115.646820715
001696	5683.59	22831.29	33.1449115625
002016	13038.95	21562.27	152.979707438
000789	4558.66	4558.66	10000.0
300095	-14205.82	14095.06	-50.1956829611
002762	-234.93	22399.6	-1.03792744979
002557	979.08	5253.2	22.9071715347
603968	4601.33	4601.33	10000.0
000035	-4641.42	30556.06	-13.1867963275
002131	-2.77	128426.42	-0.00215683054608
300406	26.7	9291.4	0.288190659169
002736	-36691.64	112475.11	-24.5977337443
600029	-9645.52	24787.95	-28.0120475805
300316	-3946.15	60224.47	-6.14946528489
002426	-3470.67	155878.35	-2.17803033869
600565	31709.32	37484.35	549.076281855
300248	4492.37	4492.37	10000.0
002395	-2766.24	4474.45	-38.2040938087
002085	-36283.96	66963.13	-35.1428403454
600755	-3672.85	4438.26	-45.2817185317
601100	34522.76	73510.92	88.5467793299
002293	3616.15	4191.78	628.207355419
600501	6404.71	10613.95	152.158346875
300097	70745.02	110256.07	179.051227441
002374	6148.67	6148.67	10000.0
600666	-6838.58	43012.5	-13.718017744
601000	5496.71	5513.58	32582.7504446
300149	1056.34	12545.32	9.19437582797
002382	6451.85	6451.85	10000.0
600329	5725.7	7364.11	349.466861164
000411	652.28	23141.9	2.90036025509
002298	8276.49	8276.49	10000.0
002391	21577.36	30531.19	240.984695935
000800	3211.6	6598.41	94.8266953269
600270	-3232.89	4159.02	-43.7355162603
000881	6256.48	40657.01	18.1871616513
603118	-591.39	4131.65	-12.521384532
600352	21804.76	27063.88	414.608527662
000776	-37936.03	191120.32	-16.5618765863
01299	-9962.69	13460.93	-42.5326657451
002410	-19324.58	12867.59	-60.0288206729
300367	-73807.51	167472.15	-30.5900256988
600835	-954.08	3861.24	-19.8134288064
300203	-19805.2	83055.23	-19.2544402157
600763	-2022.18	95356.53	-2.07661407714
600688	10694.24	14622.0	272.273254985
603866	6991.49	24217.62	40.5865391704
300548	3952.59	3976.44	16572.7044025
002543	15242.89	24298.31	168.328912408
600170	462.06	6564.6	7.57160133322
000690	1882.44	6180.06	43.801918271
000421	1982.47	3893.28	103.750242044
600963	-3704.01	35284.06	-9.50036767657
600004	1912.41	4765.89	67.0202699861
002024	20521.04	64234.94	46.9439697671
600406	-58979.75	67325.8	-46.6960873849
000059	28960.56	33945.4	580.972709254
300033	76243.68	102987.36	285.090458755
000778	6503.32	24485.49	36.165379373
000338	8111.98	25811.27	45.8322339484
002573	36447.29	45358.86	408.988427404
600094	4978.91	5061.02	6063.70722202
300436	29994.56	32349.46	1273.70843773
002059	4820.45	16259.92	42.1387529317
601588	-307.28	2570.6	-10.6773041266
600576	10282.24	19428.25	112.423231551
601601	-5661.5	23851.03	-19.1833773655
002452	3533.53	3533.53	10000.0
002002	2177.92	4574.23	90.8864045136
601377	-18371.29	112912.75	-13.9935440744
300364	-20453.62	76821.38	-21.0265947057
300207	-78130.52	164248.85	-32.2348061223
300098	5316.43	27925.55	23.5145374964
300421	15502.05	15502.05	10000.0
002045	8336.11	56907.93	17.1624411027
600731	5047.06	6939.66	266.6733594
000606	2401.34	5610.98	74.8164903229
002308	-23358.21	46508.66	-33.4324551823
000977	-40718.66	7501.74	-84.4428084379
300456	-60806.3	119482.98	-33.7270746214
002103	-4170.02	89544.35	-4.44971246139
000887	1291.04	40842.37	3.26421387094
600363	-6832.4	3283.17	-67.5434009156
002106	2606.1	6731.81	63.1673093843
300263	-229.9	20708.53	-1.09798108072
600382	-6866.67	33150.51	-17.1593050785
002530	-20563.45	57478.06	-26.3493748391
600570	-4632.63	58435.92	-7.34538847016
300148	-3270.57	3795.71	-46.2841834742
603806	2305.44	3208.44	255.3089701
600115	2187.87	33742.81	6.93352609766
000792	2532.71	2845.65	809.327666645
000937	5996.03	46087.83	14.9557515502
000590	5970.52	27902.45	27.2229575783
601928	-2633.34	7054.83	-27.1809846442
300166	-26190.44	29201.95	-47.2816572818
300545	4075.5	4075.5	10000.0
000402	-7784.25	11017.27	-41.4022376914
300398	-18392.19	18723.92	-49.5531185784
300351	10437.2	25776.91	68.0403997207
000969	-1612.4	8701.03	-15.6339840383
002396	568.43	6679.02	9.30237505707
300443	-217.16	2978.28	-6.79593420624
603718	14330.41	47580.12	43.0993533477
000801	-5193.11	14054.97	-26.979885786
000631	-3885.12	17572.19	-18.1062770683
000157	16330.45	48807.63	50.2828447544
002216	9939.63	10786.07	1174.28642314
300336	-147.27	6548.23	-2.19953700246
000546	8181.02	11689.49	233.179135065
600682	31566.71	75337.97	72.1174350476
000783	-126163.17	28229.05	-81.7160152241
601390	3331.93	76817.87	4.53410543568
600888	-678.18	1400.66	-32.6230012892
600327	4627.08	6211.54	292.028830011
000426	4845.04	25866.05	23.0485595126
601111	-6066.57	10529.29	-36.5547190685
600050	-29735.87	69657.97	-29.9172161977
000501	-1652.05	6685.3	-19.8150491463
300230	-867.71	22656.09	-3.68864724237
601888	-62988.92	27011.24	-69.9875644666
300322	3542.28	4453.7	388.655065722
600108	-4749.28	15531.76	-23.4173395447
601388	2680.94	2680.94	10000.0
300342	-11582.84	39698.71	-22.5867587856
002048	1978.0	93161.38	2.1692549673
000027	2479.23	3846.72	181.297852269
002425	-27197.1	60089.33	-31.1584515485
000554	751.93	1888.35	66.1665581387
002357	11924.2	37926.05	45.8590446449
00570	1280.55	2119.45	152.646322565
600596	50177.92	50177.92	10000.0
600651	-10882.45	3593.7	-75.1750292723
002481	10944.66	18144.33	152.016134073
300145	8103.51	180209.54	4.70844048869
300138	20525.44	29185.82	237.003918997
06030	2488.25	3530.45	238.749760123
600593	-317.71	39119.79	-0.805603803487
002029	1809.29	3652.42	98.1639927732
600209	-2185.39	3173.24	-40.7826254099
600837	-48582.98	425833.89	-10.2405675414
600691	23350.7	23350.7	10000.0
300252	3034.64	152902.59	2.02487589908
01117	1969.47	2708.85	266.367767589
002246	2365.86	2365.86	10000.0
300323	1363.58	3392.23	67.2161289528
002643	11981.26	17423.89	220.137323316
000848	-1879.25	5396.94	-25.8273904337
000928	38477.06	46833.23	460.462867558
002019	30933.68	52321.05	144.635268385
603899	-19014.75	33800.26	-36.0025492753
603160	4184.8	4213.37	14647.5323766
603085	5181.41	21444.93	31.8590932344
600469	538.53	2236.01	31.7252633315
600871	-6077.84	2353.4	-72.0871425793
600883	-1650.96	2388.62	-40.869595354
002597	10207.2	19086.86	114.950347198
601788	3472.2	10055.57	52.7419847282
300401	11401.43	14448.25	374.207534413
600132	2075.98	2776.32	296.424593769
002663	-2263.21	3397.72	-39.9794733374
002117	-5845.85	60597.14	-8.79829459812
000913	-881.36	2131.42	-29.2540444374
600150	26062.92	75782.39	52.4199473566
002588	-29080.2	2105.76	-93.2477307096
600739	-34344.35	28142.24	-54.9627528082
600509	-1062.11	1037.44	-50.5875068467
300294	-4101.06	10506.58	-28.0747608786
002370	-19141.64	9928.53	-65.84632976
600795	59411.28	76999.05	337.798822705
600487	-38542.42	47152.95	-44.9760821384
002739	-48388.4	89058.22	-35.2052309471
600258	-4923.98	2965.54	-62.4116549549
002152	-7958.22	67967.22	-10.4816251312
600125	1440.71	1440.71	10000.0
03899	1375.24	1974.64	229.436102769
600236	1801.64	2086.82	631.755382565
002215	39686.08	62769.15	171.927217653
000877	979.13	979.13	10000.0
000980	32154.8	34987.84	1134.99279925
600208	-33057.57	13630.26	-70.8055396878
603128	-9961.39	1947.8	-83.6445635681
600021	-3001.09	3174.06	-48.5994672194
000982	3228.96	4375.42	281.646110636
000666	11112.83	26508.98	72.1792785859
300228	-4390.63	9858.98	-30.81228188
000902	19015.45	34191.08	125.302540982
00883	5167.23	5953.83	656.906941266
600221	1114.12	2159.24	106.602112676
002609	-30136.88	13985.94	-68.3022526665
002023	-21083.78	61221.23	-25.6166422919
01177	1226.7	1862.76	192.85916423
601717	41075.26	58126.86	240.888010509
300360	-1665.32	6884.95	-19.4768118434
01378	-940.53	1830.18	-33.945450805
600160	248.14	3097.39	8.70895849785
002161	8065.46	8065.46	10000.0
000488	-7245.84	21967.21	-24.8034354509
00371	21401.8	31347.55	215.18538069
002332	15519.76	52757.99	41.6769540335
002262	40881.01	51487.39	385.43791567
002529	1080.22	7924.02	15.7839212134
600419	-4452.54	18527.39	-19.3757770367
300038	270.66	21540.87	1.2724839106
600428	-4021.01	11549.33	-25.8248053671
603939	-29278.64	38000.14	-43.518387224
300303	-6761.61	15679.25	-30.1307971263
300246	-207.84	13872.64	-1.47608604252
300345	10738.2	18512.64	138.121845432
600822	1705.46	1705.46	10000.0
601311	116.6	9328.53	1.26574995685
000030	-23673.92	3453.72	-87.2686308134
601808	1695.28	1695.28	10000.0
000983	-67168.21	41411.14	-61.860943172
002188	25440.32	43943.84	137.489083158
601118	3306.99	4368.93	311.410249167
603123	7205.97	7830.37	1154.06310058
300143	3741.7	26510.38	16.4335394059
300142	-8035.11	36186.88	-18.1699421487
600389	10227.2	40443.81	33.8462852054
300183	12388.59	32947.72	60.2583377799
002567	16780.77	25471.83	193.080820982
601198	-3581.53	8846.22	-28.8188127376
300261	-7327.91	23236.97	-23.9749346309
002546	-2322.5	36026.05	-6.05629156774
002421	-11615.25	84987.32	-12.0237484365
300223	-4198.43	30674.81	-12.039116526
002671	2782.01	4117.07	208.380896739
600153	-17524.31	6869.97	-71.8377832836
300324	-19496.53	175510.53	-9.99785853907
600337	-21133.85	19953.73	-51.4361030754
002738	5117.23	6056.03	545.082019599
300332	14020.79	140041.66	11.1257682954
002444	-3364.07	7484.8	-31.0084829111
300014	-6228.1	7592.51	-45.0638575287
600480	0.0	1537.62	0.0
002064	1300.72	8157.5	18.9698371539
002603	8093.07	10421.57	347.565814902
002412	3470.05	3602.9	2612.00602183
002013	59710.24	149064.53	66.8241446494
300425	2782.25	5345.09	108.561205538
002038	-9620.06	8598.35	-52.8040591907
000882	-2089.55	3179.54	-39.6567528738
600362	32798.27	38972.57	531.206290592
600600	-14595.88	5521.02	-72.5553141886
603616	3740.23	3740.23	10000.0
000997	337.34	16681.11	2.06402806696
600259	14912.59	34034.64	77.9863560654
002462	14097.88	77671.74	22.1755922953
002065	237.72	13523.7	1.78925453749
002465	-86801.12	115571.1	-42.8918158826
002376	-18586.39	1434.56	-92.8347056458
600039	7570.01	11590.46	188.287629494
300369	17155.18	26563.87	182.333353527
000825	-118.64	8290.39	-1.41086427329
603766	-2849.56	30215.87	-8.61794327187
002281	-38421.76	72519.01	-34.6326783202
600268	-3926.97	6033.12	-39.42705337
600105	2190.78	2190.78	10000.0
600350	-71.42	1739.3	-3.94428735531
002141	2633.64	7806.35	50.9141243178
600959	3413.44	4024.84	558.298985934
000539	1018.0	1948.6	109.391790243
002230	-4411.29	55396.04	-7.37583503561
00688	530.11	1327.04	66.5190167267
002518	15783.3	20071.65	368.050648851
603686	-7502.01	20128.7	-27.1509852624
600420	18089.55	31415.8	135.743738861
600522	3850.91	66732.91	6.12402595337
00966	832.41	1424.39	140.614547789
603108	-23480.92	69879.21	-25.1509075662
300496	6759.12	11704.78	136.667704614
601908	-33207.83	41918.38	-44.2027223255
002595	-8975.5	1294.85	-87.3923478752
300357	505.06	11390.97	4.63957537771
300393	15772.35	21827.28	260.487734788
002489	2172.74	2172.74	10000.0
600499	-1503.43	1285.2	-53.9128532649
002553	2387.32	21219.72	12.6766636223
002083	19958.92	19958.92	10000.0
300133	-24772.14	3025.5	-89.1159825079
002821	2797.7	2797.7	10000.0
002191	7067.95	21011.16	50.6909814885
300340	3628.05	74189.25	5.14170677369
300071	2134.54	17866.74	13.5679688791
600978	-45262.36	1224.11	-97.3667391824
300334	-14528.83	7648.54	-65.5119610666
600223	-127.16	1209.94	-9.51013387181
02727	753.04	1208.06	165.496022153
600759	54142.31	76237.8	245.037833513
600458	-7289.26	24210.01	-23.141044221
002101	16067.73	16067.73	10000.0
002234	-76457.35	41876.13	-64.6117649882
00489	18307.47	46569.91	64.7766788713
300265	-23528.23	3061.96	-88.4846253449
600790	578.69	1158.21	99.8567780232
002242	-13291.42	25588.2	-34.1860851521
000530	6029.12	6928.98	670.006445447
603268	1744.96	2115.86	470.466433001
002214	-7603.96	9286.79	-45.0184864497
002327	-1114.98	1143.94	-49.35898571
600761	6443.53	19149.74	50.7116598891
000686	2018.68	3316.3	155.567885822
002094	50560.08	117167.18	75.9079437477
300267	-41489.07	208311.87	-16.6088526328
000581	-17909.6	87102.35	-17.0548209037
603308	-42.3	8066.49	-0.52165612872
300284	-16257.37	28985.79	-35.9333211915
600172	3541.11	87463.86	4.21948756446
300184	1122.28	1122.28	10000.0
300429	19428.74	59594.56	48.3713266653
601339	-564.05	1114.29	-33.6076122836
02186	659.92	1113.04	145.639124294
600736	3453.39	4016.08	613.728696085
601258	1564.19	3454.19	82.7613756614
002564	26602.72	26692.1	29763.6160215
000428	1089.0	1089.0	10000.0
600216	545.44	1223.06	80.4934919276
000060	-10250.27	18398.12	-35.7795673684
601003	1077.52	1077.52	10000.0
002581	14162.64	27140.47	109.129492373
000403	-26076.75	139801.57	-15.7204087912
600027	-778.58	1049.4	-42.5923697196
000600	223.37	1044.21	27.2123678183
000758	1957.11	2790.99	234.6992373
000014	5766.4	5927.2	3586.06965174
300295	-155.58	1496.3	-9.41835968714
600285	-2032.28	40577.55	-4.76950975866
300508	-1101.38	1274.51	-46.3565232397
601669	-13046.85	38469.26	-25.3257670271
002705	4102.86	15338.69	36.5158604215
600718	35132.81	50089.33	234.899629058
002283	-10566.34	23695.31	-30.8401375882
002726	-3890.34	1007.34	-79.4323026413
600689	1864.01	5717.12	48.3767657814
000551	998.48	998.48	10000.0
000639	39727.25	40919.73	3331.48145042
600730	18.4	991.2	1.89144736842
300433	26197.53	39769.62	193.025024149
600690	-12900.59	9303.91	-58.0989889437
600804	11997.21	120569.08	11.0500169151
600771	-6377.0	41833.43	-13.2274281727
600188	-31724.96	9827.15	-76.3498171332
601126	8759.82	9243.32	1811.75180972
600586	2932.57	3891.9	305.689387385
002589	40705.68	108187.37	60.3210737609
002213	189.0	963.0	24.4186046512
600373	-26521.12	2205.83	-92.3213915853
300197	41429.84	160231.81	34.873024412
000004	5224.74	5307.9	6282.75613276
603000	12880.98	18906.86	213.76097765
000750	-1913.81	9035.32	-17.4791056458
000768	79618.85	337322.89	30.8954605446
600251	1210.41	2375.79	103.863975699
300329	-269.93	2729.72	-8.99871651693
600821	-4461.14	1775.03	-71.536536047
000883	916.0	916.0	10000.0
002458	-57553.3	65035.82	-46.9481304703
600572	14303.43	32859.96	77.0803054235
000043	1626.99	2799.93	138.71041997
002321	10059.53	14771.09	213.507415803
300257	16683.03	16683.03	10000.0
002072	888.81	888.81	10000.0
600621	-563.68	1041.11	-35.1248449953
002673	-19230.09	2639.68	-87.9300056654
002322	79689.7	84018.65	1840.85517273
600273	-13831.07	21860.75	-38.7513721631
600750	-32415.13	9437.98	-77.4497522406
000735	744.18	859.2	647.000521648
600496	-1814.0	855.98	-67.9405838246
000525	2165.05	42597.05	5.35479323308
002081	-29440.48	26798.47	-52.3489147646
600582	2352.8	2418.55	3578.40304183
300159	-67320.7	99684.99	-40.3104229562
002383	-10887.82	20983.63	-34.1616713391
600775	-678.15	1093.39	-38.2802533389
002758	10550.71	11713.16	907.626994709
600826	1554.96	15765.24	10.9425007811
600491	-39360.71	41389.71	-48.7436597853
600340	-52397.42	57535.4	-47.6631273536
601618	-11241.68	1540.38	-87.9488908674
600717	296.4	806.4	58.1176470588
000920	6748.95	29232.69	30.0170256372
300355	-1093.74	795.38	-57.8967985094
000529	4355.86	6031.65	259.928750022
300256	-41134.0	790.0	-98.1156378208
601727	3462.29	13781.34	33.5524103479
002470	2779.48	3724.74	294.043966739
002562	-26056.58	776.85	-97.1049172618
002477	-2121.77	8923.21	-19.2102656592
300326	-23204.77	21334.78	-52.0992466246
600801	-5175.1	1851.65	-73.6485572989
000972	896.0	896.0	10000.0
002285	847.74	5803.87	17.1048782013
600022	5058.24	5546.24	1036.52459016
000012	749.57	749.57	10000.0
000623	-11112.67	4664.04	-70.4371824037
000547	5007.02	30703.94	19.4849032491
002402	-13104.41	731.14	-94.7154973962
002394	3805.8	21909.6	21.0221058562
002542	14789.37	15501.22	2077.59640374
002372	-12754.52	7120.74	-64.1728460408
00392	360.62	360.62	10000.0
300247	-10363.32	714.41	-93.5509350742
600895	1469.7	1469.7	10000.0
600859	-396.22	709.11	-35.8463083423
002387	5794.13	19382.2	42.64130226
601375	838.19	838.19	10000.0
600548	-1547.1	692.58	-69.0768324046
002033	-189.25	692.5	-21.4629997165
002517	-8992.04	7012.37	-56.1847640744
300040	1585.24	1585.24	10000.0
002829	679.5	679.5	10000.0
300059	-36294.55	78142.78	-31.7156560713
603589	19878.54	28546.09	229.344393744
600176	55.52	674.24	8.97336436514
000066	-1641.82	909.74	-64.3457335904
600330	-11305.79	663.46	-94.4569626334
000728	-17302.85	9149.18	-65.4121819762
600633	10659.55	13210.12	417.928149394
600567	24977.68	27939.57	843.302080766
600093	20463.02	36265.32	129.493934427
002556	623.4	623.4	10000.0
300258	-14389.74	5872.46	-71.0176584971
000925	32748.86	51801.8	171.883499344
002563	-8423.16	3151.45	-72.7727327314
300157	-634.32	1382.53	-31.4510251134
300251	-4106.86	2959.35	-58.1196992447
300096	-9581.44	3024.62	-76.0066190388
600010	-3419.79	19342.71	-15.0237891269
600299	704.98	704.98	10000.0
600612	-12807.13	16937.38	-43.0571221378
600536	193.85	2546.99	8.23792889501
002439	45767.1	147553.39	44.9639140988
000878	1765.6	2275.9	345.9925534
600723	-2217.25	1620.06	-57.7813624649
603898	4691.75	19471.75	31.7439106901
601718	2675.51	3067.4	682.719640716
00981	2119.04	3469.04	156.965925926
000919	20199.83	53159.05	61.2873423582
000967	-37323.74	45483.91	-45.07281634
600422	-1122.86	13054.07	-7.92033254026
002052	-19955.81	12232.63	-61.9968224617
002056	-621.89	781.18	-44.3235191402
002677	653.15	1400.27	87.4223685619
603838	6.48	527.36	1.24404853325
002063	-7292.44	525.6	-93.2770873518
600984	3762.68	12676.32	42.2126089903
300005	27808.03	30881.05	904.908851879
002510	16908.09	19674.9	611.104123521
000528	1557.93	17493.34	9.77652912602
600291	818.88	1138.91	255.876011624
600320	635.57	635.57	10000.0
603298	579.51	579.51	10000.0
601225	-52733.03	12268.23	-81.126165862
002438	-4541.13	1544.81	-74.6167395669
601168	737.78	1670.26	79.1201956074
601566	12744.21	22454.2	131.248435889
002601	-18226.54	481.08	-97.4284275605
603368	-11801.48	22322.93	-34.5836895055
002407	-28992.6	12020.98	-70.6902445483
600882	-9121.31	22843.25	-28.5356970345
600358	473.47	473.47	10000.0
002173	-9091.04	24975.56	-26.6860796205
002042	-78821.75	3896.4	-95.2895464901
000796	-996.82	909.0	-52.3039951307
000418	-9216.66	25732.59	-26.3715530376
002195	3270.79	3270.79	10000.0
600702	-3992.05	21285.79	-15.7926864004
603456	12457.53	57371.35	27.7365185148
600198	-4487.85	3333.62	-57.3786001864
600834	1925.77	3976.75	93.8951135555
002147	85.0	440.5	23.9099859353
603989	18460.9	20322.65	991.588559151
600881	-8649.62	2845.49	-75.2460828996
600965	-12742.04	419.98	-96.8091523945
000732	457.07	2989.73	18.0470335537
600369	-3143.98	409.68	-88.4716039238
002071	-1645.33	2246.73	-42.2740142752
600969	15500.17	17859.67	656.926043653
002036	-57012.51	23783.4	-70.5636089748
000888	-26584.41	2982.77	-89.9118887902
000906	17287.91	25096.77	221.388397282
002384	-16729.08	65950.38	-20.2336590007
000811	7663.41	20709.35	58.7417234787
601636	-1364.85	6038.89	-18.4346019714
600252	3116.2	3116.2	10000.0
600606	-7945.98	4843.62	-62.1284481141
002233	-2244.17	377.83	-85.5900076278
600798	1415.83	1719.27	466.593066175
300164	25591.83	25591.83	10000.0
300317	22642.61	63081.95	55.9915418995
002717	-1489.66	371.51	-80.0389002617
600111	-10058.23	2464.87	-80.31741342
002544	-53348.87	24720.15	-68.3355190061
601238	-1161.16	5360.38	-17.8049969792
002123	43891.05	44005.87	38225.9623759
300479	358.5	358.5	10000.0
603008	-58307.19	68381.81	-46.023877369
600158	-3788.85	5520.48	-40.6994918002
002501	-1737.0	7191.68	-19.4541634374
600376	3902.13	18012.07	27.6551849264
600552	344.78	457.76	305.16905647
002075	1254.94	12404.06	11.255955627
300108	1271.79	1271.79	10000.0
002087	-410.28	350.0	-53.9643289314
600069	696.4	696.4	10000.0
300087	-12123.08	346.63	-97.2202240469
300092	-190.69	344.31	-35.6429906542
300236	36536.4	36536.4	10000.0
600831	301.99	9097.48	3.43346419585
603869	-446.2	27154.06	-1.61665143734
600372	9913.93	47943.86	26.0687568975
603660	335.16	335.16	10000.0
002420	334.66	334.66	10000.0
600121	2282.38	2282.38	10000.0
600502	36287.89	37834.9	2345.67908417
300212	713.84	33364.67	2.18628439155
600255	2678.05	3267.87	454.045301957
600123	19484.4	26382.75	282.450151123
603167	-1671.37	1042.51	-61.5859949592
600847	-6745.49	320.8	-95.4601353751
600587	40405.9	75682.45	114.540395815
002639	-16192.13	5633.88	-74.1873113776
600100	3167.79	4224.21	299.860850798
600894	-3905.85	810.31	-82.8184370335
600909	353.57	353.57	10000.0
002390	-34334.87	74038.35	-31.6820613063
600685	-20372.39	14765.65	-57.9781626977
600141	5528.58	5528.58	10000.0
600838	296.02	296.02	10000.0
603306	10420.65	22435.81	86.7291821332
600312	11373.64	12493.61	1015.53077315
600683	-54.42	1916.41	-2.76127316917
600616	2373.66	2373.66	10000.0
000718	9123.61	28302.67	47.5706838604
002180	6595.29	72047.13	10.0765539976
002745	1014.01	22538.16	4.71103388519
300321	4467.33	5041.03	778.687467317
603823	422.71	422.71	10000.0
002466	-22086.16	24427.75	-47.4829142508
000036	-3993.62	285.94	-93.3184719924
002688	-9039.87	607.2	-93.7058609505
002200	11934.75	18097.28	193.666400001
002500	772.34	14574.92	5.59562052892
603288	-402.0	891.78	-31.0717432639
600988	-19141.4	50383.62	-27.5316713321
601886	99.38	273.07	57.2168806494
002182	3323.21	20308.09	19.5656960779
002069	-856.94	266.4	-76.2850072106
002683	4179.96	15639.86	36.4746638278
000002	-52414.69	118236.54	-30.7145105254
600853	2508.89	2508.89	10000.0
600114	39646.84	64722.38	158.109615984
600475	3343.69	5419.24	161.098985811
300182	4781.0	58094.72	8.96767286169
002034	-1027.4	256.49	-80.0224318283
000960	-691.98	11114.27	-5.86113287454
600636	8.39	253.18	3.427427591
002721	-40.8	250.2	-14.0206185567
600528	-172.63	7477.41	-2.25658950803
603218	268.32	268.32	10000.0
300113	-61954.08	92629.51	-40.0780445065
002004	-6673.84	35897.64	-15.6767864307
600996	261.81	261.81	10000.0
000975	45973.64	67336.15	215.207108153
000826	-9184.13	84837.07	-9.7681480347
600325	528.22	45054.68	1.1863058505
600331	1330.14	1330.14	10000.0
600611	231.66	231.66	10000.0
600562	-1437.77	5951.54	-19.457432426
600008	71.14	230.86	44.5404457801
000598	65.24	230.05	39.5849766398
601231	-150.72	686.45	-18.0035118315
601992	-3522.71	2390.14	-59.5771920478
000926	10089.0	73578.9	15.8907164762
603188	-6443.32	226.11	-96.6097552564
600026	6523.33	10500.03	164.038775869
300255	-5751.9	222.78	-96.2712647372
002104	-9222.18	221.77	-97.6517241197
002116	-4890.33	14532.05	-25.1788400804
300298	-6902.29	700.03	-90.7918898442
002309	2201.6	2201.6	10000.0
600128	211.06	211.06	10000.0
002058	208.92	208.92	10000.0
002055	-44786.01	9426.32	-82.6122212419
601677	4409.89	28051.68	18.6529446374
603658	-11325.2	4743.55	-70.4796577207
600318	3743.57	3743.57	10000.0
002192	5721.79	10551.79	118.463561077
002205	918.06	918.06	10000.0
002039	1897.62	1897.62	10000.0
002076	-9536.47	392.1	-96.0507907987
600213	4181.79	5046.99	483.332177531
002661	193.71	193.71	10000.0
603369	193.26	193.26	10000.0
300029	110.71	193.09	134.389414907
600793	189.31	189.31	10000.0
600738	-41.57	187.93	-18.1132897603
600577	0.0	375.62	0.0
000683	6186.99	6186.99	10000.0
000966	178.06	178.06	10000.0
300025	-14516.37	22490.76	-39.2258735006
000050	3813.8	8546.78	80.5792545077
000665	168.36	168.36	10000.0
002062	-186.18	163.75	-53.2049266996
601929	497.79	819.9	154.540374406
002433	-2458.29	108.4	-95.7766617706
000667	76.59	161.03	90.7034580767
000039	446.5	739.58	152.347481916
000777	156.66	156.66	10000.0
600711	4569.58	6474.55	239.876743466
600778	-1862.87	156.4	-92.254626672
002457	2336.98	2336.98	10000.0
600694	-307.35	153.73	-66.6587143229
600157	9103.81	23282.99	64.2054759161
600995	-6923.8	171.54	-97.5823568708
600481	3771.7	3771.7	10000.0
603877	175.68	175.68	10000.0
002627	-1775.68	542.05	-76.6128927873
300088	4.83	5724.7	0.0844424785878
300488	-17463.87	143.04	-99.1875916899
000978	8154.19	8890.75	1107.06391876
300177	-4757.81	365.67	-92.8628588381
601898	-13406.85	13920.67	-49.0598854195
603979	137.3	137.3	10000.0
002037	4621.01	6265.09	281.069655978
000429	-4623.95	3698.9	-55.5572910722
002398	10526.59	18684.35	129.037750559
300150	446.65	446.65	10000.0
600308	-87.57	132.74	-39.7485361536
601579	130.09	130.09	10000.0
300394	-4776.27	1278.94	-78.8786846369
002165	128.64	128.64	10000.0
300305	4338.24	4338.24	10000.0
002017	-1569.34	4094.37	-27.708692712
000707	16.01	123.95	14.8323142487
002611	10113.76	35945.21	39.1528930819
300169	5297.72	5297.72	10000.0
600862	1796.94	1957.05	1122.31590781
000620	-57.21	138.87	-29.1768665851
300341	-14641.16	116.41	-99.2111844972
603366	9428.92	13272.66	245.305873967
002238	567.97	2560.92	28.4989588299
603258	108.44	108.44	10000.0
600571	1128.84	1392.12	428.760255242
600879	-5246.88	114292.83	-4.38923601203
002491	-3400.86	4632.18	-42.3359027218
600503	194.81	609.22	47.0090007481
300162	-2091.56	102.96	-95.3083134353
300199	-41960.06	63170.77	-39.9122312646
000657	698.13	3587.21	24.1644398909
300348	5507.38	5579.57	7629.00678764
600452	18740.7	39174.57	91.7139044146
300319	14465.9	29622.63	95.4420907412
000090	96.6	96.6	10000.0
002011	-380.3	95.2	-79.9789695058
600728	-160.05	94.36	-62.9102629614
600359	206.58	206.58	10000.0
603399	12.16	93.25	14.9956838081
002092	-16920.05	764.23	-95.6784782869
002166	86.59	86.59	10000.0
002251	-2227.44	85.54	-96.3017406117
000045	84.0	84.0	10000.0
600575	83.14	83.14	10000.0
600977	4464.02	4643.68	2484.70444172
600973	75.38	1548.0	5.11876791026
601919	-4398.62	5463.78	-44.599894549
002463	-689.91	78.32	-89.8051364826
600893	-29026.49	261263.43	-9.99913810304
002408	12521.13	16266.56	334.304205392
603708	70.84	70.84	10000.0
603416	75.46	75.46	10000.0
300168	142.76	5452.07	2.68886164115
300253	-15234.84	1278.48	-92.2578863608
300327	5525.93	9699.3	132.409299918
600295	64.72	64.72	10000.0
000619	3443.3	3443.3	10000.0
600634	12644.61	12644.61	10000.0
002831	76.8	76.8	10000.0
002118	20.01	61.23	48.5443959243
000973	60.56	60.56	10000.0
002314	-773.81	55.09	-93.3538424418
300200	1602.12	2005.87	396.809907121
000663	49.03	49.03	10000.0
603878	48.0	48.0	10000.0
002146	-11885.59	227.65	-98.1206514525
300416	-15781.69	1283.84	-92.4769989564
600399	-4355.07	1040.35	-80.7179051863
603577	42.25	42.25	10000.0
603858	41.65	41.65	10000.0
002795	39.84	39.84	10000.0
600992	36.49	36.49	10000.0
300490	35.64	35.64	10000.0
002832	35.15	35.15	10000.0
601020	34.3	34.3	10000.0
603886	34.02	34.02	10000.0
600814	3272.64	3272.64	10000.0
600841	705.34	705.34	10000.0
600892	1380.55	1380.55	10000.0
600819	31.96	31.96	10000.0
600810	31.9	31.9	10000.0
603006	15548.4	19797.79	365.897222896
002440	312.79	435.19	255.547385621
300582	26.57	26.57	10000.0
603900	23.19	23.19	10000.0
002826	34.38	34.38	10000.0
603928	22.32	22.32	10000.0
300568	12709.31	12709.31	10000.0
300570	20.02	20.02	10000.0
300537	16.71	20.0	507.902735562
002777	10679.4	17445.77	157.830564985
002818	36.16	36.16	10000.0
603239	17.46	17.46	10000.0
300558	7412.06	7412.06	10000.0
000752	3997.92	4552.91	720.358925386
300518	14.82	14.82	10000.0
002835	16.49	16.49	10000.0
300516	-4.25	14.33	-22.874058127
002798	14.16	14.16	10000.0
300347	-44954.36	29253.14	-60.5792675942
300512	-1.43	12.49	-10.2729885057
300120	9.99	9.99	10000.0
000062	-214.34	9.94	-95.5680399501
603035	14.52	14.52	10000.0
300565	9.46	9.46	10000.0
603727	9.41	9.41	10000.0
603319	8.14	8.14	10000.0
603959	-0.11	8.09	-1.34146341463
603131	-0.28	7.39	-3.65058670143
603585	7.26	7.26	10000.0
300515	-1.16	6.95	-14.3033292232
603819	6.76	6.76	10000.0
300583	6.37	6.37	10000.0
603929	7.8	7.8	10000.0
002819	6.16	6.16	10000.0
603033	5.98	5.98	10000.0
603990	5.51	5.51	10000.0
002799	-0.33	5.43	-5.72916666667
002833	4.83	4.83	10000.0
603058	4.27	4.27	10000.0
002828	4.02	4.02	10000.0
002838	3.12	3.12	10000.0
300586	2.82	2.82	10000.0
000158	-18436.94	2.63	-99.9857371945
002512	-7747.89	3269.73	-70.3227194258
000970	665.44	8671.99	8.31119520892
002840	2.38	2.38	10000.0
300591	0.74	0.74	10000.0
002664	5679.7	21965.04	34.8761524168