600028	192098.34	397057.28	93.7252798048
000786	-15456.34	157492.51	-8.93694291694
600015	104958.68	180575.08	138.804121857
00700	24545.88	111794.74	28.133181339
601098	22884.21	97827.31	30.5354462252
000651	-27556.12	677479.65	-3.90847119714
600062	72632.38	86392.39	527.851215224
000422	74160.52	75333.26	6323.69664205
601688	-6147.0	246711.01	-2.4310086123
601006	128342.52	274567.95	87.7703146436
600109	74302.42	88296.2	530.967472691
600519	283242.02	1102300.32	34.581423569
02238	24357.2	77043.28	46.2308070747
000568	44915.66	324087.84	16.0888738985
03888	1562.01	23794.6	7.02576712835
002572	-25043.83	420627.01	-5.61935575592
00005	-12748.18	26054.53	-32.8538393324
00939	46208.57	57950.47	393.535713982
600809	55706.01	64516.59	632.262688722
600298	30733.42	77364.62	65.9074182093
600559	-6506.97	30481.98	-17.5916591306
300137	-15491.73	37522.35	-29.22191614
000858	259040.38	610272.81	73.7518400565
000001	30555.38	297524.68	11.4452785395
00388	-12002.7	18833.9	-38.9235518832
000895	-66204.42	74301.7	-47.118531207
600760	9895.63	28395.38	53.490614738
600240	26453.5	89404.48	42.0223799534
02357	15347.47	15347.47	10000.0
002415	118083.3	334707.93	54.5105605027
600887	118411.83	695901.11	20.5045936091
01398	22833.74	31535.25	262.41123667
002304	607.93	56410.09	1.08943811494
000423	-15382.87	235293.45	-6.13654692234
02388	91.36	12597.5	0.730521168002
300339	-3287.67	12737.73	-20.5153693512
02018	9021.81	11850.6	318.928234333
601398	149540.23	403301.97	58.9293839174
00941	39718.66	82713.05	92.3810292459
601318	188950.17	626971.27	43.1372301471
600520	-6125.95	18437.81	-24.9389751406
000333	106866.58	669589.41	18.9909799821
03988	29034.99	40849.78	245.751215214
01093	8134.6	8134.6	10000.0
300243	-8303.04	8303.04	-50.0
002368	7433.36	89587.95	9.04801545477
600104	232275.21	473623.29	96.2407531893
000540	8694.25	19694.96	79.0335351082
03311	7363.43	7363.43	10000.0
002142	54475.94	188569.1	40.6254427892
02313	6652.21	6652.21	10000.0
300282	-20784.3	19457.67	-51.6483164219
300410	28245.31	40746.55	225.940066745
600066	-67616.48	129740.55	-34.2609938952
300452	-10602.83	15852.04	-40.0789344268
300375	12531.96	18170.09	222.271568765
601988	63096.16	189263.0	50.0100977404
603030	-2761.98	14243.71	-16.2415050492
00175	38587.19	51266.04	304.342980633
002168	8650.67	12000.87	258.21353949
002533	-1641.33	16589.97	-9.00281384213
600667	-6449.3	41224.43	-13.527995397
02382	6025.75	15516.03	63.4939116654
000948	5213.61	15875.5	48.8994915536
600038	131901.34	171541.1	332.750097377
300312	7914.77	12211.15	184.219505723
00867	4899.19	5050.8	3231.44251698
601857	11103.26	58602.06	23.3758747589
601336	14982.1	81302.72	22.5904100414
600976	8326.43	62128.81	15.4759510639
02020	5835.55	5835.55	10000.0
603611	12681.15	20138.67	170.045135648
601899	-3728.44	108900.37	-3.31037857898
000625	8647.5	129263.95	7.16942009154
600196	40482.36	95101.82	74.1171003888
002395	-2766.24	4474.45	-38.2040938087
600794	989.23	11824.44	9.12977228868
601012	18828.41	74403.92	33.8789693518
600309	26715.01	203412.44	15.1190710584
300316	-3946.15	60224.47	-6.14946528489
000063	105146.41	229798.58	84.3518488286
600525	8302.21	68946.98	13.6899026907
601607	93054.16	192153.61	93.8997744185
002236	-136120.64	232205.27	-36.9565746814
300115	64463.96	206334.09	45.4387121517
601939	52142.11	107391.83	94.3753380108
600267	12334.16	48827.39	33.7984881031
000656	-5787.95	12942.16	-30.9018473463
600498	-36583.06	112037.93	-24.6150022282
002519	-9275.34	74321.8	-11.0952838817
000609	2366.1	12437.2	23.4939579589
002452	3533.53	3533.53	10000.0
600660	30789.65	84833.76	56.9713332313
000166	-30530.51	107941.96	-22.0480720825
002008	34509.64	71236.76	93.9622818234
601818	20932.9	103695.56	25.2926863395
600557	-18068.47	48377.14	-27.1928724862
300231	15459.48	34913.51	79.4667223192
002509	49238.7	89599.25	121.997098652
603001	-855.01	27554.89	-3.00954948803
300097	70745.02	110256.07	179.051227441
300271	-58830.08	216761.72	-21.3468180113
300166	-26190.44	29201.95	-47.2816572818
002573	36447.29	45358.86	408.988427404
002396	568.43	6679.02	9.30237505707
601155	-158.12	19442.76	-0.806698474762
601965	5007.57	28650.64	21.1798636979
000910	97657.31	163771.31	147.71048492
002217	93618.01	107019.7	698.553764488
600584	-52066.23	191201.57	-21.4028449306
600155	22445.76	58784.56	61.7680275628
600166	52327.21	52327.21	10000.0
300156	46426.0	203251.1	29.603679513
300498	1803.44	58484.88	3.18171168552
300342	-11582.84	39698.71	-22.5867587856
600486	9491.64	36425.27	35.240849451
002583	39641.15	73304.11	117.758955243
600476	15684.44	39411.95	66.102342808
600036	65001.58	505762.73	14.7475747352
000860	-4033.51	63068.21	-6.01103816713
000411	652.28	23141.9	2.90036025509
01117	1969.47	2708.85	266.367767589
000426	4845.04	25866.05	23.0485595126
600409	72023.19	171244.38	72.5885166263
000596	10235.67	35063.76	41.226167619
603899	-19014.75	33800.26	-36.0025492753
600682	31566.71	75337.97	72.1174350476
601633	22338.65	47818.23	87.6727559873
600261	9563.2	30035.69	46.712441916
00570	1280.55	2119.45	152.646322565
03899	1375.24	1974.64	229.436102769
300228	-4390.63	9858.98	-30.81228188
002023	-21083.78	61221.23	-25.6166422919
01177	1226.7	1862.76	192.85916423
002367	-16205.13	9741.63	-62.4553123396
600731	5047.06	6939.66	266.6733594
01299	-9962.69	13460.93	-42.5326657451
300143	3741.7	26510.38	16.4335394059
601288	26559.84	441671.3	6.39824301647
002738	5117.23	6056.03	545.082019599
600547	-135541.87	227353.62	-37.3501114605
601009	26382.91	142324.94	22.7552596759
000538	31953.55	189222.62	20.3177586031
600888	-678.18	1400.66	-32.6230012892
000554	751.93	1888.35	66.1665581387
00966	832.41	1424.39	140.614547789
600406	-58979.75	67325.8	-46.6960873849
600000	5305.06	405875.54	1.3243761747
000963	51217.97	273063.0	23.0872740309
02727	753.04	1208.06	165.496022153
600079	19185.8	231660.43	9.02968980344
600900	-23210.3	175962.41	-11.6533535141
000709	8881.04	42008.55	26.8086554045
00489	18307.47	46569.91	64.7766788713
600691	23350.7	23350.7	10000.0
601117	18670.07	20684.35	926.885537264
02186	659.92	1113.04	145.639124294
600883	-1650.96	2388.62	-40.869595354
600150	26062.92	75782.39	52.4199473566
600009	-26729.66	24748.7	-51.9240706192
601166	49449.48	731843.61	7.24646913361
01359	11055.96	11055.96	10000.0
600509	-1062.11	1037.44	-50.5875068467
000778	6503.32	24485.49	36.165379373
600068	57838.04	174635.38	49.5199976301
600125	1440.71	1440.71	10000.0
000600	223.37	1044.21	27.2123678183
000877	979.13	979.13	10000.0
601668	72310.52	387335.93	22.9538690228
600418	-69580.1	58544.59	-54.3065509076
601328	171698.69	524241.35	48.7029541333
002230	-4411.29	55396.04	-7.37583503561
002271	-79498.3	161556.64	-32.9793282809
600674	3483.13	48679.02	7.70674059079
002465	-86801.12	115571.1	-42.8918158826
600195	9917.43	31018.73	46.9991422329
002188	25440.32	43943.84	137.489083158
300284	-16257.37	28985.79	-35.9333211915
600377	2840.51	13649.01	26.2803349216
300142	-8035.11	36186.88	-18.1699421487
603808	31581.61	58461.72	117.490627829
000089	26423.55	47677.26	124.324412067
601997	44641.53	53886.38	482.879981828
601998	-14215.2	35938.84	-28.3430806372
600271	-96959.64	52264.99	-64.9756276829
300324	-19496.53	175510.53	-9.99785853907
000069	1388.59	107980.85	1.30271184793
600919	20781.95	23242.87	844.478894072
600741	6041.64	27854.79	27.6972376754
600511	11767.97	44781.66	35.6457275754
600022	5058.24	5546.24	1036.52459016
000725	22270.0	104226.01	27.1731139669
00392	360.62	360.62	10000.0
601169	-45040.62	148885.87	-23.2256150256
000513	71970.97	139310.91	106.877092555
600276	-40507.19	359228.82	-10.133485347
300203	-19805.2	83055.23	-19.2544402157
002311	-17322.06	94125.66	-15.5427674967
002581	14162.64	27140.47	109.129492373
000800	3211.6	6598.41	94.8266953269
600816	812.31	19219.18	4.4130805509
600060	13275.39	92625.41	16.7301659155
600031	32828.34	33265.94	7501.90585009
601211	251323.65	292627.77	608.471140409
300100	1019.0	59195.57	1.75156424657
300138	20525.44	29185.82	237.003918997
600822	1705.46	1705.46	10000.0
000018	128827.6	128827.6	10000.0
002013	59710.24	149064.53	66.8241446494
600048	96479.84	226372.74	74.2764539093
600585	-4395.46	48003.62	-8.38842972052
002262	40881.01	51487.39	385.43791567
000027	2479.23	3846.72	181.297852269
601933	15870.55	53754.42	41.8926313494
600643	56772.46	113889.8	99.3961903688
000739	18033.51	49542.03	57.2337577265
000528	1557.93	17493.34	9.77652912602
600029	-9645.52	24787.95	-28.0120475805
000776	-37936.03	191120.32	-16.5618765863
300017	-294212.13	276438.43	-51.5573190711
601628	29496.55	175464.65	20.2075316456
603111	3473.93	38336.15	9.96474120122
600266	39676.12	70737.65	127.733952577
002241	-48996.15	73435.91	-40.0190521992
000400	74414.25	74771.82	20811.0999245
002353	83776.56	83776.56	10000.0
600552	344.78	457.76	305.16905647
000338	8111.98	25811.27	45.8322339484
601111	-6066.57	10529.29	-36.5547190685
300258	-14389.74	5872.46	-71.0176584971
600690	-12900.59	9303.91	-58.0989889437
600535	46915.85	114034.04	69.9003504117
600820	62246.95	82774.84	303.231116301
600016	78861.94	509781.95	18.300830356
600030	-79509.29	477008.89	-14.2869169162
002056	-621.89	781.18	-44.3235191402
002069	-856.94	266.4	-76.2850072106
300005	27808.03	30881.05	904.908851879
603823	422.71	422.71	10000.0
000028	-11345.97	144773.16	-7.267507832
600562	-1437.77	5951.54	-19.457432426
000529	4355.86	6031.65	259.928750022
000998	67627.65	113456.64	147.565220181
600373	-26521.12	2205.83	-92.3213915853
600128	211.06	211.06	10000.0
002058	208.92	208.92	10000.0
603085	5181.41	21444.93	31.8590932344
600318	3743.57	3743.57	10000.0
000967	-37323.74	45483.91	-45.07281634
000726	-10446.47	18227.57	-36.4318038198
002466	-22086.16	24427.75	-47.4829142508
600487	-38542.42	47152.95	-44.9760821384
600503	194.81	609.22	47.0090007481
002410	-19324.58	12867.59	-60.0288206729
300199	-41960.06	63170.77	-39.9122312646
300113	-61954.08	92629.51	-40.0780445065
600755	-3672.85	4438.26	-45.2817185317
600736	3453.39	4016.08	613.728696085
600996	261.81	261.81	10000.0
600909	353.57	353.57	10000.0
600967	47737.43	82865.53	135.895280417
603858	41.65	41.65	10000.0
002092	-16920.05	764.23	-95.6784782869
600027	-778.58	1049.4	-42.5923697196
601020	34.3	34.3	10000.0
000059	28960.56	33945.4	580.972709254
002821	2797.7	2797.7	10000.0
600893	-29026.49	261263.43	-9.99913810304
000401	27734.61	49410.29	127.952663999
600399	-4355.07	1040.35	-80.7179051863
002673	-19230.09	2639.68	-87.9300056654
002408	12521.13	16266.56	334.304205392
300327	5525.93	9699.3	132.409299918
603298	579.51	579.51	10000.0
603218	268.32	268.32	10000.0
603986	949.67	15321.43	6.6078893608
603708	70.84	70.84	10000.0
002818	36.16	36.16	10000.0
603416	75.46	75.46	10000.0
300558	7412.06	7412.06	10000.0
603900	23.19	23.19	10000.0
603877	175.68	175.68	10000.0
300537	16.71	20.0	507.902735562
300565	9.46	9.46	10000.0
603886	34.02	34.02	10000.0
300582	26.57	26.57	10000.0
603239	17.46	17.46	10000.0