002120	160471.0	160471.0	10000.0
300279	-15326.12	46306.2	-24.8670178244
300365	22997.82	112033.83	25.8297962813
600233	57890.64	66964.34	638.004783054
300212	22374.76	32650.83	217.736547143
002045	34864.13	48571.82	254.339936196
002180	-27335.32	65451.84	-29.4602399729
600500	9109.49	41275.45	28.3202801968
000711	39655.48	59572.34	199.105079817
002640	64373.17	218966.15	41.6404224823
600547	-124022.73	362895.49	-25.4709569094
000070	38706.08	102505.03	60.6688354589
600110	2265.17	108196.21	2.13834396415
002185	49197.88	54156.11	992.246830018
300347	13665.62	74207.5	22.5721764835
300196	31034.55	96887.71	47.1268956569
002482	8646.04	32755.81	35.8611467467
600389	9176.34	30216.61	43.6132235946
300456	43325.73	180289.28	31.6330366729
603808	26880.11	26880.11	10000.0
300408	23541.83	130571.46	21.9956193439
600967	23446.84	35128.1	200.721839938
000651	325815.5	705035.77	85.9172163977
600867	52019.96	432451.01	13.6739522181
002456	177444.58	343463.72	106.882001678
300262	8567.4	16172.07	112.659720935
002605	-1930.85	13200.31	-12.7607533064
002098	-674.45	17716.11	-3.66737065103
300136	122999.17	457192.18	36.8048302387
002343	-47459.38	131200.56	-26.5640859389
600079	107955.17	212474.63	103.287148632
002694	102004.22	109744.64	1317.81247012
002007	370.13	224706.04	0.164989189649
300226	-10804.0	29180.87	-27.0202203984
000821	-11361.14	31408.66	-26.5634630043
600697	20065.18	20747.19	2942.06536561
002325	-8540.76	32978.18	-20.5707563825
000590	19840.75	21931.93	948.782505571
000065	30109.5	48263.41	165.856831944
002094	22573.47	66607.1	51.2641587805
300090	14268.41	37439.9	61.5774384815
300161	-41532.2	15158.72	-73.2607620409
300115	81663.4	141870.13	135.638324819
000826	14785.11	94021.2	18.6595653571
002053	631.13	18913.41	3.45214054265
000820	80237.68	84387.4	1933.56852992
300073	-45572.87	104520.28	-30.3630578744
002415	-7876.38	216624.63	-3.50839401569
000739	31508.52	31508.52	10000.0
300159	9526.63	167005.69	6.04945825813
300463	8822.19	27736.04	46.6440729941
002762	549.64	22634.53	2.48876041493
601717	17051.6	17051.6	10000.0
600593	17440.05	39437.5	79.2821440667
600240	26172.21	62950.98	71.1611889141
000662	48966.85	49439.85	10352.3995772
300031	-18810.66	45057.69	-29.4522404289
600030	130982.95	556518.18	30.7807534525
002152	22804.91	75925.44	42.9305016347
600489	38184.62	200377.42	23.5427343261
002085	9831.85	103247.09	10.5248886584
300202	12001.1	43013.73	38.6974597124
002511	22238.72	110856.44	25.0951164169
300104	-4797.18	315421.63	-1.49809438115
300458	-62176.9	59003.69	-51.3092897138
300302	-57034.58	97040.82	-37.0173174952
600963	27880.68	38988.07	251.01018331
300018	7915.2	15507.14	104.257936707
002509	29062.79	40360.55	257.243825325
601166	139997.29	682394.13	25.8108601813
300396	15427.07	29029.84	113.411239034
002411	90679.1	90679.1	10000.0
300310	-86221.44	150462.29	-36.4289678889
002239	15692.49	49500.77	46.4161146323
002582	14805.23	84397.3	21.2743061099
002247	-3979.26	21978.38	-15.3298219715
300271	76836.84	275591.8	38.659080508
002175	-29844.89	218848.17	-12.0006927415
600146	17242.54	63622.26	37.1768954189
600603	2649.89	13535.41	24.3432559951
600521	-34988.02	232172.68	-13.096245069
600693	45951.25	59440.72	340.645332989
300203	47665.5	102860.43	86.3584753165
300263	-20601.38	20938.43	-49.5943048367
600661	26822.8	65849.0	68.7302376352
002588	7342.8	31185.96	30.7962535167
002173	8759.8	34066.6	34.6144119367
600486	17116.3	26933.63	174.347811472
300378	-9748.51	12285.0	-44.244017408
300012	-15054.16	174647.67	-7.93569571785
000983	6917.83	108579.35	6.80476742823
300054	-21405.35	154447.65	-12.1722973165
600050	33002.51	99393.84	49.7090659277
300087	12285.26	12469.71	6660.48251559
002773	-19889.68	90175.67	-18.0707915797
001696	-7085.05	17147.7	-29.2374988394
600566	45867.22	87716.46	109.601082361
000919	17619.61	32959.22	114.863480884
600098	-6421.33	15224.34	-29.6656559949
300237	36793.76	42145.26	687.541063253
300301	486.04	10818.4	4.70405599495
000404	30046.85	32197.43	1397.15100113
000703	8994.61	13784.8	187.771466268
600188	18748.13	41552.11	82.2142889092
002384	-11448.54	82679.46	-12.1627358491
000558	-11540.92	10319.9	-52.7927131736
300231	9025.8	19454.03	86.551600799
300403	17276.28	17498.56	7772.30520065
601225	35932.79	65001.26	123.614314754
600584	124822.4	243267.8	105.383915289
300342	-61979.16	51281.55	-54.7225600122
300278	-4001.85	30600.91	-11.565117927
000568	-26942.14	279172.18	-8.80133278312
000910	1594.69	66114.0	2.47164763541
300356	1091.68	97563.93	1.13160001969
002352	10806.68	10806.68	10000.0
002435	5308.71	13763.72	62.7877435982
601898	19279.96	27327.52	239.575225286
600382	8287.78	40017.18	26.1201913683
002733	-5292.09	14376.84	-26.9058357521
300144	-7132.27	198586.2	-3.4670051746
300520	26514.89	26518.61	712765.860215
603703	13036.74	45593.38	40.0432599924
000967	49453.68	82807.65	148.269246509
002366	-11644.21	168694.37	-6.45686020152
600328	8900.44	11770.88	310.072323407
000488	-13341.81	29213.05	-31.3520241871
002709	-11126.21	9876.0	-52.9763772479
600750	20819.34	41853.11	98.980544144
000975	4138.98	21362.51	24.030962294
000423	86887.5	250676.32	53.048492565
002103	38035.34	93714.37	68.3117863224
600856	17926.95	17926.95	10000.0
600715	14554.13	49055.97	42.1836342641
002394	-16761.87	18103.8	-48.0755711851
300061	2929.83	69418.5	4.40651016181
300285	-35034.44	190219.25	-15.5533256747
002383	11635.16	31871.45	57.496507512
002517	3146.09	16004.41	24.4673487672
300015	34263.36	248266.67	16.0106682462
300187	-4692.6	21042.65	-18.2341341157
300340	-3924.9	70561.2	-5.26930527978
002310	184946.14	218672.31	548.375756868
300197	108427.15	118801.97	1045.0990957
300228	361.88	14249.61	2.60575342407
002480	21088.74	21088.74	10000.0
002662	-3302.62	22484.52	-12.8072364752
000963	-3253.33	221845.03	-1.44529262674
002398	-13260.44	8157.76	-61.9120187504
002638	-2297.3	18957.54	-10.8083617661
300215	147869.86	156112.93	1793.86878918
300013	-1507.62	7697.06	-16.3788420673
002127	-4049.17	146180.79	-2.69531456974
000597	5980.32	7845.05	320.707019247
600885	36994.37	149402.68	32.9107074023
002023	-21761.91	82305.01	-20.9114577428
000725	45869.23	81956.01	127.108126577
002214	13939.53	16890.75	472.331103747
600887	-119518.75	577489.28	-17.1473992918
600309	50494.46	176697.43	40.0105163928
600682	11480.15	43771.26	35.5520451294
600976	7397.73	53802.38	15.9417860064
000028	1735.85	156119.13	1.1243769403
600958	37855.02	153889.6	32.6239126302
600995	153.64	7095.34	2.21329069248
300017	-17924.58	570650.56	-3.04541914563
600267	14766.29	36493.23	67.9630449571
002570	6614.61	11428.47	137.407610525
300244	-14807.72	57978.66	-20.3440808569
002665	13705.27	49570.43	38.2133245746
002391	7027.45	8953.83	364.800818115
002611	21279.45	25831.45	467.47473638
601555	-3034.78	50507.17	-5.66804160102
300142	6390.98	44221.99	16.8934955741
601336	25293.9	66320.62	61.6522597956
600363	10115.57	10115.57	10000.0
000953	6374.7	6374.7	10000.0
600068	88572.98	116797.34	313.817496659
600276	77722.5	399736.01	24.1364096805
002170	11558.45	13332.94	651.36743515
000818	40161.4	40161.4	10000.0
002766	24301.29	24837.69	4530.44183445
002479	-3598.21	9932.63	-26.5926579577
600746	6243.02	6243.02	10000.0
300455	3227.19	3227.19	10000.0
600622	10003.88	65865.44	17.9083434118
601566	5077.99	9709.99	109.628454231
300238	5457.92	48101.28	12.7989914491
600029	-64293.62	34433.47	-65.1225717278
600979	5710.56	6018.42	1854.92106802
600529	25888.06	56728.99	83.9405945281
002693	5910.8	5910.8	10000.0
300132	5967.29	5967.29	10000.0
000971	11823.11	70404.13	20.1824925548
002460	-7015.74	34438.55	-16.9240385012
300221	58204.13	58204.13	10000.0
002240	5117.01	5992.94	584.180242713
600833	5030.43	5837.7	623.140956557
002043	141879.18	155470.97	1043.85941808
002719	5229.72	5796.92	922.023977433
600847	-3625.08	7066.29	-33.9065994349
601800	8795.34	20620.5	74.3781902317
300214	5736.04	5736.04	10000.0
001979	26920.1	143998.0	22.9933232489
002635	-56111.57	10841.31	-83.807552416
000034	96839.53	104049.62	1343.11125104
600751	8099.09	8101.96	282198.25784
601997	9244.85	9244.85	10000.0
002159	-8195.41	5221.68	-61.0818739384
300068	80221.62	151764.01	112.131590795
300409	-31402.76	24489.09	-56.1848641618
600261	12169.88	20472.49	146.578967337
600763	24200.48	97378.71	33.0706003684
300183	-16943.53	20559.13	-45.1795419312
300282	10265.68	40241.97	34.2459990879
600325	18205.31	44526.46	69.1660888677
600066	47795.47	197357.03	31.957055008
000687	18939.47	67527.8	38.979462764
002450	13608.38	369778.14	3.82075670882
300351	-18167.57	15339.71	-54.2197695546
600268	6122.87	9960.09	159.565258182
300241	2463.74	21725.74	12.7906759423
300207	51810.68	242379.37	27.1874041848
600419	-8047.67	22979.93	-25.9371333909
002468	14863.59	15875.11	1469.43115312
002548	-6299.67	6705.02	-48.4415237887
600048	-9953.54	129892.9	-7.11747828547
300124	-12348.62	74407.06	-14.2337884966
002541	6576.37	6576.37	10000.0
300072	-29194.87	92309.17	-24.0279006361
002466	-15044.4	46513.91	-24.4392674198
603686	-13544.95	27630.71	-32.8955261434
600894	3376.09	4716.16	251.933854202
002341	3189.43	18691.16	20.5746713431
600195	20807.49	21101.3	7081.95432422
603021	2202.15	4593.54	92.0866107159
002494	21736.01	63640.85	51.869927197
002044	-4931.47	42647.16	-10.3648844029
600519	-54446.63	819058.3	-6.23312223321
300050	-18399.61	55361.11	-24.9449978254
600551	1510.98	9209.33	19.627322738
002672	6086.91	125866.33	5.08176613311
300002	-8011.66	7436.03	-51.8631588283
002508	46799.17	289403.33	19.2903411054
002761	6412.77	13906.9	85.5705732353
000678	3221.11	3655.64	741.285987159
002027	45223.1	62253.4	265.544940488
002609	9437.23	44122.82	27.2079269806
300304	-25901.7	14214.26	-64.5670700639
600337	8342.94	41087.58	25.478795919
603308	-11980.81	8108.79	-59.636876792
603601	-38766.38	17553.42	-68.8325952862
300370	-2045.57	14556.66	-12.3210556654
603368	-76880.73	34124.41	-69.2587118038
002322	-19836.64	4328.95	-82.0863053623
601669	31545.11	51516.11	157.954584147
002706	973.48	8652.38	12.6773365977
600439	-10933.09	4475.06	-70.9565392341
300080	238.56	3074.77	8.41122483878
603108	72312.03	93360.13	343.556092949
603658	16068.75	16068.75	10000.0
600266	19634.05	31061.53	171.81434577
300300	4104.66	18858.39	27.8211679352
002350	366.93	4952.62	8.00163116129
300138	4203.68	8660.38	94.3227051406
002243	-18577.15	2940.16	-86.3358384482
600198	-50641.01	7821.47	-86.621385203
002047	-11700.36	5650.89	-67.4323751891
600398	7632.86	40386.18	23.3040803192
000608	11228.02	11228.02	10000.0
002313	3116.82	3116.82	10000.0
300121	32406.9	33207.04	4050.1537231
002631	13162.11	23478.78	127.580992704
600826	-3885.55	14210.28	-21.4720739529
603555	-13835.42	2565.99	-84.3550645951
300135	2565.0	2565.0	10000.0
000333	147631.35	562722.83	35.5659793354
002149	19714.36	36451.36	117.78909004
300084	7504.42	17001.3	79.019846518
002425	-50206.37	87286.43	-36.5156357278
300364	-64812.82	97275.0	-39.9862370905
002627	549.35	2317.73	31.0651556792
601789	5707.84	21366.48	36.4516969545
300477	2405.61	2613.08	1159.49775871
002572	38729.78	445670.84	9.51729471585
300078	-11848.93	47219.57	-20.0596426183
300137	-12312.3	53014.08	-18.8473630408
300252	-32549.76	149867.95	-17.8435306528
002001	-55929.75	30903.72	-64.4103592774
002193	562.15	2148.67	35.4328971586
002569	2148.13	2148.13	10000.0
002581	12815.93	12977.83	7915.95429277
600511	-12953.59	33013.69	-28.1800228336
600834	2050.98	2050.98	10000.0
300088	2040.41	5719.87	55.4540611938
600336	2021.67	2021.67	10000.0
600816	13339.16	18406.87	263.218692467
300326	6869.65	44539.55	18.2364434203
002250	75885.09	101102.04	300.928899014
300284	20044.05	45243.16	79.5426901982
300047	-44890.76	40334.45	-52.6730998961
601699	22260.21	70403.38	46.2375244505
002339	-13939.63	5857.37	-70.4128403293
002050	-538.16	63167.2	-0.844764082645
000561	729.38	2397.38	43.7278177458
600061	-6152.55	1837.53	-77.0023579238
002155	12024.63	92455.38	14.9502895348
000035	-1342.11	35197.48	-3.67302971927
300223	20162.39	34873.24	137.057953823
600608	419.75	1733.73	31.9449306687
600329	-1947.4	1638.41	-54.30851049
600884	-2494.53	5888.36	-29.7573987014
300401	-1058.5	3046.82	-25.783617355
300296	-77146.55	132777.94	-36.749666511
300025	18150.23	37007.13	96.252459312
002409	6236.56	30267.24	25.9524907327
002117	13439.29	66442.99	25.3553808508
002084	3897.93	11334.73	52.4140759466
002400	642.17	119755.45	0.539125444283
002308	10833.65	69866.87	18.3517856556
300383	-71329.67	87155.3	-45.0072142488
600621	1604.79	1604.79	10000.0
000933	-9940.06	10899.46	-47.6981235652
300182	-22548.51	53313.72	-29.7229728153
002664	-10648.36	16285.34	-39.5354518688
600997	24825.18	24825.18	10000.0
600643	55455.93	57117.34	3337.88348451
603010	3885.42	6554.64	145.563872592
002333	7800.58	13058.11	148.36967169
300379	-21527.54	10437.43	-67.3472867329
600477	71696.08	107415.62	200.719494148
002059	855.62	11439.47	8.08420376328
600083	4762.52	4762.52	10000.0
000606	-446.76	3209.64	-12.2185756482
002035	52507.42	170750.72	44.406253885
002078	78357.36	86108.64	1010.89574883
002519	8528.35	83597.14	11.3607132871
002319	1669.37	1669.37	10000.0
603883	-13891.14	12373.63	-52.8888697674
002368	-1668.31	82154.59	-1.99027950596
600491	61653.86	80750.42	322.853225921
600476	6691.64	23727.51	39.2797080513
600749	7192.25	16613.98	76.3368298603
300069	2987.91	2987.91	10000.0
300265	26467.01	26590.19	21486.4507225
600060	-25655.82	79350.02	-24.4327553591
300065	-30736.62	92573.11	-24.926354149
000928	-1552.59	8356.17	-15.6688627033
600988	14666.85	69525.02	26.7359447098
002476	978.04	978.04	10000.0
002462	-25427.06	63573.86	-28.5694350126
000501	6999.62	8337.35	523.246095998
000063	22576.19	124652.17	22.117044578
002026	-21094.44	5671.56	-78.8105805873
300059	-79927.72	114437.33	-41.1224754656
600681	9743.27	20712.88	88.8205688261
600821	1552.33	6236.17	33.1422508028
300199	12391.0	105130.83	13.3610337651
600803	10350.32	10350.32	10000.0
002563	-30964.63	11574.61	-72.7907456739
600475	-2028.72	2075.55	-49.4294965974
002636	2748.56	2748.56	10000.0
002055	-43256.24	54212.33	-44.3796805473
600600	3474.76	20116.9	20.8792859572
002503	739.57	3589.57	25.9498245614
000530	-2147.02	899.86	-70.4661817991
000968	13160.11	19149.6	219.720042942
300359	-25528.86	52680.49	-32.6416982113
300109	-25642.46	17027.39	-60.0950319722
600771	17558.62	48210.43	57.2841212313
000697	-109.25	8962.37	-1.20430529497
600559	-17311.11	36988.95	-31.8804620105
002262	-45213.29	10606.38	-80.9988486138
300156	108940.35	156825.1	227.505312234
002126	-12831.59	13764.72	-48.2457528883
600479	-16767.91	13697.53	-55.039119737
600702	-18168.8	25277.84	-41.8186538706
000925	6254.74	19052.94	48.8720288791
002303	14222.79	162593.77	9.58596485647
002316	2319.56	3274.64	242.865519119
000708	-412.76	658.61	-38.526372775
300339	-34516.65	16025.4	-68.2929362778
601618	12656.71	12782.06	10097.0961308
000426	8259.17	21021.01	64.7177052839
600282	-23.0	635.0	-3.49544072948
300103	-955.7	2017.04	-32.1487920235
300266	-16938.66	57834.14	-22.6535050179
600520	14098.22	24563.76	134.710870151
000796	-1590.18	1905.82	-45.4856979405
002297	996.96	9991.39	11.0841932174
601678	5712.67	5712.67	10000.0
000922	-42.01	584.88	-6.70133516247
601328	26188.68	352542.66	8.02462406005
000835	15193.03	27283.39	125.662345869
002406	2724.58	2724.58	10000.0
300344	623.6	623.6	10000.0
000938	-12149.99	8318.55	-59.3593387706
000002	-126092.4	170651.23	-42.4920326007
600760	2542.11	18499.75	15.9303631364
000911	-33864.52	157432.98	-17.7025418524
000581	71874.13	105011.95	216.894563372
601186	-7072.09	58190.85	-10.8363031148
600000	36296.15	400570.48	9.96396040314
600701	8901.24	8901.24	10000.0
601155	19600.88	19600.88	10000.0
600056	117825.67	153152.12	333.533853529
000790	-427.52	503.97	-45.8963595959
300219	-23933.67	39602.77	-37.6692021146
002358	14304.06	19336.4	284.242718099
002087	760.28	760.28	10000.0
601238	-1301.48	6521.54	-16.6365418981
002475	616.92	289235.93	0.213748914183
600055	-20504.72	4921.46	-80.6441234979
002265	946.29	946.29	10000.0
300465	780.91	783.92	25943.8538206
600703	-15094.5	78296.28	-16.1627304109
600568	12053.99	12053.99	10000.0
600248	538.53	538.53	10000.0
300471	14471.87	15823.59	1070.62631314
000623	13101.29	15776.71	489.690964409
002395	2996.29	7240.69	70.593959099
002133	-1658.93	13679.76	-10.8153303835
601799	-55141.24	25685.02	-68.2219367814
002630	-2034.34	16411.53	-11.0287018178
601169	66206.02	193926.49	51.8366554711
601398	56344.49	253761.74	28.540813936
002236	160589.54	368325.91	77.3044893391
000980	-2261.86	2833.04	-44.3945906691
002756	394.56	394.74	219200.0
600327	1584.46	1584.46	10000.0
600984	1776.84	8913.64	24.8968725479
002726	3982.72	4897.68	435.288974381
600508	2762.06	2762.06	10000.0
603167	660.88	2713.88	32.1909400877
000698	207.65	384.65	117.316384181
300416	16725.07	17065.53	4912.49192269
600562	-23387.24	7389.31	-75.9904537708
002200	5955.07	6162.53	2870.46659597
600998	2812.53	52565.38	5.6530027928
002364	10986.23	20724.47	112.815354725
600448	322.26	322.26	10000.0
300377	-67291.56	4966.26	-93.1270276352
300224	-7503.99	3295.95	-69.4817748987
300444	14653.58	16443.0	818.901096445
600561	312.36	312.36	10000.0
600605	524.94	524.94	10000.0
300422	3234.98	3234.98	10000.0
600985	306.99	306.99	10000.0
300036	6922.85	16240.09	74.3015098892
600727	304.11	304.11	10000.0
600054	1899.9	21941.23	9.47990976647
600340	63860.12	109932.82	138.607288047
300005	-26767.96	3073.02	-89.7020138079
600719	-1707.75	297.04	-85.1834855521
002279	-198.79	294.72	-40.2808453729
002057	293.48	293.48	10000.0
600099	412.81	412.81	10000.0
002049	-47271.37	50211.7	-48.4918765894
002077	-15083.47	66384.98	-18.5144924201
300294	-897.22	14607.64	-5.78670171804
000001	31726.26	266969.3	13.4865881686
600285	20217.55	42609.83	90.2880367698
600028	12882.11	204958.94	6.70674854432
601318	-77639.95	438021.1	-15.0563921785
300119	17802.91	29336.35	154.359063731
002739	-6970.42	137446.62	-4.82659110033
300322	-35487.77	911.42	-97.4960431812
601601	-6247.56	29512.53	-17.4707613991
600740	3938.4	3938.4	10000.0
000625	-19955.06	120616.45	-14.1956645411
601006	36391.79	146225.43	33.1335554389
601198	-17043.5	12427.75	-57.8309369301
600845	-16798.08	6546.92	-71.9557935318
600721	-4202.46	4839.39	-46.4778778679
000997	-2658.39	16343.77	-13.989935881
600671	152.1	152.1	10000.0
603669	-4309.22	2004.0	-68.2570859245
600781	-388.87	134.03	-74.3679479824
300289	-614.54	133.58	-82.1445757365
600613	133.22	133.22	10000.0
002412	132.85	132.85	10000.0
000823	1629.53	1629.53	10000.0
002612	-2699.21	96.44	-96.5503550158
600281	91.39	91.39	10000.0
002564	89.38	89.38	10000.0
600169	2716.52	2997.94	965.290313411
002146	5170.52	12113.24	74.4739813791
002105	86.26	86.26	10000.0
002272	86.17	86.17	10000.0
002687	85.68	85.68	10000.0
000004	-4074.92	83.16	-98.0000384793
000782	82.78	82.78	10000.0
300029	82.38	82.38	10000.0
000609	6269.89	10071.1	164.944583435
000613	83.43	83.43	10000.0
002718	1471.87	18622.67	8.58193203816
300210	8802.94	23111.78	61.5209898217
002493	2159.42	2306.31	1470.09326707
603158	3033.5	7095.29	74.6838216648
002771	11.1	76.7	16.9207317073
600393	448.28	448.28	10000.0
600898	75.81	75.81	10000.0
000752	554.99	554.99	10000.0
603008	103406.19	126689.0	444.131056346
600688	-13797.27	3927.76	-77.8406016802
603118	-822.96	4723.04	-14.8388027407
002510	-3514.09	2766.81	-55.9488289895