600990	-3959.54	192031.19	-2.02026901987
002371	35967.14	134856.93	36.3709337435
600855	-14409.92	106298.46	-11.937795868
002010	45996.99	71550.3	180.004038616
600519	275321.57	873504.93	46.0262836465
600547	255028.0	486918.22	109.977902475
000901	-14742.87	58193.86	-20.2132313856
002338	5302.8	79432.76	7.15338305862
002007	72940.59	224335.91	48.1788935087
600391	-33042.91	56051.39	-37.087569014
300114	15855.76	63022.68	33.616271743
300159	77017.11	157479.06	95.7186719934
300342	26337.78	113260.71	30.3001521003
300073	125795.71	150093.15	517.732361928
002303	50752.62	148370.98	51.990854999
300296	27481.25	209924.49	15.0629039476
600316	-25365.85	41557.22	-37.9029981739
600489	62151.05	162192.8	62.1251127654
000568	146965.39	306114.32	92.3445668155
300310	135612.8	236683.73	134.175870352
000661	39138.84	92237.0	73.7103507918
300137	7401.61	65326.38	12.7779704607
300136	27906.62	334193.01	9.11128307072
300065	17447.7	123309.73	16.4815467831
300458	78410.89	121180.59	183.332803363
300302	77044.56	154075.4	100.017811048
600735	28982.44	30134.44	2515.83680556
002179	190668.42	268558.45	244.791817387
300207	60104.65	190568.69	46.0698978814
002247	-23893.72	25957.64	-47.9299260843
002418	27429.84	43391.14	171.85216743
002643	107838.89	122813.42	720.148745904
300353	31814.57	57202.43	125.314106821
300452	27058.0	27281.63	12099.4499843
600038	-34369.42	80571.58	-29.9017930938
002384	35948.62	94128.0	61.789279982
300340	74486.1	74486.1	10000.0
002421	22346.33	80492.12	38.4315528261
002445	112607.78	185494.25	154.497508248
002155	59329.16	80430.75	281.159666167
600885	87693.43	112408.31	354.820375418
300309	3768.24	25957.83	16.9820172432
002111	-32635.93	34418.84	-48.6705569194
600667	70738.9	72567.41	3868.66355667
300101	59492.76	76747.95	344.781830858
002690	-19647.2	66984.18	-22.6790800285
002635	42383.97	66952.88	172.510583498
002243	19831.24	21517.31	1176.18129734
300365	36344.54	89036.01	68.9761359856
600298	40245.42	76130.03	112.152312649
600988	20295.19	54858.17	58.719444909
300252	45954.28	182417.71	33.6751611769
002594	-10098.94	227248.91	-4.25491109357
002458	-31911.49	134243.93	-19.2058074302
002224	-68416.6	73187.22	-48.3155044829
002090	17689.17	18381.16	2556.2753797
300287	10956.1	133169.0	8.9647655853
300008	19151.01	116650.98	19.6420675822
600677	-37586.72	19386.85	-65.9722043046
002439	-36977.66	191021.61	-16.2183238569
300145	19813.0	150929.95	15.1109372206
000558	-23507.94	21860.82	-51.8152578999
000488	-25061.23	42554.86	-37.064003553
300243	15463.46	16727.1	1223.72352885
002281	-8867.26	20772.35	-29.9169253577
600029	47881.22	98727.09	94.169339614
002138	87800.56	132468.53	196.562682387
300219	59158.32	63536.44	1351.22655386
600760	15957.64	15957.64	10000.0
601111	21267.43	32777.31	184.775427719
300279	16877.17	61632.32	37.7100065579
000423	41797.75	163788.82	34.2629587559
002456	71059.63	166019.14	74.8315045012
002572	165409.5	406941.06	68.4835969262
600559	10763.42	54300.06	24.722670376
300115	55999.04	60206.73	1330.8737098
002077	21552.68	81468.45	35.9716315087
002131	22189.88	67549.01	48.9204268248
601011	14708.26	14708.26	10000.0
000158	3644.99	16103.52	29.2569829667
002614	-11737.97	53250.26	-18.0616859391
600006	51679.08	52267.67	8780.14917005
300075	9867.52	39977.13	32.7719953862
600115	58672.78	98449.22	147.506363063
300300	12350.49	14753.73	513.909971538
600521	124172.4	267160.7	86.8409513226
002241	41876.94	101465.25	70.2771063653
600338	42823.71	50297.28	573.002059257
600335	23635.72	67954.33	53.3313657626
603799	16425.31	31332.06	110.187062908
000910	14956.12	64519.31	30.1758623688
300007	36598.14	78990.25	86.3324330872
300161	26695.36	56690.92	88.9977049937
002452	3417.09	39947.11	9.35419690435
300304	20880.59	40115.96	108.553097757
600584	12631.55	118445.4	11.9375204664
002460	12793.24	41454.29	44.6363270013
002339	19333.1	19797.0	4167.51455055
002234	-69936.05	136418.47	-33.8912130444
002394	7207.74	34865.67	26.0603016929
002402	12556.74	54798.75	29.7257161769
603328	12528.94	12528.94	10000.0
002582	42396.54	69592.07	155.895251904
601899	37932.08	68925.78	122.386420466
002236	-78571.49	207736.37	-27.4430083757
002297	1934.04	8994.43	27.3928210765
601069	-2485.9	30400.4	-7.55907475149
300213	-36396.45	23331.99	-60.93654882
000895	-8431.87	65261.1	-11.4418919471
300097	8357.85	31190.3	36.6051387389
002712	5672.4	52409.88	12.136726242
300322	-19867.34	36399.19	-35.3093393177
002322	-3525.09	24165.59	-12.7302399219
000957	38973.03	49883.96	357.192558288
300261	14592.53	40698.91	55.8964130607
600076	24730.15	63255.05	64.1926390464
000971	-25552.64	58581.02	-30.3714827098
600603	-1812.29	10885.52	-14.2724611567
300047	22782.57	85225.21	36.4855970215
000835	2838.77	12090.36	30.6841310521
300128	4847.41	10036.42	93.4168560091
600198	52721.19	58462.48	918.281257348
600158	-76592.47	54489.1	-58.4311509238
601799	39372.53	80826.26	94.9794626443
300312	10990.7	10990.7	10000.0
300231	10428.23	10428.23	10000.0
000975	9682.19	17223.53	128.388190958
300325	196.42	28744.98	0.688020691762
000021	27737.82	28245.44	5464.28824711
300014	44310.08	68615.05	182.30872122
002716	73474.34	103085.99	248.12646374
603883	14343.86	26264.77	120.325210072
002709	-17426.75	21002.21	-45.3479615373
300011	74420.95	100819.68	281.911099511
300091	4239.52	12057.25	54.2295525683
000070	43930.26	63798.95	221.102951428
000612	9891.92	9964.03	13717.8199972
002609	18762.01	34685.59	117.825325712
300306	8434.4	18545.97	83.413357174
002428	7174.42	45302.2	18.8167787372
603898	-319.55	30617.77	-1.03289489846
600305	-1877.41	84440.55	-2.1749934776
002472	9479.36	9479.36	10000.0
600303	-23300.84	25126.47	-48.1150821716
600869	62956.27	69901.14	906.514736777
300183	4261.31	37502.66	12.8193048718
300226	2525.22	39984.87	6.74117350269
300013	1220.49	9204.68	15.2863346188
600702	30021.21	43446.64	223.614513651
600666	35687.33	81222.18	78.3736632491
002076	19737.14	19737.14	10000.0
300025	-7899.02	18856.9	-29.5225131485
300160	-23565.45	17235.74	-57.7567713099
002517	-24990.83	12858.32	-66.0274537209
300389	31357.48	60075.57	109.190687821
300299	-8191.48	40819.06	-16.7137109691
002013	-10007.98	19309.85	-34.1361553703
600693	-7877.33	13489.47	-36.867149035
600779	26978.29	26978.29	10000.0
600715	-21133.36	34501.84	-37.9855918555
300381	22414.28	22414.28	10000.0
002260	-23415.3	69822.27	-25.1135888677
002304	22134.54	105065.57	26.6902991558
002366	-18318.49	180338.58	-9.22116187458
002048	40060.75	41967.06	2101.481396
600687	-30203.17	38636.81	-43.8744607421
300031	-35409.25	63868.35	-35.6669077415
600382	21512.93	31729.4	210.571068089
300278	32089.16	34602.76	1276.62157861
300113	-115469.61	232012.59	-33.230366908
600958	95181.17	116034.58	456.429763765
002367	5974.88	36107.72	19.8284662183
600745	-12456.73	23746.77	-34.4075296587
300210	8448.82	14308.84	144.177323627
002056	9164.57	18928.45	93.8619688075
300467	9695.17	19198.77	102.015762448
002035	84102.32	118243.3	246.338330066
300499	8430.0	8430.0	10000.0
600622	-18858.32	55861.56	-25.2386914968
000783	122786.28	221795.99	124.014382024
601555	-14402.95	53541.95	-21.1979854264
300233	20848.0	20848.0	10000.0
600459	42512.61	42681.87	25116.7493797
002631	-6924.07	10316.67	-40.1610951734
300326	22348.98	37669.9	145.87231054
600756	-47050.94	6853.48	-87.2858663538
002533	18209.24	19561.92	1346.16021528
600419	14232.75	31027.6	84.7447282947
002273	111353.7	136193.17	448.293381461
300503	9136.2	9192.52	16221.9460227
603019	13454.36	59629.41	29.1377269759
002049	80770.14	97483.07	483.279353171
000701	-16229.22	8571.98	-65.4372369079
300420	3222.66	31594.2	11.3587771408
002543	9690.55	9753.66	15355.0150531
300507	7944.24	7944.24	10000.0
002413	-22821.98	7549.56	-75.142649994
300084	-3490.57	9496.88	-26.8764846063
002464	7517.84	83551.73	9.88748569881
002108	6449.05	72559.03	9.75503244745
002026	-19473.84	26766.0	-42.1148516085
300508	20644.41	20644.41	10000.0
300142	-10702.79	37831.01	-22.0522398823
300367	-128650.61	269204.75	-32.3360253334
002466	-179202.31	61558.31	-74.4317363861
300336	-54154.74	67512.77	-44.5104366811
002184	-3041.17	9961.07	-23.3895851792
300072	60011.05	121504.04	97.5900667702
300491	5033.0	5353.67	1569.5263043
300056	19908.72	19908.72	10000.0
000650	15272.2	17616.91	651.347074905
300238	-14360.06	42643.36	-25.1915762247
000768	-24941.69	227653.97	-9.87415619097
000700	12345.43	31781.3	63.51879283
002780	6047.09	6182.25	4474.0233797
603701	4908.87	4908.87	10000.0
300359	-35497.98	78209.35	-31.2187261806
002400	-28394.12	119113.28	-19.2492851206
002398	21418.2	21418.2	10000.0
600570	191775.67	249975.09	329.514744305
002167	36388.23	36388.23	10000.0
600562	-8017.98	30776.55	-20.6678106424
300063	-22054.99	15626.05	-58.530735882
300195	-4150.68	4698.9	-46.9025648675
600821	4683.84	4683.84	10000.0
601566	-5956.48	4632.0	-56.254344344
300202	-629.48	31012.63	-1.98937428635
002340	30391.46	52642.28	136.585797737
002611	108.0	4552.0	2.4302430243
002662	4018.24	25787.14	18.4586267565
000851	6107.04	6107.04	10000.0
000002	-45707.87	296743.63	-13.3472535527
603006	-5329.6	5222.75	-50.5062853298
300143	3924.66	24614.67	18.968864684
603158	4061.79	4061.79	10000.0
300112	1163.46	4014.32	40.8108430439
002733	19668.93	19668.93	10000.0
300068	29176.4	71542.39	68.8675043354
603601	16984.43	56319.8	43.1785184682
600337	10940.41	32744.64	50.1756310587
300337	4107.3	4107.3	10000.0
002343	52658.05	178659.94	41.7914763025
002117	308.12	53003.7	0.584716972467
000801	-30255.54	22490.07	-57.3612476944
600372	-13304.61	38172.54	-25.8456616188
600386	12281.96	34100.92	56.290308979
002657	-47902.21	6131.56	-88.6523557398
000887	8112.25	52726.58	18.1830591202
000426	8643.59	12761.84	209.885023979
300449	11083.92	26698.7	70.9835168987
002547	17999.02	22951.28	363.450626583
000059	32955.21	39171.21	530.167471042
002230	-1293.37	124127.77	-1.03122169038
600482	63170.06	93599.15	207.597598219
600362	-12471.1	15434.6	-44.6901529078
002414	3397.8	35217.53	10.6782804254
002735	3205.88	3205.88	10000.0
603368	92321.11	111005.14	494.11775725
300017	62617.12	588575.14	11.9053456015
600093	-3761.92	9679.82	-27.9868528926
300370	2034.52	16602.23	13.9659562141
300456	95592.16	136963.55	231.058613211
600682	21528.31	32291.11	200.025179321
002171	2852.95	3133.9	1015.4653853
002706	7678.9	7678.9	10000.0
002065	575.15	21258.45	2.78074581909
002684	6002.89	6002.89	10000.0
600478	4074.62	4198.37	3292.62222222
603611	2695.58	2695.58	10000.0
002508	18995.1	242604.16	8.49478102542
300269	-13685.29	3377.18	-80.2069688621
600563	18540.59	61606.35	43.0518119267
300109	36278.1	42669.85	567.576954668
300033	98215.55	237820.02	70.3527258117
002123	18635.99	77828.82	31.4835259608
002522	44565.36	122453.83	57.2168897399
300356	24289.99	96472.25	33.6509136732
603021	2391.39	2391.39	10000.0
603703	32253.04	32556.64	10623.5309618
002695	8201.26	10388.76	374.914742857
300054	79646.75	175853.0	82.7875008121
002299	-80840.76	282948.81	-22.2218465472
002425	-24108.0	137492.8	-14.918242979
300409	27419.72	55891.85	96.3037187594
002245	63486.42	84814.8	297.661707078
000418	3506.22	28376.34	14.0981225664
600203	32242.38	38131.61	547.480400664
600110	105395.84	105931.04	19692.7952167
603009	4936.89	4936.89	10000.0
002534	-11600.88	4794.11	-70.7586890873
603788	30845.0	30845.0	10000.0
300245	2447.12	2447.12	10000.0
002617	11696.69	71950.17	19.4124721095
002590	5833.28	10529.54	124.211180812
603012	11031.62	11031.62	10000.0
002627	1768.38	1768.38	10000.0
000561	912.62	1668.0	120.816013132
002519	24382.23	75068.79	48.1039352444
600149	9066.61	9066.61	10000.0
600589	2725.6	5887.77	86.193974391
300012	45132.11	189701.83	31.218231591
300022	2466.11	2497.83	7774.62168979
000625	-108521.49	140571.51	-43.5666558273
300100	15036.48	160889.6	10.3093303729
000060	-30487.83	40637.43	-42.8649821456
002227	1439.55	1439.55	10000.0
300144	-259047.23	205718.47	-55.7371660602
300224	-7363.15	10799.94	-40.5390822817
600826	-3221.35	18095.83	-15.1115203793
600498	-66664.32	91935.72	-42.0329780497
300266	40299.39	74772.8	116.899923738
603686	35660.54	41175.66	646.595903625
300041	25431.03	25431.03	10000.0
002288	1538.82	1738.92	769.025487256
603308	-7432.17	20089.6	-27.0046948289
002639	2828.42	3052.51	1262.18037396
300042	1183.31	1183.31	10000.0
300209	1023.39	1023.39	10000.0
002387	6287.77	7459.92	536.430490978
002468	-10051.82	1011.52	-90.8570106315
601211	-4435.92	2004.14	-68.8801036015
002025	11051.18	13534.3	445.052192403
600505	1000.8	1000.8	10000.0
300383	-28964.24	158484.97	-15.4517802449
300194	-1208.66	11957.51	-9.18004248768
600148	965.45	999.67	2821.30333139
002103	9271.16	55679.03	19.9775598406
300379	17982.15	31964.97	128.60174128
000821	27838.96	42769.8	186.452738091
002548	1193.36	13004.69	10.103519248
002240	875.93	875.93	10000.0
000750	-1462.49	14144.55	-9.37070706553
300059	-140629.6	194365.05	-41.979655496
002072	-13086.18	11901.72	-52.3700671125
002133	14671.41	15338.69	2198.68870639
600593	-3496.65	21997.45	-13.7155263375
002325	-15400.3	41518.94	-27.056404829
300263	16480.97	41539.81	65.7690858795
002718	13468.37	17150.8	365.746803062
603718	-3951.83	30213.03	-11.5669433447
002130	2617.52	2617.52	10000.0
600360	-2134.93	19116.6	-10.0460060993
000829	11478.74	16416.65	232.461506994
300380	703.91	703.91	10000.0
002079	22814.29	22814.29	10000.0
002792	17376.64	36206.55	92.2821192454
600330	10411.96	11469.37	984.666307298
002694	7740.42	7740.42	10000.0
002409	24030.68	24030.68	10000.0
300049	9115.46	61966.93	17.2473159214
603002	7010.15	7010.15	10000.0
002791	8756.01	31346.32	38.7600258695
300258	30539.27	34571.15	757.444914035
300369	11913.92	17296.43	221.345060204
300260	2309.12	2309.12	10000.0
002535	12070.58	16820.21	254.13726964
603010	-814.93	2669.22	-23.3896359227
000889	10276.48	10276.48	10000.0
300297	-16533.54	22075.64	-42.8228208939
300284	578.51	25199.11	2.34969903252
002707	-82467.65	82197.94	-50.0818962845
300271	-40034.98	198754.96	-16.7657732985
300043	-22380.51	1734.9	-92.8058448934
002151	5404.32	5816.72	1310.45586809
000911	135736.77	191297.5	244.303431578
002673	114429.38	131298.65	678.330360472
600199	19549.1	27899.18	234.11871503
000018	-10265.52	786.18	-92.8863432775
603609	43668.78	43861.51	22658.0086131
002599	-6039.48	4668.78	-56.4001994722
002444	31846.61	67222.41	90.0237167781
002289	342.07	837.06	69.1064465949
002719	567.2	567.2	10000.0
000333	152161.9	415091.48	57.8717312826
000748	-53659.12	10463.66	-83.6818366265
002583	16990.48	33416.27	103.437825517
000716	-5072.84	506.16	-90.9274063452
601199	15316.15	30530.8	100.667120177
000965	1611.55	1611.55	10000.0
600703	3970.6	93390.78	4.44038470958
002074	16891.3	56268.04	42.8966440594
002380	-3122.29	6933.55	-31.0495194832
600597	15352.48	17861.56	611.876863233
300410	12490.45	12761.77	4603.58617131
600520	8769.44	10465.54	517.035552149
300200	454.44	454.44	10000.0
000848	29751.25	33856.41	724.728147015
601117	-10989.11	3355.85	-76.6060693094
600120	7379.6	18979.2	63.6194351529
002126	2755.36	26596.31	11.5572575757
300156	-18598.16	47884.75	-27.9743470916
000926	-25442.93	58127.68	-30.4448298271
300058	35575.71	150744.55	30.8900480373
600009	-45408.04	37112.4	-55.0264152736
002279	-1649.41	493.51	-76.9702088739
300371	1404.22	1404.22	10000.0
600734	-520.86	17193.46	-2.94033301871
002436	60748.39	63298.1	2382.56076181
600845	3374.95	23345.0	16.9000578366
600052	333.38	333.38	10000.0
000004	-1167.46	4158.08	-21.9219083886
300354	852.76	1280.34	199.43870153
002401	6285.25	6896.2	1028.76667485
300282	7262.92	29976.29	31.9764086087
600455	310.34	310.34	10000.0
300366	-39017.08	302.53	-99.2305874855
000421	5940.74	5940.74	10000.0
603939	10472.73	32307.32	47.9639416174
002745	17362.37	17362.37	10000.0
002502	-29748.62	39955.2	-42.6786078582
300444	1789.42	1789.42	10000.0
002634	291.86	291.86	10000.0
300089	-7541.27	14645.02	-33.9906762239
002660	9564.18	9564.18	10000.0
002659	-8482.09	46147.59	-15.5265233111
000581	15112.73	33137.82	83.8427436423
002672	-23822.99	119779.42	-16.5895474874
002587	-28986.37	6270.3	-82.2152801158
603818	35710.23	35710.23	10000.0
300385	-2387.89	2173.21	-52.3533796672
600900	5775.46	249661.1	2.36810170537
002043	13591.79	13591.79	10000.0
300274	-29400.97	4875.55	-85.7758313854
300074	301.32	301.32	10000.0
600661	-21628.41	39026.2	-35.6583118744
000952	-55150.86	420.0	-99.2442082055
000069	-15388.46	95436.46	-13.885378848
000498	4594.06	4594.06	10000.0
002527	428.83	1771.6	31.9362213931
601985	-6407.47	33592.84	-16.0185508562
000551	188.79	188.79	10000.0
002308	-4204.35	59033.22	-6.64850025072
600242	181.5	181.5	10000.0
000698	177.0	177.0	10000.0
002208	3293.87	14270.19	30.008873648
600068	-87.41	28224.36	-0.308740852303
300036	-42234.29	9317.24	-81.926356017
600325	-19581.84	26321.15	-42.6591818964
600266	-1369.18	11427.48	-10.6995106536
300191	109.29	109.29	10000.0
002218	6654.11	20379.27	48.4811106027
002593	-3335.26	238.64	-93.3227006911
300118	901.31	4030.75	28.8009995399
002083	80.96	80.96	10000.0
300285	65351.8	225253.69	40.8699359338
002383	4663.28	20236.29	29.9446285593
002292	-267778.47	59927.62	-81.7129977658
002664	23363.9	26933.7	654.487646367
300131	116.09	4742.33	2.50938126859