000651	713463.38	1390943.03	105.311411199
000858	575388.96	1185661.77	94.2838924775
000333	195802.78	865392.19	29.2422157632
600519	263587.71	1365888.03	23.9125132432
000568	228889.77	552977.61	70.6258432899
002572	198157.48	618784.49	47.1100227254
002475	230546.91	603802.36	61.7665220963
600887	388900.54	1084801.65	55.8844546174
300136	122943.78	595112.9	26.03808144
002456	120061.59	481089.33	33.2555027489
002415	94174.35	428882.28	28.1362769027
002450	82928.05	288145.04	40.4099338948
600056	110604.47	274908.36	67.317012397
000963	132576.28	405639.28	48.5515357262
002035	179442.1	364091.44	97.179930348
300156	200360.09	403611.19	98.5776165541
000423	275806.63	511100.08	117.218150357
002508	117285.97	279885.17	72.1319477587
002271	80492.95	242049.59	49.8233622586
300145	93928.95	274138.49	52.1220741144
600068	216543.12	391178.5	123.99727936
300197	37107.45	197339.26	23.1586037754
002043	113417.56	242043.24	88.1764512343
002236	200468.93	432674.2	86.3326357752
002310	60731.53	239616.83	33.9499835928
002217	32258.76	139278.46	30.1428241716
002466	251938.91	276366.66	1031.3635517
600196	140643.54	235745.36	147.887327498
300115	77388.67	283722.76	37.506487658
002241	223152.69	296588.6	303.874071963
300296	45994.35	199685.59	29.9264616513
600867	-52005.21	365290.52	-12.4624352135
002311	69620.67	163746.33	73.9656646232
002127	101185.2	211383.76	91.8208005622
600276	59209.75	418438.57	16.4824609562
600104	-33000.22	440623.07	-6.96760921533
600703	148157.99	288276.56	105.737583534
600340	113743.93	171279.33	197.693819805
002008	125503.86	196740.62	176.178506715
601166	37962.31	769805.92	5.18721615947
600110	114651.15	166213.35	222.355039157
000820	58149.72	192881.52	43.159610426
601012	130893.63	205297.55	175.923029324
002640	-41895.91	157209.13	-21.0421142529
601009	85292.76	227617.7	59.9281896764
600309	-1119.47	202292.97	-0.550344905159
300408	113442.75	176053.75	181.186612576
601318	258601.56	885572.83	41.2461578981
000063	53242.21	283040.79	23.1690770239
600660	80640.59	165474.35	95.0571918538
600885	9318.61	147862.51	6.72610630999
000538	105555.0	294777.62	55.7834998797
600522	12638.03	79370.94	18.9382270307
002460	166289.26	185390.74	870.556941138
00175	42815.77	94081.81	83.5168271238
300355	47746.02	48541.4	6002.9193593
601398	180318.2	583620.17	44.7104684363
600036	316931.24	822693.97	62.6640163857
300285	21160.69	236918.6	9.80760798063
600426	41770.91	105806.56	65.2307113303
002142	112377.77	300946.87	59.5950078777
600584	102818.61	294020.18	53.7749820778
002434	108618.46	187141.54	138.326795128
300367	32512.36	199984.51	19.413592051
601607	115261.96	307415.57	59.9842802849
002304	101530.48	157940.57	179.986381869
000089	53366.4	101043.66	111.932606865
000418	62958.15	88690.74	244.663090657
601006	58105.15	332673.1	21.1623934986
300144	-26937.7	180762.68	-12.9694996225
002366	-61857.95	223814.79	-21.6534311254
600518	73017.44	357382.31	25.6773770965
002050	-3383.31	102753.2	-3.18769667478
002589	63097.4	171284.77	58.3223346681
600089	110779.14	223528.32	98.2527234344
601939	99349.08	206740.91	92.5108362526
000065	81624.57	128548.34	173.951432291
601997	186446.5	240332.88	345.999304462
002108	70593.96	88086.87	403.557555604
600298	22123.77	99488.39	28.5967539167
002051	10012.5	139572.87	7.72805758428
600643	29938.08	143827.88	26.2868843391
601186	70976.27	202767.41	53.8551149948
601668	84202.24	471538.17	21.738814677
600048	39445.21	265817.95	17.4248940045
002635	87584.71	126160.38	227.046503664
300324	-16488.13	159022.4	-9.39438220601
300015	41498.94	199513.03	26.2628098545
300267	-3352.13	204959.74	-1.609188185
601933	88672.96	142427.38	164.959383805
600240	47853.35	137257.83	53.5245549216
601328	118086.62	642327.97	22.5252395676
002138	39498.22	133661.6	41.9464764328
002019	49955.17	102276.22	95.4781488521
300072	35369.75	140494.04	33.6456493547
300104	-36090.37	212413.0	-14.5230907734
600585	36275.13	84278.75	75.5674884519
600038	46237.57	217778.67	26.9542226324
600741	59369.22	87224.01	213.13827891
600016	-26385.62	483396.33	-5.17586391594
600622	109512.99	155589.95	237.674078325
002511	-20459.58	91510.9	-18.2722981986
600109	73665.53	161961.73	83.4300117106
600760	29672.1	58067.48	104.496224386
002614	67906.57	83914.57	424.20396052
600029	74765.37	99553.32	301.619819307
000910	83686.08	247457.39	51.0993531162
300070	-23737.36	176674.9	-11.8442654157
002502	-10707.42	46273.48	-18.7912440835
300097	44627.8	154883.87	40.4765016566
000826	31189.16	116026.23	36.7635987429
002007	29626.01	154739.33	23.6793412564
002120	23935.77	118954.49	25.1905834977
300049	-8125.11	31877.35	-20.3115258412
001979	-33198.62	101034.48	-24.73206683
600409	9692.53	180936.91	5.66005728188
300068	89959.16	205753.19	77.6889447582
300418	15244.15	113826.07	15.4634338629
600183	71948.66	93879.91	328.064565403
002117	37486.52	98083.66	61.8618634477
600079	3600.27	235260.7	1.55411521942
600779	64656.1	86250.87	299.406291431
601689	20177.6	57520.17	54.0337743224
300332	-58760.4	81281.26	-41.9592284182
600335	6273.06	69556.57	9.91262968821
601088	82499.32	189853.16	76.8480382257
002299	-59397.97	77799.08	-43.2939119318
600690	140574.59	149878.5	1510.91949514
600477	-2752.42	70419.48	-3.76158060676
600900	62563.02	238525.43	35.5547642249
00700	135014.01	246808.75	120.76955499
002368	28780.0	118367.95	32.1248560772
002343	-33004.54	122277.84	-21.2545299731
000786	91110.43	248602.94	57.850643183
000967	12924.82	58408.73	28.4162465364
002044	7712.95	79752.94	10.7064839959
600809	8085.37	72601.96	12.5322339572
300271	-8579.04	208182.68	-3.95782059674
300364	44191.46	121012.84	57.5249494346
300122	5672.74	85362.19	7.11855835371
002045	52783.97	109691.9	92.7532770916
000100	9991.0	86312.94	13.0906001603
600674	21188.51	69867.53	43.5269855474
000049	56073.91	81022.32	224.759453608
000028	49178.5	193951.66	33.9693490147
600338	36524.18	56191.7	185.708111648
300137	17824.47	55346.82	47.5036078497
000823	12324.87	42252.09	41.1828094958
600201	50035.34	77366.71	183.069271683
000596	22581.38	57645.14	64.4009085164
601336	3204.93	84507.65	3.94197143712
600066	16834.64	146575.19	12.9756194189
300058	-25278.92	108593.07	-18.8829044821
02020	31121.71	36957.26	533.312369871
000895	97011.95	171313.65	130.56491305
000928	43084.43	89917.66	91.9954271785
603818	19005.45	36257.47	110.163621419
600009	38388.34	63137.04	155.112551366
300287	-60549.21	47123.31	-56.2345991345
000711	10545.35	109138.38	10.6958372209
000968	38930.73	42684.18	1037.19857731
600487	26671.62	73824.57	56.5640537867
601111	78480.28	89009.57	745.352060775
603589	48029.93	76576.02	168.253971034
002507	12753.16	96269.67	15.2702262104
600566	29687.56	92343.12	47.3821636899
300124	-7605.68	127467.16	-5.6307989082
600547	-58563.69	168789.93	-25.7588553022
002714	21917.52	69704.32	45.86521801
601800	65059.84	90348.56	257.268220772
300203	28374.11	111429.34	34.1629419363
300365	-30391.28	89011.57	-25.4527257934
002411	-9212.54	63532.87	-12.6640842357
300129	5022.88	72717.45	7.41991565941
601988	75353.03	264616.03	39.8139255956
600332	50672.26	59950.8	546.123204728
002303	-304.47	77067.77	-0.393513229034
300433	36790.49	76560.11	92.5090307627
300207	-43013.73	121235.12	-26.1881468272
000625	-34599.48	94664.47	-26.7665346758
002555	24512.64	45953.13	114.32873036
600019	39030.54	82888.62	88.9928150069
600693	50218.01	134814.92	59.3615180507
000811	46269.22	66978.57	223.421884318
002262	18043.07	69530.46	35.0436679738
603338	37477.59	53204.9	238.296250281
601169	17294.0	166179.87	11.6156086538
601155	35734.26	55177.02	183.792115934
300450	93609.22	107180.67	689.751058288
600030	55177.64	532186.53	11.5674238273
601717	69215.47	127342.33	119.076568044
600884	29696.15	42802.87	226.571941721
000018	-52506.35	76321.25	-40.7570660324
002032	-25803.29	43757.58	-37.0945475524
002192	27946.63	38498.42	264.852029845
002509	9307.16	98906.41	10.3875423064
600521	-31543.69	88080.2	-26.3690555457
600491	15782.14	57171.85	38.1305884965
600115	2926.16	36668.97	8.67195115048
603588	-2774.05	47512.2	-5.51651793482
600271	9042.59	61307.58	17.3014287384
002664	5456.88	27421.92	24.8434785459
002103	434.93	89979.28	0.485714620744
600699	15185.82	51796.29	41.479445634
600146	6696.39	70300.4	10.5282512848
601899	-5640.76	103259.61	-5.17974365009
000581	-13152.41	73949.94	-15.0999485089
002672	29998.22	112016.55	36.575019267
600557	634.7	49011.84	1.31198330451
300065	9020.38	113652.34	8.62105612855
603328	-11226.72	15793.15	-41.5498668202
603883	-9338.21	12318.09	-43.1200620605
600258	77930.07	80895.61	2627.85428623
600143	4649.75	70508.31	7.06020599296
002185	79402.15	84759.01	1482.25172956
000661	58633.03	190117.98	44.5929591181
000400	-10952.14	63819.68	-14.6474166337
300003	-44617.86	305700.74	-12.7363662677
603808	-14582.23	43879.49	-24.9432107027
000876	18644.11	53888.9	52.8989107326
600525	4244.47	73191.45	6.15613620785
603111	5816.2	44152.35	15.1715808708
000921	48290.68	56718.98	572.9587224
002353	-5624.91	78151.65	-6.71418115043
000915	-47459.09	107094.41	-30.7072243592
002384	63249.72	129200.1	95.9050122228
603355	29429.66	34071.04	634.071332233
600559	-274.34	30207.64	-0.900007151766
600993	20753.16	28232.12	277.487244216
300232	-28222.91	56581.16	-33.280136201
300142	19806.81	55993.69	54.7347823299
600028	63980.16	461037.44	16.1135844178
600166	-2199.4	50127.81	-4.20316695654
002581	25333.37	52473.84	93.341677576
600116	45663.98	52089.98	710.612822907
600872	1335.96	40021.49	3.45338424987
002153	-42448.91	101473.06	-29.4943919959
603899	9241.4	43041.66	27.3412098013
002081	16623.02	43421.49	62.0297352797
600325	-3426.55	41628.13	-7.6053142537
600593	-15370.4	23749.39	-39.2905994639
600820	-36610.29	46164.55	-44.2287656491
300476	16785.51	99328.74	20.3354169688
601117	64693.7	85378.05	312.766415188
002530	12435.35	69913.41	21.6349507969
002636	54980.01	58193.61	1710.85418223
000800	29594.37	36192.78	448.507595012
600305	-19674.93	36654.3	-34.9284554396
002773	-65796.75	44821.34	-59.481003514
600886	69442.92	87066.34	394.037706643
002179	-17400.36	85847.41	-16.8530129028
600967	5158.28	88023.81	6.22488023669
000001	51237.05	348761.73	17.2211091866
600114	30078.75	94801.13	46.4734918586
002616	38247.84	67206.3	132.078294219
000949	19041.69	39411.88	93.4782149798
000739	4139.86	53681.89	8.35625831239
600007	-1523.5	19027.48	-7.41327177585
600520	5003.95	23441.76	27.1396114831
002273	63991.04	106512.97	150.489500359
002285	37792.73	43596.6	651.164309332
601633	1656.06	49474.29	3.46323985643
600739	10268.01	38410.25	36.4861148224
000338	33192.65	59003.92	128.597507988
002027	30864.65	66587.28	86.4008333093
300161	9838.93	45034.02	27.9554051432
601818	95574.98	199270.54	92.1688257434
300252	-57178.39	95724.2	-37.3953050763
000513	-38463.9	100847.01	-27.6101132352
002126	-15114.46	26334.06	-36.4656204854
603019	-12034.62	32214.83	-27.1972194005
600312	35821.82	48315.43	286.721131843
002841	19193.96	19193.96	10000.0
600172	-36137.6	51326.26	-41.3171794613
300212	4004.35	37369.02	12.0017671387
002094	-40638.33	76528.85	-34.6840557228
000999	12270.12	43430.84	39.3768821773
600661	-17023.6	44994.05	-27.4496050721
002180	-22365.57	49681.56	-31.0429714549
600176	29825.72	30499.96	4423.60583768
603556	42711.12	42711.12	10000.0
00005	47796.5	73851.03	183.44794552
300308	49555.86	51469.14	2590.09972403
600273	-3642.85	18217.9	-16.6638839015
300011	3778.39	46881.85	8.76586241569
600406	-621.37	66704.43	-0.922929991177
300138	41931.85	71117.67	143.67199551
002322	-27584.56	56434.09	-32.8314725362
600803	36736.69	96308.8	61.66759915
600614	-14985.22	23223.88	-39.2189818656
603778	11196.87	11196.87	10000.0
002707	-17804.7	28612.91	-38.3576405593
600897	23506.9	23506.9	10000.0
002464	-14364.39	70098.39	-17.0067691355
601333	-14611.58	21909.93	-40.0081486226
000911	-30940.31	73044.93	-29.7545209301
600297	36792.78	73613.85	99.9231689899
000069	4053.06	112033.91	3.75349888429
603006	7806.99	27604.78	39.4336438562
002568	18025.86	56393.03	46.9825113502
601699	128.79	53880.5	0.239601679649
000776	73811.55	264931.87	38.6204617071
300083	-23384.3	35504.21	-39.7094441683
002683	-444.37	15195.49	-2.84126584253
000590	6476.99	34379.44	23.2129795054
002277	-4174.99	13230.96	-23.9859932954
002694	3850.83	148379.66	2.66440266624
300336	11835.7	18383.93	180.746552885
600266	-35054.83	35682.82	-49.5561133286
002195	91825.41	95096.2	2807.43826415
000718	-14861.09	13441.58	-52.5077316027
603898	47710.37	67182.12	245.023534094
601000	12076.98	17590.56	219.040623334
601888	41397.45	68408.69	153.260087282
02018	28064.26	39914.86	236.817207568
600060	-32644.74	59980.67	-35.2438278006
000059	-15829.7	18115.7	-46.632828012
300284	-12615.02	16370.77	-43.5213944488
603366	3415.5	16688.16	25.7333496074
300406	4413.92	13705.32	47.5054351336
603703	-31903.96	65251.76	-32.837963632
002643	-4484.57	12939.32	-25.738052754
600436	32445.38	59154.22	121.478057452
002175	24060.94	110183.3	27.9380871588
002421	-19384.93	65602.39	-22.8092025963
002053	-11.54	46046.27	-0.0250554683343
002573	7462.03	52820.89	16.451096875
002838	11925.63	11928.75	382231.730769
000998	-33030.36	80426.28	-29.1127606106
600500	21255.93	84136.11	33.8038631569
603377	30489.73	86831.89	54.1153019338
600804	-38026.11	82542.97	-31.5388572261
002480	8713.65	24153.49	56.4361418253
002047	14876.18	34324.57	76.4905475466
300279	-17108.01	37023.63	-31.604455361
01093	3346.2	11480.8	41.1353969464
601288	161564.56	603235.86	36.5802713466
002332	4695.68	57453.67	8.9004148945
300351	-3294.2	22482.71	-12.7796543496
02238	17368.09	94411.37	22.5432899534
600511	28712.55	73494.21	64.116761192
002595	13759.6	15054.45	1062.64046028
002398	12448.08	31132.43	66.6230294337
300393	16611.08	38438.36	76.1023819734
603939	13690.37	51690.51	36.0271567421
600750	61165.77	70603.75	648.081157197
02382	15240.91	30756.94	98.2268660218
600985	27313.32	27313.32	10000.0
002244	15581.38	15755.88	8929.15759312
002358	-528.51	22573.95	-2.28767845502
000821	3605.47	44677.18	8.77847550053
600306	11281.25	11470.24	5969.23117625
03888	11818.47	35613.07	49.6687063451
600452	-1306.25	37868.32	-3.33443353686
002479	13335.06	23818.5	127.20118587
600682	-3782.39	71555.58	-5.02056267245
002727	-5224.47	19228.09	-21.365738393
600195	-7094.55	23924.18	-22.8718261515
000709	-4658.13	37350.42	-11.0885284067
002060	23593.44	23593.44	10000.0
002410	2564.3	15431.89	19.9283626538
002400	-4867.3	98682.1	-4.70046180857
000970	49602.68	58274.67	571.987283196
600155	-29933.21	28851.35	-50.9201906079
000948	2565.67	18441.17	16.1611917735
300244	7614.29	61506.03	14.1288627905
300456	-41513.17	77969.81	-34.7440028697
603686	20614.57	40743.27	102.413817087
002624	10940.5	42963.14	34.1648908397
002245	-768.84	11217.15	-6.41448891581
300316	18365.63	78590.1	30.4952953509
300231	-16490.68	18422.83	-47.2329479333
002372	23428.73	30549.47	329.021000626
000778	-3745.0	20740.49	-15.2947725367
603678	-990.97	39969.2	-2.41935031031
600485	9832.01	15051.93	188.355568668
600208	13825.83	27456.09	101.434822226
601766	40703.51	114149.89	55.419354909
002599	-17019.0	29193.79	-36.8274670281
600308	13538.42	13671.16	10199.2014464
00902	-2308.62	9215.26	-20.0333568208
002705	15429.23	30767.92	100.590272051
600197	24231.9	24502.84	8943.64065845
300323	6377.78	9770.01	188.011426112
002497	16126.21	16126.21	10000.0
000032	18140.86	18140.86	10000.0
600987	4190.64	12904.72	48.0904467253
603108	852.48	70731.69	1.21993365409
01299	21778.05	35238.98	161.787112777
002462	-18472.47	59199.27	-23.7827426037
002567	25964.53	51436.36	101.934293688
600062	41084.32	127476.71	47.5554849218
603008	54585.15	122966.96	79.8240789473
03988	14269.83	55119.61	34.9324525126
000567	5514.88	114462.35	5.06196243015
300054	45408.63	151496.26	42.8029450747
300100	-39482.29	19713.28	-66.6980485195
600635	10684.51	11420.37	1451.97591933
000425	17086.38	73273.71	30.4096670904
300383	31360.3	38787.39	422.242089432
600873	66741.09	79041.57	542.589313588
002570	-21256.13	21909.12	-49.2436161032
000403	-20173.72	119627.85	-14.4302528219
002583	31409.18	104713.29	42.8477748383
603816	16278.42	18315.94	798.933016608
002076	16474.89	16866.99	4201.7061974
000404	-8467.87	11010.94	-43.472214165
300214	8840.84	18375.29	92.7252227449
01398	54119.13	85654.38	171.614716864
600117	16480.19	16480.19	10000.0
600461	14336.44	32940.74	77.0598195041
002666	17894.63	17894.63	10000.0
600681	-3057.99	57272.19	-5.06875663225
600735	7557.52	22321.14	51.19015526
300302	-14778.37	34941.06	-29.7235306197
002675	7692.88	30289.19	34.0448506858
600389	-4039.69	36404.12	-9.98840119168
600153	38828.1	45698.07	565.185874174
600792	13767.84	15805.06	675.815081336
600198	6809.05	10142.67	204.253934162
002390	-35425.58	38612.77	-47.8476087055
00939	52760.05	110710.52	91.0433513309
000768	52090.82	389413.71	15.4424207619
601919	23065.97	28529.75	422.161397421
601799	15633.52	23105.18	209.237572373
300447	-10004.15	13629.64	-42.3298590704
002049	-20278.0	39923.49	-33.6835516862
00388	-7016.97	11816.93	-37.2571267767
000630	-3434.2	57786.26	-5.60956255474
600664	18406.45	32569.53	129.960785366
300021	18888.67	23956.98	372.681820962
600600	6126.76	11647.78	110.971523378
002431	19962.63	19962.63	10000.0
601628	91113.36	266578.01	51.9269037952
600219	13118.7	15211.15	626.954049081
300567	-1603.41	36370.66	-4.22238121961
300226	-5440.19	7075.59	-43.4666477039
600392	25597.17	25947.89	7298.4631615
000925	10783.69	62585.49	20.8172109849
000411	-4083.47	19058.43	-17.6453532337
300009	1319.66	13615.15	10.7328784782
300064	-18404.12	7247.45	-71.7465636606
600352	9005.81	36069.69	33.2761230097
600864	-731.68	58434.06	-1.23666162208
002223	-34057.56	30236.84	-52.9712696596
601601	74014.87	97865.9	310.321482972
000869	1641.76	7851.54	26.4382957206
300337	-103.7	14456.01	-0.712239460813
002258	-14628.14	11152.25	-56.7413448749
000070	-36976.39	6954.25	-84.1699324207
600742	-5309.79	19300.2	-21.5757503355
600845	896.03	7335.56	13.9145248178
300202	-42183.97	6472.72	-86.6971633294
300017	-247587.51	28850.92	-89.5633468907
002247	-14745.65	23188.72	-38.8714772382
300088	137.99	5862.69	2.4104319877
600458	19089.76	43299.77	78.8506902723
01928	9564.53	18089.53	112.193900293
600691	-7362.78	15987.92	-31.5313031301
000997	15571.66	32252.77	93.3490637014
601688	11058.57	257769.58	4.48239825211
600731	4949.14	11888.8	71.3167503883
002831	6198.17	6274.97	8070.53385417
002739	16755.71	105813.93	18.8143329162
300116	11341.4	11341.4	10000.0
300340	2712.55	76901.8	3.65625747666
603799	-7474.27	42397.2	-14.9870657512
300310	22167.81	67788.54	48.5915284565
000597	13211.73	20337.61	185.404890343
300273	-19858.17	8392.44	-70.2928892509
002439	2648.54	150201.93	1.79497062046
601901	118.76	6511.19	1.85782245562
002188	1839.08	45782.92	4.18506894254
002426	-36882.94	118995.41	-23.6613615682
600888	6462.76	7863.42	461.40819328
600085	-29268.32	54798.43	-34.8155721495
000938	3493.58	10514.82	49.757307826
600597	3085.68	14701.78	26.5638209037
002308	23384.86	69893.52	50.2806574087
600879	42327.68	156620.51	37.0344141448
002026	-13650.06	6527.27	-67.6504770453
002637	5952.71	5952.71	10000.0
00371	16601.3	47948.85	52.9588436736
000608	-3521.65	5536.99	-38.8761447635
002554	31.36	32931.23	0.0953195255787
300274	-5670.35	24447.5	-18.8272071214
002036	8983.9	32767.3	37.7738254413
002738	15212.23	21268.26	251.19145711
000550	-3093.91	16448.81	-15.8315219171
600509	4812.78	5850.22	463.909238125
300106	-1770.68	11571.49	-13.271304443
600027	12949.93	13999.33	1234.03182771
000980	-5398.23	29589.61	-15.4288747176
300012	-41169.48	131737.3	-23.8102172743
002387	939.95	20322.15	4.84955268236
300258	30811.46	36683.92	524.677222152
300204	-2729.83	5798.63	-32.0084751526
600963	23047.6	58331.66	65.320147398
603579	7719.46	7719.46	10000.0
600285	-6814.96	33762.59	-16.7949026001
600686	-13949.64	23564.92	-37.1846024584
002250	-6355.62	105911.28	-5.66116994412
603368	6169.82	28492.75	27.6389344947
600420	-10345.86	21069.94	-32.9320278331
600015	-7739.77	172835.31	-4.28617835861
600586	2892.18	6784.08	74.312803515
600267	15944.7	64772.09	32.6552371528
000919	-4594.11	48564.94	-8.64219733046
600990	48746.26	115900.69	72.5883013228
600456	26353.39	29741.34	777.856520905
600050	19534.46	89192.43	28.043395465
000829	8077.12	11731.15	221.046898903
601991	10134.01	10134.01	10000.0
603018	19740.03	26560.88	289.407185321
002024	-15150.83	49084.11	-23.5865869883
601377	39239.04	152151.79	34.7516467361
300224	8350.27	10153.97	462.952264789
01112	4323.78	4323.78	10000.0
603040	8871.27	8871.27	10000.0
600535	-16498.18	97535.86	-14.4677676946
002085	11515.49	78478.62	17.1967618598
600192	6743.22	6743.22	10000.0
603601	2348.07	18874.37	14.2080804536
002600	-2151.68	5109.58	-29.6323227649
002202	-32200.28	131332.59	-19.6904023026
0371	2066.95	2066.95	10000.0
02388	3136.66	15734.16	24.8990672753
002468	-11046.04	23188.13	-32.266124752
002394	-13055.78	8853.82	-59.5893124475
300238	-8528.5	16504.93	-34.0684436771
603515	3888.72	3888.72	10000.0
000899	7775.82	7775.82	10000.0
600855	30765.85	91272.43	50.8471144791
002449	10677.96	14661.96	268.021084337
300568	22054.69	34764.0	173.531765296
000039	4041.43	4781.01	546.44933611
000725	53583.05	157809.06	51.4104396782
002765	25583.49	25928.45	7416.36421614
002020	4226.4	4226.4	10000.0
000705	-10256.43	3902.94	-72.4356380263
02899	3686.4	3686.4	10000.0
300463	4689.31	11683.16	67.049050237
300025	2909.95	25400.71	12.9384244908
600581	7051.05	7051.05	10000.0
600054	18131.72	31848.05	132.190753649
600072	10102.49	23835.53	73.5633916453
600784	3787.67	3787.67	10000.0
600372	-42384.99	5558.87	-88.4054600527
600000	-27776.35	378099.19	-6.84356342341
002013	-134884.25	14180.28	-90.4871534496
002414	12047.8	44048.0	37.6491396929
603737	3668.14	23139.46	18.8386817124
002003	-8573.57	4925.15	-63.5139479891
002074	20825.94	31608.79	193.139476113
300347	5826.62	35079.76	19.9179301778
603005	26023.85	26023.85	10000.0
002078	-40033.77	27064.38	-59.6644914949
600856	30245.7	81544.5	58.9598587101
603288	13698.87	14590.65	1536.12662316
002222	-5369.28	5470.49	-49.5331543012
000606	-3679.42	1931.56	-65.575354038
300257	21725.92	38408.95	130.227662481
000799	13489.53	13489.53	10000.0
601669	-24657.18	13812.08	-64.0958001272
300229	4237.12	4237.12	10000.0
600315	13629.81	26164.64	108.735499404
000860	12929.78	75997.99	20.5012636319
600425	3056.51	3056.51	10000.0
600466	8299.55	8359.89	13754.6403712
000952	-535.95	22803.66	-2.29631086381
601965	-17731.03	10919.61	-61.8870293997
300588	3504.5	3504.5	10000.0
000541	-1351.36	1659.39	-44.8844972183
000923	2575.0	2575.0	10000.0
002680	-18494.21	20808.79	-47.0554665038
300306	-14612.0	3166.75	-82.1880053435
002383	-2692.0	18291.63	-12.8290481675
002777	-8828.63	8617.14	-50.6061354701
000035	-3678.76	26877.3	-12.0393794226
000887	-23330.05	17512.32	-57.1221748395
000401	-33170.83	16239.46	-67.1334452803
002562	2416.41	3193.26	311.052326704
300275	10832.42	11084.7	4293.80846678
000402	12658.77	23676.04	114.899335316
002396	10705.71	17384.73	160.288635159
600502	-2457.66	35377.24	-6.4957486342
300303	-2565.24	13114.01	-16.3607315401
002294	-14487.53	11642.95	-55.4430305146
002833	13270.89	13275.72	274759.627329
000756	3041.36	3386.72	880.634700023
002182	-3753.14	16554.95	-18.4810092924
601058	-14775.24	9688.4	-60.396735727
002638	11089.86	16066.32	222.846360666
603996	6797.13	6797.13	10000.0
300263	-16864.7	3843.83	-81.4384217518
300031	-2448.32	16080.09	-13.2138699435
300101	25604.91	25604.91	10000.0
002541	-15.14	8403.38	-0.179841587357
600004	11021.19	15787.08	231.251455657
300084	-6517.19	2244.36	-74.3839845689
603017	-6279.48	2209.33	-73.9736193883
300317	-45947.37	17134.58	-72.8375866631
000807	19081.84	55748.83	52.0409229119
600011	-2318.1	6898.2	-25.1521760359
002601	16651.22	17132.3	3461.2164297
300033	55985.79	158973.15	54.3618071189
002430	23094.55	25230.7	1081.12960232
000417	12724.18	12724.18	10000.0
600834	-87.01	3889.74	-2.18796756145
600527	-28968.19	20896.19	-58.0939540409
000822	-61.9	3322.09	-1.82920162294
000888	19178.41	22161.18	642.973142415
601595	-3494.72	1011.81	-77.5479138051
601677	675.15	28726.83	2.40680772061
002564	30958.47	57650.57	115.9836431
600667	-19950.08	21274.35	-48.3938286109
601225	54287.23	66555.46	442.502545192
002314	8889.63	8944.72	16136.558359
002048	-32235.39	60925.99	-34.6016664845
600768	1639.72	1932.76	559.555009555
002609	4280.52	18266.46	30.6058799051
300061	-10109.1	36272.19	-21.7956421652
600702	-7083.1	14202.69	-33.2761903599
600498	-65670.42	46367.51	-58.6144531589
601857	2007.58	60609.64	3.42578400828
000002	3790.04	122026.58	3.20547269059
002709	38918.14	42699.96	1029.08493794
300545	4668.38	8743.88	114.547417495
603626	19354.83	19354.83	10000.0
600926	4567.92	4567.92	10000.0
600718	18593.5	68682.83	37.1206801928
600138	-16993.1	48879.07	-25.7970854763
002341	-47657.3	13034.67	-78.5232379176
600751	29716.28	31457.97	1706.17503689
002029	-372.43	3279.99	-10.1968010251
601998	37077.86	73016.7	103.169328782
600031	17407.16	50673.1	52.3272752852
600827	-4176.42	6265.4	-39.9970503226
300113	-9036.15	83593.36	-9.75515254264
002611	28819.21	64764.42	80.1753835907
600966	13701.9	13701.9	10000.0
000429	16048.03	19746.93	433.859525805
002521	616.22	2189.36	39.171338851
601211	33678.19	326305.96	11.5088837946
600998	-28801.45	59523.02	-32.6086870377
002399	17768.09	35081.02	102.629017734
600489	14776.73	129747.46	12.8526017013
601666	8482.75	15458.13	121.609862115
000529	-1593.22	4438.43	-26.4143310703
300183	-6673.22	26274.5	-20.25396598
03311	-4720.15	2643.28	-64.1025989247
300432	3445.03	3445.03	10000.0
002022	-2612.6	3614.57	-41.9548526859
000848	966.38	6363.32	17.9060727005
000965	10.0	1344.0	0.749625187406
02318	2569.66	26710.84	10.6443015627
600061	-3557.5	5588.56	-38.8965303092
002230	33380.87	88776.91	60.2585852707
300134	1287.72	1287.72	10000.0
002690	-15006.33	14616.53	-50.6579378223
002162	1261.32	1261.32	10000.0
000789	-3297.78	1260.88	-72.3409949415
600033	5186.6	5532.6	1499.01734104
00570	10337.62	12457.07	487.750123853
600562	21431.72	27383.26	360.103771461
00027	6275.49	10501.64	148.491889781
300078	-50051.07	8597.07	-85.3412742501
600419	6513.74	25041.13	35.1573535182
600837	-15881.13	409952.76	-3.72941899951
00494	576.23	576.23	10000.0
600327	-2319.98	3891.56	-37.3495139692
300392	1128.39	1128.39	10000.0
300180	45821.88	51650.93	786.095161304
600713	-19269.53	1076.6	-94.708576029
600399	6871.68	7912.03	660.516172442
600723	14409.35	16029.41	889.433107416
000519	37224.77	38536.87	2837.03757336
600816	-6789.85	12429.33	-35.3285103735
300294	-4974.2	5532.38	-47.3436646368
01316	1061.16	1061.16	10000.0
002270	3158.61	4154.38	317.202767707
601390	7228.27	84046.14	9.40962044378
002677	21107.42	22507.69	1507.38214773
00991	4570.33	4570.33	10000.0
601098	31489.45	129316.76	32.1888131239
002279	3155.24	3155.24	10000.0
002503	-566.04	21581.74	-2.55574147838
601877	57417.84	57417.84	10000.0
00867	-4560.23	490.57	-90.2872812228
600376	-6062.62	11949.45	-33.658652226
600373	28498.17	30704.0	1291.94770223
600565	-3831.22	33653.13	-10.220852169
002756	418.29	962.67	76.8378706051
300410	-29278.44	11468.11	-71.8550159461
300089	-5700.55	40747.37	-12.2729930641
01919	948.16	948.16	10000.0
600833	-3748.43	2416.41	-60.8033622933
601233	8707.12	41235.84	26.7674842416
000666	3027.37	29536.35	11.4201678073
000975	2364.16	69700.31	3.51098184259
600270	2816.23	6975.25	67.7137883444
002160	2257.04	2257.04	10000.0
000916	880.59	880.59	10000.0
002458	-54722.93	10312.89	-84.142753947
000951	-8724.55	37190.38	-19.0015535252
000504	12.5	841.0	1.50875075438
002376	25996.37	27430.93	1812.14936984
601231	4148.48	4834.93	604.338262073
300038	16580.64	38121.51	76.9729356335
300496	-10903.92	800.86	-93.1578380798
002701	-5780.18	37964.43	-13.2134678992
002002	-1354.46	3219.77	-29.6106667133
002766	981.49	47377.02	2.11548397012
600256	-8551.91	16504.77	-34.1302598748
600337	8030.78	27984.51	40.247011461
00981	-3088.56	380.48	-89.0321241612
300461	-21049.16	974.39	-95.5756905676
01336	5378.01	9017.84	147.754428091
000729	4673.1	6479.11	258.752720085
600919	-10161.44	13081.43	-43.718525294
03993	2197.29	2197.29	10000.0
600823	1391.06	37979.58	3.80190289195
000543	1615.2	1615.2	10000.0
000539	3232.45	5181.05	165.885764138
02386	4282.63	4282.63	10000.0
600637	444.25	27842.73	1.62144031348
300526	677.31	21519.6	3.24969089289
603868	4493.85	4541.65	9401.35983264
603306	8978.98	31414.79	40.020752538
00874	1744.35	1744.35	10000.0
00285	6143.11	6143.11	10000.0
002340	48440.07	84538.68	134.188186193
03968	13447.01	15151.29	789.014129134
300349	9890.14	14163.32	231.446838186
000930	-26121.03	15902.4	-62.1582531459
600745	983.79	983.79	10000.0
600132	5184.71	7961.03	186.747565122
600167	5320.86	5320.86	10000.0
000881	-8371.87	32285.14	-20.5914552005
02282	586.49	8799.6	7.14090034104
603611	-18169.75	1968.92	-90.2231875293
601600	6930.57	45152.08	18.1326431112
601555	-8851.75	14084.5	-38.5928388468
000878	36755.78	39031.68	1614.99978031
600771	-12535.9	29297.53	-29.9662255761
000678	-13103.15	781.44	-94.3718899874
300007	28779.17	29032.34	11367.5277482
000797	1412.85	1412.85	10000.0
000978	-5141.57	3749.18	-57.8305542277
300148	3264.16	7059.87	85.9960323629
603866	-8980.42	15237.2	-37.0821740534
600528	7724.66	15202.07	103.306626225
300219	8633.78	12595.55	217.927340557
000066	12603.83	13513.57	1385.43210148
600128	335.08	546.14	158.760542026
300141	169.26	705.17	31.5836614357
300299	8715.18	8715.18	10000.0
01186	539.86	539.86	10000.0
600894	1742.54	2552.85	215.04609347
00934	2296.6	2296.6	10000.0
603979	32272.77	32410.07	23505.2949745
002200	-10979.36	7117.92	-60.6685645578
000153	517.45	517.45	10000.0
00257	2332.72	2332.72	10000.0
002235	9747.39	20628.28	89.5826536248
601618	27645.47	29185.85	1794.71753723
000669	1086.66	1086.66	10000.0
000783	4126.31	32355.36	14.6172471266
000530	11018.9	17947.88	159.02629247
002146	13540.25	13767.9	5947.83659126
002004	-3295.57	32602.07	-9.18046423107
600594	-35676.86	94432.65	-27.4206397365
600055	-12257.21	16281.0	-42.9501710163
00392	556.6	917.22	154.345294216
600850	-2013.26	5389.49	-27.1961095539
000708	449.54	449.54	10000.0
300590	447.31	447.31	10000.0
002338	-26587.12	26377.6	-50.1977920397
01658	2562.17	2562.17	10000.0
00914	820.32	820.32	10000.0
601985	9003.81	19316.24	87.3102653788
300081	14272.07	32742.51	77.2697889168
300188	-5157.51	28820.35	-15.1790312868
000553	1440.88	1440.88	10000.0
601021	-12670.67	8572.99	-59.6444774582
603986	-5173.94	10147.49	-33.7693022127
300159	34439.55	134124.54	34.5483808545
000516	2710.96	11086.9	32.3660389162
300147	-7567.4	502.33	-93.7751325013
000728	-2750.43	6398.75	-30.0620383466
600685	-3642.13	11123.52	-24.6662354857
002087	574.64	924.64	164.182857143
600377	-4352.57	9296.44	-31.8892725553
002214	-3616.37	5670.42	-38.9410119105
002716	-3967.66	40426.6	-8.93732658231
000615	-10061.24	1450.96	-87.3963273744
600688	6038.87	20660.87	41.2998905758
600859	8967.99	9677.1	1264.68248932
000166	23927.37	131869.33	22.1668848704
000020	891.76	891.76	10000.0
300291	-5079.21	15513.12	-24.6655429473
002821	9783.77	12581.47	349.707616971
002090	8184.41	8184.41	10000.0
000983	10481.13	51892.27	25.309928681
002252	-25957.03	7131.23	-78.4478543145
601107	2619.72	2619.72	10000.0
601678	548.42	2445.34	28.9110769036
002463	5186.98	5265.3	6622.80388151
000415	2855.43	6543.55	77.422372374
600429	1222.54	1222.54	10000.0
600578	1748.82	1748.82	10000.0
600020	133.8	133.8	10000.0
002128	9077.44	11012.23	469.169263848
002101	-13845.19	2222.54	-86.1676789441
600383	-3284.96	5914.01	-35.7100849334
600105	-817.81	1372.97	-37.3296268909
002493	-1918.46	253.42	-88.3317678693
300498	91478.15	149963.03	156.413332814
601179	6758.99	19544.11	52.8660661769
600169	643.91	6573.7	10.8589005681
000027	4616.75	8463.47	120.017833375
601229	9452.38	10984.67	616.879311358
002174	29314.28	29614.49	9764.59145265
600801	-1591.12	260.53	-85.9298463533
300362	-8253.82	7571.65	-52.1552914384
600151	-2075.16	26974.9	-7.14339316339
600008	8.42	239.28	3.64723208871
600835	7724.04	11585.28	200.040401529
600486	17876.82	54302.09	49.0780713499
300152	19998.75	19998.75	10000.0
600775	1698.52	2791.91	155.344387638
600188	-8150.33	1676.82	-82.9368636889
603989	141.58	20464.23	0.696661114569
600708	-3037.85	37945.21	-7.41245285247
300312	-12027.03	184.12	-98.4921977046
600787	-13355.65	9511.45	-58.4055258428
600977	51881.72	56525.4	1117.25441891
603169	-1008.23	2430.88	-29.316596445
601008	3273.9	3273.9	10000.0
600255	-2565.29	702.58	-78.5003687417
000682	121.58	243.16	100.0
603833	862.92	862.92	10000.0
002351	2490.64	2490.64	10000.0
002204	2502.26	2502.26	10000.0
002669	-36348.88	166.89	-99.5429645876
600428	8466.71	20016.04	73.3091010474
300426	2608.28	19637.97	15.3160744558
000960	417.95	11532.22	3.76048089528
01530	270.95	415.48	187.469729468
600362	-7282.89	31689.68	-18.687220268
06881	95.48	95.48	10000.0
000792	2947.6	5793.25	103.582661255
601566	22087.13	44541.33	98.3652501536
02628	12443.53	34837.73	55.5658608032
00966	18767.53	20191.92	1317.58366739
000882	-1395.48	1784.06	-43.8893676444
002385	-1630.22	13615.83	-10.6927368072
002391	-3791.98	26739.21	-12.4200203137
002242	-10425.84	15162.36	-40.7447182686
002422	-7692.65	8352.87	-47.9426656163
600633	3150.76	16360.88	23.8511080899
000697	187.29	7515.67	2.55568079166
601228	508.21	508.21	10000.0
601366	266.76	266.76	10000.0
603768	193.52	193.52	10000.0
603727	38.77	48.18	412.008501594
603388	55.0	55.0	10000.0
603179	50.05	50.05	10000.0
603303	112.96	112.96	10000.0
300621	6.21	6.21	10000.0
603178	52.08	52.08	10000.0
603806	844.18	4052.62	26.3112291332
002172	9577.83	9577.83	10000.0