160212
160211
020003
580005
003593
580003
100056
001824
001543
161225
001487
001398
001349
001763
460007
002252
100026
001471
002555
002654
161611
001215
000061
530003
001322
519993
000173
001879
160627
121005
004448
162102
519008
121006
519068
003769
530012
470009
470008
100022
206002
519039
004091
001366
519115
260116
004092
002259
004694
001144
004748
160607
001125
002244
000264
070010
160512
000727
070022
620008
070021
519979
161616
161219
090015
050018
002345
519017
090004
410003
002340
004394
001759
000587
070013
001760
000531
002593
004224
002424
519002
169102
160603
001830
240017
169104
360010
004183
202003
001394
100039
166006
001886
400011
460002
210003
004231
040020
004635
004138
000936
003308
001822
004505
000880
202007
160505
070019
001532
519698
001150
002071
000496
050014
730001
519223
200015
002263
002170
519224
002553
001723
002326
003554
001323
001280
160613
001694
360011
519191
001740
519773
000619
001069
004435
320006
004434
001170
001799
260110
000279
040015
002142
519171
002772
530011
000432
050008
001680
519066
001827
003279
002803
000251
501032
001255
519959
002863
004496
570008
004497
000823
000083
004158
160918
519690
001037
540002
070099
290011
003717
100060
001152
000220
550001
000652
160105
519097
001112
100020
080015
000767
002577
000554
002663
169103
003494
161005
213001
002662
001986
519991
740001
260115
360005
002612
000031
000924
169105
004157
000263
260109
162607
000209
580001
519688
360007
001339
001219
000308
450010
070001
519772
233009
004320
673010
000612
000551
003580
050004
003396
519664
233001
206009
570001
530016
000063
004315
163411
519987
519069
002983
217005
004263
571002
260104
377150
690005
004314
001928
398041
393001
161610
000520
001972
090003
000926
000788
519665
001927
001181
320011
000408
001581
620006
519779
260101
003975
003974
004676
002824
090009
070027
002823
090016
180018
233007
762001
630002
001518
001568
001268
003598
481017
162207
001614
450011
360012
001731
001118
162605
700003
519732
070017
519736
163302
001967
001127
000462
165516
001536
519961
340008
450003
002251
004397
002303
290005
002256
004677
001060
002305
519929
002179
320018
168102
213002
519185
001902
001901
519013
001712
001758
233006
003131
002214
001954
519909
002562
004636
001809
001222
163412
000020
080012
161903
001252
162214
168105
163406
257030
000354
002272
004135
002605
003175
519196
001256
001837
255010
519767
002152
001990
040035
002449
001734
001735
519712
217021
040025
001056
004234
000410
460005
001244
002123
001297
002943
001075
002376
160106
000965
001220
217002
001500
001103
229002
519132
519960
002624
320012
001869
673060
004569
161038
003208
003513
163803
000977
001305
519702
004477
001732
121002
001515
004777
001445
001294
519176
519997
040008
519125
001808
000609
001102
070032
001979
000534
001741
003125
001371
002851
519915
004785
002408
000739
001218
003413
004065
000717
519029
001511
001985
400025
000601
481001
002919
000939
000772
001495
001030
519697
217001
519172
003550
260108
202005
002162
002264
180020
001702
002094
001017
001456
240004
000390
000589
000566
002634
001852
001839
001897
004510
070006
257010
519113
000946
003241
420003
002938
000945
112002
000935
004166
002686
003242
001540
020026
002685
519120
470006
450002
003835
163402
002443
519212
519035
160314
004249
378010
001210
001272
519995
040005
001225
360006
360016
002182
162201
470098
001754
210005
001978
003456
002567
003655
200007
460001
001708
002955
004456
000993
160812
161222
001142
162006
002989
070002
002482
160805
003292
003954
000870
200008
620002
110002
290012
002583
001513
240001
690004
004768
110015
001815
001141
673100
350005
320003
519173
161818
290008
050012
161706
200012
004099
001742
288002
000663
000584
002653
002173
001327
003501
001224
481010
002967
519983
110005
001604
002808
519139
002031
001437
004357
519087
001328
002451
340001
003333
001883
519918
000969
166009
002124
001701
000972
001679
004393
240010
002450
004236
002860
630008
161605
003434
100029
003435
519021
688888
671010
166001
000963
519003
200001
217010
001881
004908
004907
162211
519093
001829
450004
110010
002079
519700
004221
004244
519956
090011
070011
004212
003233
001306
590001
003147
002160
001875
580009
000967
002665
002664
519644
519630
519019
004898
004897
450007
001681
004783
350008
001301
121008
165313
001730
001463
002082
398051
004000
519957
001874
001053
590002
161609
001468
001662
320015
270022
004250
080001
582003
001300
519158
000757
003293
000527
090018
460009
002072
001438
001281
020015
001891
690011
166020
003714
003713
530001
530006
002097
001673
519089
580007
002098
001810
001279
519001
200006
001674
001140
000698
257050
519642
001088
002580
690003
001970
003132
003715
160519
004536
001004
519170
160813
161601
001128
410007
080002
481008
519110
000877
003378
340007
003846
003845
160215
020001
002036
002944
001287
002011
519908
000278
090013
003751
000690
002731
001479
530019
001179
002730
001606
002084
002708
000743
001657
050026
001071
166301
590006
519183
003704
003958
000591
590008
004112
000557
003957
001182
610002
000796
001709
000878
519710
519692
000646
003284
610005
240008
001298
519195
001074
002692
210007
770001
000556
270002
004233
620001
001491
001417
217009
519133
001384
002594
160910
050022
166011
000535
002196
002045
420001
001888
002536
001000
000136
002535
000747
000595
213003
001385
519181
487021
001174
202009
519756
000598
090007
630010
002070
004641
002069
001263
002372
400032
001120
001173
169101
519629
001121
001106
002599
519778
001320
001227
001307
202011
001348
003906
002598
163001
001239
003351
180013
002161
000794
610001
001882
750001
257020
001667
002028
550002
162205
004139
001198
000547
000892
004232
003238
550008
166002
003352
001633
001634
519655
166005
161233
240020
001885
213008
001564
400007
202023
000011
000574
004237
002383
213006
481013
001448
210004
000001
002850
270006
000953
070003
004260
270007
000172
519150
004148
000966
000480
003343
320007
004522
004521
290004
519165
501028
270041
000879
001910
519130
000241
004649
160311
001143
003344
160518
501026
040001
160921
270028
180031
257070
110012
000706
001892
288001
004512
166801
260111
002270
002559
003940
004513
398011
620005
002085
001966
002558
000433
690001
450001
004670
168103
003658
003738
000762
002465
002083
233011
002339
519694
180001
410006
050001
202019
002038
002037
003154
001744
163503
005050
004351
004287
001489
002192
161224
519949
001196
161606
000532
673043
001488
560002
002040
001276
510081
002545
210009
002541
002540
005049
720001
001997
540003
001951
090001
050010
002062
001464
002039
004481
002110
167001
001275
004659
470021
003027
003232
003026
001352
004660
002418
004006
004005
001345
620004
530005
000845
162203
004206
004740
003970
003804
481006
002041
003971
001838
320005
001716
000634
000199
501035
481004
000954
001955
002732
003803
001498
166023
260117
002715
004646
660006
000057
001603
202027
001347
080005
002133
001315
730002
004358
001622
004592
690007
002134
168104
003951
210002
150103
004987
004209
161810
630016
002172
690009
000825
160642
000824
519018
002067
003950
004737
001310
000800
000339
519679
000029
002063
165512
002913
001247
260103
519099
000165
590005
000512
373010
001018
630006
003854
001480
000523
160324
350002
004747
002091
165317
003855
000062
002096
002095
519050
001321
580006
001574
050201
003567
000684
000511
000928
160916
000995
001314
002181
004558
004559
002931
001379
001861
673120
003581
002177
001059
003560
161834
002119
004142
001896
002118
002004
000994
003582
003559
001965
050009
002003
000367
002597
003231
004156
180010
003397
001856
270005
550003
002683
001296
002178
519704
210001
004155
310358
001537
377010
004143
253010
002055
002837
240011
202001
002075
001688
001700
001650
002006
001721
002016
002015
002330
002000
002005
519652
001823
001765
002810
002727
001192
673040
000843
002157
202002
001278
110009
003230
002360
540004
001683
001159
002370
000929
398061
519962
003587
000841
501001
160610
004253
002639
001656
003586
000930
270021
090006
001189
002042
000336
004480
000218
001260
001254
002313
630011
004150
002963
003592
003591
000307
400015
001609
002729
004096
001610
000056
002728
001983
002374
501000
002547
001484
001365
000654
003840
003839
003858
000215
001811
519626
002610
003857
519625
660001
004149
000217
000865
001333
110013
001362
004359
000216
002297
000522
001326
000017
001217
001325
002611
005117
005118
004360
003143
320001
001425
002061
000849
001659
003142
001424
001635
121001
001533
710002
001887
001197
398021
160611
003843
003842
001636
000850
001076
000417
166019
000477
002053
003251
000538
003250
163415
001007
004396
004235
000805
519091
161232
519615
001939
000844
003831
001475
004011
004010
610007
003275
004355
020022
040007
519614
519157
350007
004375
004374
519613
001209
310328
270008
004391
003736
004390
001850
003276
003755
004252
002187
003754
233008
001431
002104
501017
001221
501015
002849
003685
040016
003684
002497
001331
519670
110023
240022
163822
001332
162204
001342
002207
090020
630005
003828
000452
002434
002261
002262
003191
002105
050007
001302
002132
002146
001933
001648
001682
003190
002225
001880
150968
002604
002539
002538
001470
002049
002623
160323
003476
002103
519175
519650
519649
210006
000398
002574
080007
519221
002425
003248
003224
001524
003216
003215
673020
519222
002024
002080
003105
001816
162703
002141
002319
001813
003437
217013
002726
002165
003436
001408
001259
002695
003918
001596
001801
002164
001640
002023
002769
001154
001265
004429
003883
003882
001654
163409
001205
002563
002147
519156
519646
519765
002221
004715
004713
519764
004714
004712
002233
519769
519771
001116
002494
001770
519768
002026
001866
519760
165527
001115
004385
000585
001119
003025
001343
002314
003225
519781
004666
002820
001722
002819
003044
519653
001419
001665
001786
002030
003247
001286
002301
001359
002771
001400
002770
002561
001664
002696
001285
002227
001789
001402
519752
002043
003283
001399
002020
003919
003915
003914
001430
003320
519971
001503
001334
003319
110001
000508
001433
001499
001444
002228
165526
001443
519761
001253
233015
002328
003641
003045
001231
001620
000507
003663
002025
002156
001393
000117
003756
003757
003946
004604
004605
001412
001505
001695
001392
003917
003916
002021
001202
519963
519651
002093
003373
161722
002307
002092
004114
004113
004015
000976
000414
001406
410009
350009
002923
001337
001203
400013
002112
519738
003750
004269
004268
001336
003945
001226
001216
570005
001135
001687
519759
001204
004004
004003
001686
003374
003029
000664
202212
004573
004013
001405
004012
004014
519062
168301
002910
004284
168101
001147
000219
000458
003780
001146
004248
167002
002485
001267
610004
003942
003941
373020
003802
000940
003821
001229
210011
000294
210010
003028
000886
004549
004916
080008
004774
002001
519228
519229
003944
003186
001266
004259
003235
004258
000314
002911
003234
002784
002190
002783
002106
003801
003353
004036
004037
003820
540001
519127
003967
004514
003966
000065
004132
003943
004131
519634
519633
519623
001014
003354
004050
420005
003698
004281
000550
004081
003412
240002
001373
519624
000121
003161
003913
003862
003912
003861
003170
003169
310368
310308
001453
168108
003368
004082
004084
003496
003739
003367
004129
004083
003411
519617
320016
003781
519616
004115
004147
004145
003295
004144
004442
004455
003282
002111
002557
003556
003693
003555
003433
003432
003692
161226
000567
003346
003345
001798
002035
002833
750005
002699
002009
001454
000178
000021
001191
002014
004905
002013
001324
004634
004228
001190
004227
003495
002862
004298
004297
003887
004312
004130
004327
004326
001493
002914
003886
004413
004207
003763
004208
004074
673073
004146
003762
673071
003144
162414
002774
002773
003895
002018
002368
002019
003689
003690
001753
001492
519015
003890
003889
002834
002010
003694
003695
002700
002835
001924
003800
002250
004495
003595
519134
003033
004335
003064
519951
003120
002908
004846
004845
004702
000904
002159
003291
004119
162718
001806
004517
000887
001261
002462
002435
160521
002226
002503
002502
501022
004518
004337
004423
003477
004305
004303
004304
004311
004310
002051
002431
004519
002602
004308
004313
002058
002430
004309
001411
020005
001803
001743
160520
002057
002203
001706
001802
002413
003104
001356
002410
000125
001720
002154
002331
001715
001746
003749
001447
519727
003106
001264
002327
020009
002158
002822
002515
003773
519612
003772
003896
002120
673081
002821
002369
002409
002582
002627
001262
002371
002116
001169
002643
002626
001710
001796
003602
003118
002388
001797
040011
519611
002941
003601
519610
003667
002130
003305
002836
001639
003304
004154
001570
001304
002117
001580
003117
004153
002518
001757
003962
002047
003799
003961
001485
001756
002089
519770
001846
001755
000672
002498
002942
003594
002102
001923
001139
002211
002659
001566
001567
001670
002660
002793
001507
001535
001423
001904
001506
002309
001273
002792
210008
000708
001422
001311
001194
002375
001517
673030
001413
001183
001504
001844
001782
004648
680001
001571
002668
002581
001168
400023
004336
004339
001249
002514
004338
004306
003924
001201
700001
004299
004300
519755
001601
003604
001206
004587
003031
110025
002090
002100
001207
673083
001446
001427
001671
001530
004361
003030
003001
001335
040004
004048
002101
519627
519969
001330
001762
001623
003000
002099
519628
000573
001510
002416
519620
001508
519177
001607
001761
001547
003446
001841
001598
000530
000597
001123
002527
001329
001122
000362
000689
002417
002068
001597
003140
001772
001704
000363
001474
001228
003141
003122
001602
003925
003697
000190
003603
004588
001316
001608
003380
004362
003379
151001
003735
002322
001289
001773
003734
002052
003642
003447
000714
519619
002017
002059
610006
003153
001769
003152
560006
000526
004827
003166
660005
163809
003849
000695
002186
001283
001284
570007
167003
003626
001338
003484
000763
000214
001494
001271
000571
001270
001185
630015
001903
002838
400018
168107
003149
003148
168106
004828
004829
003165
004728
660012
003848
004595
100016
003485
003503
000436
003923
003502
160624
002029
003885
003798
003922
003884
003561
003562
002809
002455
004353
002148
001387
001110
003300
002366
002767
001111
001067
001164
160421
165508
001380
004729
167004
004489
003830
001483
003797
004266
002365
001250
001165
519011
710001
002533
004944
004948
004202
004468
161835
004182
050029
003666
002433
002294
002027
002076
001522
003686
003687
004047
002060
400003
002174
004046
002671
004023
003878
003877
501027
003491
003490
001318
400001
004116
350001
110029
004009
004008
005155
003779
005089
004871
005088
004775
003992
003991
003778
002513
004741
004321
004094
003158
003964
003062
003415
000110
003414
001940
180012
004745
005154
004951
004340
003116
002155
003959
002670
004868
003063
004316
003182
003183
003058
000753
000754
004302
002934
003806
002935
001647
519020
519022
003993
002853
580008
260112
420009
004128
020010
000590
160226
570006
160220
000120
000572
001840
070018
000639
001864
003620
001355
000679
001984
162212
001942
000932
001943
001295
002373
001389
001136
001466
001303
001727
002163
001418
001290
002273
001388
000667
000933
001572
002222
001501
001467
002854
001390
001407
001414
002129
165528
001502
002212
002323
002312
004492
002149
002575
002136
001370
002516
002576
001845
001538
002237
001582
002290
002081
001777
002619
002618
002517
001029
002007
002411
002131
001358
002064
004560
001585
000822
002144
003805
001312
001148
003057
003036
001711
003187
003035
002034
003493
002135
003512
002617
001724
001675
002791
002194
002033
003332
002046
004301
002087
002088
001851
160522
001676
673050
001745
001947
002780
002153
002845
002054
000166
004454
001778
002128
002414
002614
001998
002615
000256
519640
002694
519641
002436
003115
519647
004317
161727
002461
004040
004508
002495
162717
001807
001771
001817
001818
002384
002180
002620
673110
004491
004110
004561
180028
004111
001382
002496
001780
004490
003119
001834
519618
519621
005119
002317
001377
003256
003960
003257
003462
164403
001068
001415
000986
001184
004076
001775
004041
560003
206001
168401
002655
003850
003851
002630
003403
004225
004279
004226
004280
501003
660015
002631
400022
002193
004019
004175
004018
002114
002115
004223
398031
160722
004176
003516
003272
169201
110011
001381
003271
162202
001172
002939
004289
001429
270025
519678
004100
004205
002871
002779
000541
002666
002667
020023
002778
398001
000242
002564
003095
003096
001584
519056
002231
002232
290002
002616
163801
519656
004453
002056
200010
001403
001378
377530
002191
519668
001791
001792
001341
000124
001457
004341
001959
001534
001569
163804
519007
550009
000039
000273
519126
002804
519025
310388
000259
519657
519095
001073
000167
370024
519672
290006
290014
003597
003596
410001
001156
001641
004189
002831
002968
000545
000603
630001
001340
660003
257040
483003
160605
660004
240009
121003
519674
163810
270001
000742
163805
001449
001364
001563
481015
270050
004068
003659
004067
001565
000423
377240
000529
000127
001865
377020
660010
162209
200011
000404
000073
002189
163807
370027
000431
001795
375010
217012
206007
001005
003670
470028
000755
379010
000328
002669
580002
001157
163818
519005
590003
519026
519033
184801
000970
001309
002746
001357
001376
003955
000894
505888
000992
001728
004278
160525
003901
003900
003632
001615
003782
003633
003783
003856
003326
003404
003980
003807
003610
003808
003405
003981
003611
003355
002846
003784
004064
004283
003356
003362
501038
004451
004436
004219
004452
003350
004437
004276
160524
004277
004380
004165
004378
004328
519227
004379
004329
004381
004412
004411
003541
003509
003813
002801
004551
004245
003508
004552
004457
003150
003004
003151
004534
004535
004443
004218
004332
004444
004466
004946
004947
003938
004405
004406
005005
003939
005006
004525
004703
004265
004171
004172
165531
004986
004446
168501
004975
003760
003761
004965
004772
004447
004773
004966
004888
165532
004889
004958
004932
004101
004726
004727
004933
002125
004576
004883
004680
004475
004895
004884
002258
005055
004460
005039
005040
004270
005076
005111
005007
168002
004271
005000
002472
501042
501040
004671
001898
501041
501039
004935
501033
003758
003759
002844
003339
003340
003059
003331
001729
002269
002223
001890
001117
002224
001274
001395
002166
002437
002872
001774
003699
002839
003907
004095
001523
004051
004049