001645
001048
000778
001714
002595
000524
000471
540008
003956
001223
001577
001725
004292
003359
002236
001208
000761
519714
001685
003053
000978
003299
003298
000586
003623
003622
161037
003054
001899
001178
161629
001186
004070
004069
161631
002980
161720
161027
502010
001097
163113
160419
160919
003366
160133
501016
160633
001039
502053
001628
001036
004344
001113
002976
165523
001458
001070
501031
164908
501030
000082
004482
000974
004483
000985
162413
164401
001878
163110
004194
002316
001672
002311
004195
003647
003646
001521
004476
001050
001166
000577
519965
004858
160634
161017
160516
001188
003865
001416
001692
002210
003986
001242
001243
001553
001528
001552
070030
162107
000309
004193
004192
001733
000711
004870
161613
000950
001404
165315
001975
090012
164304
162208
519677
000248
004855
004854
519193
003318
002984
001064
160625
001054
165524
163114
000828
502036
000688
000696
000478
001591
001496
164819
004407
202025
002333
001590
003766
002332
000513
002510
003765
160222
003578
003016
161022
162412
502056
001825
001167
004075
360001
001245
002697
000866
519606
160637
002900
164907
004272
590007
004273
240005
001171
004347
002229
000697
002974
000942
217017
001917
001236
000729
002556
165525
002588
004416
001008
160223
000893
001421
002952
270026
160639
540007
001396
004354
161036
110022
000827
001043
000826
162216
162510
002656
004343
001593
160135
001042
003312
004410
217027
001592
161031
001133
002977
167702
000549
000916
004945
167703
001877
001044
161033
004744
001291
164820
240019
162010
001047
501301
320022
110026
160420
000409
519975
002621
003416
001040
001637
502030
502000
001766
165511
004593
163119
519931
519117
160630
001541
001455
000884
001410
000457
160616
001052
000831
001956
502023
004716
001736
161507
160626
001072
165312
000803
000751
450009
161628
002168
160224
001473
161612
540009
163111
160636
004450
003984
000176
002906
502040
003634
002907
001717
003985
001241
000962
206005
502003
004352
168203
002975
000746
001459
160422
001214
164809
160127
001630
540010
217019
002903
163115
000008
168001
162907
160119
004348
001028
660011
160137
000968
673090
162711
161118
004098
001629
050024
001632
001643
001600
002982
502020
001631
001599
001644
001351
001707
000756
001605
005125
001163
501029
160814
165521
001361
257060
370023
161726
206010
460220
004746
110003
001651
004345
202017
000628
003524
001277
000596
501006
163109
180033
501005
001193
020021
000975
001490
003017
003475
000411
001589
004851
004409
001588
003702
004404
001051
000780
001705
519935
004857
161025
004403
530018
001974
004875
160629
001015
399001
501009
001237
000971
001539
003876
001397
160806
161035
501010
050013
410010
161816
161024
004606
000594
001549
001469
001548
167601
161211
001550
001781
002979
161207
376510
502048
002978
001617
001583
000051
001551
320010
180003
161213
585001
001618
001426
004533
163821
004532
163808
161718
001420
002199
001180
161825
002385
001713
160615
001105
001027
470068
050002
160415
004616
161122
530010
000979
161812
001612
000059
501007
001230
001611
213010
161123
165707
164402
410008
000960
160221
501008
217016
001016
004408
166007
501002
660008
004191
004190
163117
164811
162714
740101
165522
002334
290010
001884
164818
002335
165309
160620
050021
481009
000311
166402
519116
502026
519100
004742
110019
202015
110020
000961
004342
160706
100038
165519
160417
519300
519671
501019
020011
320014
460300
481012
310318
240014
002987
200002
162307
004241
540006
270010
001561
001938
161604
004876
001560
004640
000955
001195
001677
070023
263001
233010
040180
519180
003262
165806
003261
000867
160807
001587
100053
004856
310398
001586
164508
161630
161811
100032
000373
519706
166802
003311
163116
163118
000613
001696
002300
700002
161227
004598
165515
001594
160635
161030
161029
340006
519673
040190
001595
501012
163407
501011
004597
110030
160808
160517
470007
001726
001616
000592
001126
004346
202021
001576
003492
165310
161121
000835
530015
160418
167503
160219
161607
004874
000656
040002
160643
167301
160638
519027
162509
519686
000376
000312
001915
090010
000313
502013
001718
110021
168205
004743
161907
001319
002310
002315
160631
399011
001559
001558
003579
161723
001104
001557
001556
162213
003745
502016
450008
003548
004643
240016
000418
003015
004642
161715
168201
001555
000042
001554
000913
161223
002973
001460
161217
000996
004488
168204
000368
003194
160136
001579
502006
501020
001790
000793
001162
160809
000991
161910
519032
001638
163209
001626
161724
161032
160716
165520
206012
004683
004484
004485
160218
001149
161819
164205
002386
160628
001009
002861
001649
001849
004698
003184
005112
161026
164905
690008
001409
540012
005106
001482
001663
160640
001542
164821
519034
161028
001476
003624
003625
160225
161721
003834
001719
160632
003145
000854
001158
001313
000925
161725
501036
501037
005063
005064
004997
501043
501045
004686
164823
004730
004784
005037
005062
005038
501303
005033
004996
005034
004432
004433
001764
001703
501050
501025
501023
002387
160322
002121